#  GS molecular orbital populations, spin channel : 1
#          time (fs)            |   population (orb 1)       |    population (orb 2)      |           ...              |    population (orb N)      |
          0.118525331998745            2.000074236451609            0.000001462134918  
          0.239469548323995            2.000075962135559            0.000000110142776  
          0.360413764649245            2.000071848727444            0.000003819043881  
          0.481357980974495            2.000072715744883            0.000001793682957  
          0.602302197299745            2.000064723415354            0.000007900263083  
          0.723246413624995            2.000063858904847            0.000006190675203  
          0.844190629950245            2.000059484029213            0.000007339252741  
          0.965134846275495            2.000049760727038            0.000013229158222  
          1.086079062600745            2.000050959937963            0.000007637556460  
          1.207023278925995            2.000035667954511            0.000018023966381  
          1.327967495251245            2.000032836739503            0.000015493514469  
          1.448911711576495            2.000025545430212            0.000017016621475  
          1.569855927901745            1.999999208438496            0.000037235168803  
          1.690800144226995            1.999996478588694            0.000033553515929  
          1.811744360552245            1.999964729471119            0.000058648262827  
          1.932688576877495            1.999948716426497            0.000067826325283  
          2.053632793202745            1.999939588279004            0.000069989032588  
          2.174577009527995            1.999888317081919            0.000114224317204  
          2.295521225853245            1.999889581594157            0.000105907527899  
          2.416465442178495            1.999846290176822            0.000142183733388  
          2.537409658503745            1.999832491368769            0.000149064579695  
          2.658353874828995            1.999838184506468            0.000136596431338  
          2.779298091154245            1.999794349241014            0.000173866131563  
          2.900242307479495            1.999826714851878            0.000135186209003  
          3.021186523804745            1.999806802897911            0.000149097558358  
          3.142130740129995            1.999815543368219            0.000134721922149  
          3.263074956455245            1.999839325984681            0.000105714154241  
          3.384019172780495            1.999820386910233            0.000119908578182  
          3.504963389105745            1.999864695710334            0.000071369424756  
          3.625907605430995            1.999862678942877            0.000069730596868  
          3.746851821756245            1.999850089217273            0.000079284480476  
          3.867796038081495            1.999858050500829            0.000068940332713  
          3.988740254406745            1.999822681624392            0.000102641062904  
          4.109684470731995            1.999844441009367            0.000079942427422  
          4.230628687057245            1.999839933574485            0.000084268760098  
          4.351572903382495            1.999820649931581            0.000104153173037  
          4.472517119707745            1.999854354840203            0.000071826321326  
          4.593461336032996            1.999855631841417            0.000072732577060  
          4.714405552358246            1.999898822090646            0.000032504357455  
          4.835349768683495            1.999904418382144            0.000030636461779  
          4.956293985008745            1.999872139384267            0.000067395749263  
          5.077238201333995            1.999886869603819            0.000057850020978  
          5.198182417659245            1.999875089041971            0.000075480110494  
          5.319126633984495            1.999901652894223            0.000055355262610  
          5.440070850309746            1.999919003140290            0.000044957360058  
          5.561015066634996            1.999911217469128            0.000060144149043  
          5.681959282960245            1.999946619703103            0.000032497706479  
          5.802903499285495            1.999943280436243            0.000043855708590  
          5.923847715610745            1.999930792337207            0.000064529190211  
          6.044791931935995            1.999932249948357            0.000071316426604  
          6.165736148261245            1.999910255139131            0.000101517369273  
          6.286680364586495            1.999972746964523            0.000047082337851  
          6.407624580911745            1.999987982904137            0.000039643625089  
          6.528568797236995            1.999966133974042            0.000068952102541  
          6.649513013562244            1.999953086629719            0.000089035262630  
          6.770457229887494            1.999898755575273            0.000149886814522  
          6.891401446212745            1.999948814218252            0.000105774139391  
          7.012345662537995            1.999958083850451            0.000101794501321  
          7.133289878863245            1.999930168776700            0.000134314895390  
          7.254234095188495            1.999943830334036            0.000124526582147  
          7.375178311513745            1.999896776240347            0.000174659160009  
          7.496122527838994            1.999910997062100            0.000162741573647  
          7.617066744164244            1.999863033750348            0.000212219564102  
          7.738010960489495            1.999719581017671            0.000356414795533  
          7.858955176814745            1.999728375073365            0.000347610670457  
          7.979899393139995            1.999665419720918            0.000409756228495  
          8.100843609465246            1.999692483528167            0.000381174714370  
          8.221787825790495            1.999653666516548            0.000417775645093  
          8.342732042115745            1.999472793132839            0.000595768024621  
          8.463676258440994            1.999490075192939            0.000575004657052  
          8.584620474766245            1.999370312014396            0.000690670081030  
          8.705564691091494            1.999257414817820            0.000798978092199  
          8.826508907416745            1.999138605303543            0.000912744101039  
          8.947453123741996            1.998785842833795            0.001260042623931  
          9.068397340067245            1.998734558487499            0.001305540874698  
          9.189341556392495            1.998522226773948            0.001511750812918  
          9.310285772717744            1.998324881792609            0.001702756649773  
          9.431229989042995            1.998277330487482            0.001743776999152  
          9.552174205368244            1.997915426264929            0.002099005865147  
          9.673118421693495            1.997932903490934            0.002074783523262  
          9.794062638018746            1.997796315791965            0.002204557703018  
          9.915006854343995            1.997682830334415            0.002311263943513  
         10.035951070669245            1.997839453369670            0.002147894190633  
         10.156895286994494            1.997659348261801            0.002321371523701  
         10.277839503319745            1.997866739458563            0.002107492076283  
         10.398783719644994            1.997922402540289            0.002045515773679  
         10.519727935970245            1.997940486762623            0.002021386982887  
         10.640672152295496            1.998272063314551            0.001684013620516  
         10.761616368620745            1.998340880318033            0.001609778651414  
         10.882560584945995            1.998674222592890            0.001271377197237  
         11.003504801271244            1.998810359726764            0.001130594930210  
         11.124449017596495            1.998791617686867            0.001145214885973  
         11.245393233921744            1.999042139471004            0.000891089884808  
         11.366337450246995            1.999096514690842            0.000833764195314  
         11.487281666572246            1.999207648928680            0.000720301405259  
         11.608225882897495            1.999192072197661            0.000734192652793  
         11.729170099222745            1.999028020955226            0.000897328734939  
         11.850114315547994            1.999221781541222            0.000703377291057  
         11.971058531873245            1.999302295908110            0.000623460179403  
         12.092002748198494            1.999412246432368            0.000514828545046  
         12.212946964523745            1.999479362724030            0.000449747900889  
         12.333891180848996            1.999453592716053            0.000478372128429  
         12.454835397174245            1.999639846031173            0.000295728589434  
         12.575779613499495            1.999657313663341            0.000282610792529  
         12.696723829824744            1.999549951291724            0.000395014645300  
         12.817668046149995            1.999520662387261            0.000429975611596  
         12.938612262475244            1.999479378553052            0.000477567722068  
         13.059556478800495            1.999703531779223            0.000260219408181  
         13.180500695125746            1.999779771461251            0.000191192398640  
         13.301444911450995            1.999702746626971            0.000275788568021  
         13.422389127776245            1.999677691407667            0.000308694819591  
         13.543333344101494            1.999602480869061            0.000391954880003  
         13.664277560426745            1.999701098956566            0.000301459689173  
         13.785221776751994            1.999717922113272            0.000292709738249  
         13.906165993077245            1.999642714686890            0.000375876797600  
         14.027110209402496            1.999726909384965            0.000299409005381  
         14.148054425727745            1.999722578932846            0.000311104277698  
         14.268998642052996            1.999716423750648            0.000324224303823  
         14.389942858378244            1.999596692777789            0.000450460291570  
         14.510887074703495            1.999369976683797            0.000683157139897  
         14.631831291028744            1.999509954185971            0.000548550517621  
         14.752775507353995            1.999585420292682            0.000477701665223  
         14.873719723679246            1.999606229299489            0.000460819361807  
         14.994663940004495            1.999466447247205            0.000603814185402  
         15.115608156329746            1.999132171295410            0.000940518442473  
         15.236552372654995            1.999162842782074            0.000911517057740  
         15.357496588980245            1.999048276907636            0.001026935207583  
         15.478440805305494            1.998785092357413            0.001290306712254  
         15.599385021630745            1.998604105223932            0.001470817384856  
         15.720329237955996            1.998292754806184            0.001780903522329  
         15.841273454281245            1.998469471597514            0.001602253580887  
         15.962217670606496            1.998351225420569            0.001717861245648  
         16.083161886931745            1.997881372265241            0.002184532680894  
         16.204106103256994            1.997591449227257            0.002470771916993  
         16.325050319582246            1.997008661193691            0.003049283818723  
         16.445994535907495            1.996823843776778            0.003229436488297  
         16.566938752232744            1.996374699705669            0.003673512009930  
         16.687882968557997            1.995476001233251            0.004566864226769  
         16.808827184883246            1.995061607313615            0.004975710753921  
         16.929771401208495            1.994195183021187            0.005836311121842  
         17.050715617533744            1.993839242998443            0.006186325095367  
         17.171659833858996            1.993540696504478            0.006478787755927  
         17.292604050184245            1.992815834523276            0.007197520501329  
         17.413548266509494            1.992756354921343            0.007250854408543  
         17.534492482834747            1.992121677959340            0.007879347010847  
         17.655436699159996            1.992057532086976            0.007937374834623  
         17.776380915485245            1.992311892629258            0.007676900693461  
         17.897325131810494            1.992167217942735            0.007815597638998  
         18.018269348135746            1.992801851018504            0.007175052468170  
         18.139213564460995            1.992894759682860            0.007076359799944  
         18.260157780786244            1.993342182425617            0.006623325766775  
         18.381101997111497            1.994066310070942            0.005893715474912  
         18.502046213436746            1.994494215626538            0.005460643113562  
         18.622990429761995            1.995649616583561            0.004300281366781  
         18.743934646087244            1.996236662899154            0.003708593039344  
         18.864878862412496            1.996613748150813            0.003327222366829  
         18.985823078737745            1.997039497396103            0.002897575246723  
         19.106767295062994            1.997205786433785            0.002728040239986  
         19.227711511388247            1.997779568353357            0.002151572810266  
         19.348655727713496            1.997838995903144            0.002090057965162  
         19.469599944038745            1.997502373841393            0.002425264181147  
         19.590544160363994            1.997576467207794            0.002350418865253  
         19.711488376689246            1.997700491153992            0.002226494414123  
         19.832432593014495            1.998294156278200            0.001633563499375  
         19.953376809339744            1.998563970686746            0.001365073020066  
         20.074321025664997            1.998595649482469            0.001335415059448  
         20.195265241990246            1.998940647298415            0.000993169785009  
         20.316209458315495            1.999124516559146            0.000812882733378  
         20.437153674640744            1.999169158533778            0.000772511337753  
         20.558097890965996            1.998906652446907            0.001039912711649  
         20.679042107291245            1.998552151383643            0.001400012535476  
         20.799986323616494            1.998880487877639            0.001077839511886  
         20.920930539941747            1.999246663692062            0.000718286890289  
         21.041874756266996            1.999501896356091            0.000470004759764  
         21.162818972592245            1.999405261002914            0.000573898708996  
         21.283763188917494            1.999081201780624            0.000905561922902  
         21.404707405242746            1.999130539835971            0.000864044259589  
         21.525651621567995            1.999155125228039            0.000847332199389  
         21.646595837893244            1.999150002420720            0.000860311578753  
         21.767540054218497            1.999220690861312            0.000797350704496  
         21.888484270543746            1.999261850491253            0.000763661537104  
         22.009428486868995            1.999469279039146            0.000563336904212  
         22.130372703194244            1.999288821666393            0.000750484613736  
         22.251316919519496            1.998744122892481            0.001301529304621  
         22.372261135844745            1.998542778919475            0.001508795954078  
         22.493205352169994            1.998592996125792            0.001463838459537  
         22.614149568495247            1.999071999985543            0.000989409293729  
         22.735093784820496            1.999111012193083            0.000954253388510  
         22.856038001145745            1.998616871241265            0.001451586267396  
         22.976982217470994            1.998323938524444            0.001746983620729  
         23.097926433796246            1.998008077651316            0.002064438676938  
         23.218870650121495            1.997772364938543            0.002301105665276  
         23.339814866446744            1.997214797807715            0.002859067586028  
         23.460759082771997            1.996406744406747            0.003666907381732  
         23.581703299097246            1.996458357753983            0.003614415222796  
         23.702647515422495            1.996502545224883            0.003568513544607  
         23.823591731747744            1.996396795971118            0.003671996245180  
         23.944535948072996            1.995824938822689            0.004241073267768  
         24.065480164398245            1.994774368077175            0.005288292234995  
         24.186424380723494            1.994382846782222            0.005675995161570  
         24.307368597048747            1.993620169588934            0.006434350188657  
         24.428312813373996            1.992417507911682            0.007632463502462  
         24.549257029699245            1.991111345580463            0.008933919020739  
         24.670201246024494            1.989179534208641            0.010860820453831  
         24.791145462349750            1.988048788748334            0.011986600983916  
         24.912089678674999            1.986867502786064            0.013162758340244  
         25.033033895000248            1.985733854393026            0.014291275860387  
         25.153978111325497            1.985028795215059            0.014991217590667  
         25.274922327650749            1.983380448845880            0.016634443184272  
         25.395866543975998            1.982540421184458            0.017469419935740  
         25.516810760301247            1.982100856413527            0.017903890913738  
         25.637754976626500            1.982032842661433            0.017966886291690  
         25.758699192951749            1.982567730635007            0.017426990115052  
         25.879643409276998            1.982040394046823            0.017949354086905  
         26.000587625602247            1.982270556724719            0.017714263330323  
         26.121531841927499            1.982989374673981            0.016990520929412  
         26.242476058252748            1.983963839861885            0.016011245043785  
         26.363420274577997            1.985688597237425            0.014281652840278  
         26.484364490903250            1.986689809739263            0.013275665824647  
         26.605308707228499            1.988038661143900            0.011922066442646  
         26.726252923553748            1.989316089089563            0.010639938839155  
         26.847197139878997            1.990480138925812            0.009471422875156  
         26.968141356204249            1.992355150067874            0.007592119141158  
         27.089085572529498            1.993655455149856            0.006287826902382  
         27.210029788854747            1.994462343068542            0.005477226271091  
         27.330974005180000            1.994714371871826            0.005221850913537  
         27.451918221505249            1.994728506505442            0.005205050494660  
         27.572862437830498            1.995407885462577            0.004523657233155  
         27.693806654155747            1.995702717499663            0.004227440193395  
         27.814750870480999            1.995531886276887            0.004397424105413  
         27.935695086806248            1.995527023854296            0.004402006456721  
         28.056639303131497            1.995964861859913            0.003964684462599  
         28.177583519456750            1.997204356664506            0.002726305101441  
         28.298527735781999            1.997975479504155            0.001956789067878  
         28.419471952107248            1.998091367417666            0.001843048539845  
         28.540416168432497            1.998113973559376            0.001823325289239  
         28.661360384757749            1.998165155403172            0.001775932161601  
         28.782304601082998            1.998294760501368            0.001650823733396  
         28.903248817408247            1.998036768776432            0.001913842866798  
         29.024193033733500            1.997700367343576            0.002255817489940  
         29.145137250058749            1.998092081318829            0.001870177329959  
         29.266081466383998            1.998807294932172            0.001161448325601  
         29.387025682709247            1.999288567996778            0.000686909992021  
         29.507969899034499            1.998966296931784            0.001016173979616  
         29.628914115359748            1.998255008500275            0.001734804971995  
         29.749858331684997            1.998139510274805            0.001857885950673  
         29.870802548010250            1.998451926360927            0.001553065049814  
         29.991746764335499            1.998828102244758            0.001184363503627  
         30.112690980660748            1.998879768773136            0.001139990603731  
         30.233635196985997            1.998745640006303            0.001281157912405  
         30.354579413311249            1.998792068774538            0.001241382255905  
         30.475523629636498            1.998593652580767            0.001446028355020  
         30.596467845961747            1.998004834788023            0.002040781671731  
         30.717412062287000            1.997520157442707            0.002531066149439  
         30.838356278612249            1.997585030877694            0.002471198857133  
         30.959300494937498            1.998311053537476            0.001749395921780  
         31.080244711262747            1.998593105268395            0.001470788025906  
         31.201188927587999            1.997966121110477            0.002100618998068  
         31.322133143913248            1.997058883886567            0.003010079265745  
         31.443077360238497            1.996415091819276            0.003655308257247  
         31.564021576563750            1.996147894493580            0.003923273996344  
         31.684965792888999            1.995494203893542            0.004577250723143  
         31.805910009214248            1.994474487959353            0.005596838182073  
         31.926854225539497            1.994058803489179            0.006011793214981  
         32.047798441864749            1.994203676216790            0.005865381779424  
         32.168742658189998            1.994358481671623            0.005708404333966  
         32.289686874515247            1.993645234823916            0.006419006794882  
         32.410631090840496            1.992252008507849            0.007809156328661  
         32.531575307165745            1.991127986643383            0.008929643090683  
         32.652519523491002            1.990026181946546            0.010027468709896  
         32.773463739816250            1.988589713068609            0.011459745116829  
         32.894407956141499            1.986549705740992            0.013495483480767  
         33.015352172466748            1.983961952425573            0.016078944698907  
         33.136296388791997            1.981576636940156            0.018459982101170  
         33.257240605117246            1.979474540051628            0.020557769642745  
         33.378184821442495            1.977968094226874            0.022059927937128  
         33.499129037767752            1.976689278288486            0.023334519767949  
         33.620073254093001            1.974668076870860            0.025351612834305  
         33.741017470418250            1.972404666887286            0.027611037407432  
         33.861961686743498            1.970890012955928            0.029121744081009  
         33.982905903068747            1.970844344270815            0.029163495861530  
         34.103850119393996            1.971211416768682            0.028792540142506  
         34.224794335719245            1.970400921919674            0.029599200511984  
         34.345738552044502            1.969202826077029            0.030793500072653  
         34.466682768369751            1.969184130980232            0.030808420055025  
         34.587626984695000            1.970733894522560            0.029254903273202  
         34.708571201020249            1.972504941275289            0.027480064661474  
         34.829515417345497            1.973337272561628            0.026643858515154  
         34.950459633670746            1.974016420474018            0.025960757701331  
         35.071403849995995            1.975570179680521            0.024403012361794  
         35.192348066321252            1.978052045859718            0.021917138559074  
         35.313292282646501            1.980782348233424            0.019182758275633  
         35.434236498971750            1.983216633579047            0.016744293307118  
         35.555180715296999            1.985247046962070            0.014709619034914  
         35.676124931622248            1.986984728633320            0.012967681197379  
         35.797069147947497            1.988750495493323            0.011197799544947  
         35.918013364272745            1.990701215972186            0.009243235501635  
         36.038957580598002            1.992423911541669            0.007516991804999  
         36.159901796923251            1.993160680864041            0.006776974863237  
         36.280846013248500            1.993014729107353            0.006920119724695  
         36.401790229573749            1.992974146327104            0.006958568643701  
         36.522734445898998            1.993483963225965            0.006447388110347  
         36.643678662224247            1.994098818156355            0.005831742322814  
         36.764622878549496            1.994245643319608            0.005684533639080  
         36.885567094874752            1.994413658218030            0.005516647550679  
         37.006511311200001            1.995463842362929            0.004467245298602  
         37.127455527525250            1.996998780924303            0.002933705014988  
         37.248399743850499            1.997997283413143            0.001937042433980  
         37.369343960175748            1.997934368931253            0.002002322111868  
         37.490288176500997            1.997448382408092            0.002491508007036  
         37.611232392826246            1.997369559526962            0.002574448938269  
         37.732176609151502            1.997482635043901            0.002466185865669  
         37.853120825476751            1.997460286520695            0.002493771508589  
         37.974065041802000            1.997495335657260            0.002464338529493  
         38.095009258127249            1.997994899055064            0.001970839714384  
         38.215953474452498            1.998871531551545            0.001100623249564  
         38.336897690777747            1.999132495743066            0.000846323273379  
         38.457841907102996            1.998437635752192            0.001548134331718  
         38.578786123428252            1.997604223603722            0.002388833194171  
         38.699730339753501            1.997489110632282            0.002511437925018  
         38.820674556078750            1.998267037095411            0.001740927181711  
         38.941618772403999            1.998898182147785            0.001116954060539  
         39.062562988729248            1.998859050157179            0.001163032793855  
         39.183507205054497            1.998511673411249            0.001517092789386  
         39.304451421379746            1.998191125535450            0.001843945521292  
         39.425395637705002            1.997964113688089            0.002076894593243  
         39.546339854030251            1.997505263382078            0.002541390548178  
         39.667284070355500            1.997088930149889            0.002963037292307  
         39.788228286680749            1.997470937279287            0.002585719033042  
         39.909172503005998            1.998199190429715            0.001861248731213  
         40.030116719331247            1.998466716547411            0.001596733095490  
         40.151060935656496            1.997632084058047            0.002433800047511  
         40.272005151981752            1.996227501084938            0.003840253520514  
         40.392949368307001            1.995517507255788            0.004551469784513  
         40.513893584632250            1.995136290026308            0.004933224895619  
         40.634837800957499            1.994604490298620            0.005465156554020  
         40.755782017282748            1.993870391703517            0.006198994649742  
         40.876726233607997            1.993375073753060            0.006693401925083  
         40.997670449933246            1.993873945221026            0.006192873746628  
         41.118614666258502            1.994043633608978            0.006020794253998  
         41.239558882583751            1.993266731118584            0.006794870838158  
         41.360503098909000            1.991919890687647            0.008138507229522  
         41.481447315234249            1.990262735651706            0.009791991902113  
         41.602391531559498            1.989098373710852            0.010952382977617  
         41.723335747884747            1.987479089206222            0.012567468538830  
         41.844279964209996            1.985149481761250            0.014892862967722  
         41.965224180535252            1.982841222963200            0.017196973698938  
         42.086168396860501            1.979990874369495            0.020043157163990  
         42.207112613185750            1.978030692800634            0.021999251084676  
         42.328056829510999            1.976721047683008            0.023304763784525  
         42.449001045836248            1.975532861050603            0.024488870451335  
         42.569945262161497            1.974515994003876            0.025501753100779  
         42.690889478486746            1.972294918226972            0.027718870495263  
         42.811833694812002            1.971216088728005            0.028793801761167  
         42.932777911137251            1.971594982664683            0.028410932124710  
         43.053722127462500            1.972143465990659            0.027858481826478  
         43.174666343787749            1.972592381086321            0.027405569648626  
         43.295610560112998            1.971650084672027            0.028343824874727  
         43.416554776438247            1.971960785077213            0.028029097549133  
         43.537498992763496            1.973747392640877            0.026238397744002  
         43.658443209088752            1.975343516423497            0.024638189830715  
         43.779387425414001            1.977051610210532            0.022925874691247  
         43.900331641739250            1.977768962163491            0.022204226936274  
         44.021275858064499            1.979260898335318            0.020707989479977  
         44.142220074389748            1.981609508721233            0.018355023368697  
         44.263164290714997            1.983724849726652            0.016235402635854  
         44.384108507040246            1.986362009465330            0.013593880230102  
         44.505052723365502            1.988091566427445            0.011859980030520  
         44.625996939690751            1.989476468245893            0.010470829416105  
         44.746941156016000            1.990983245562920            0.008959965336991  
         44.867885372341249            1.992284065809577            0.007655517013571  
         44.988829588666498            1.993903123410890            0.006033183912489  
         45.109773804991747            1.994466932037207            0.005466490956625  
         45.230718021316996            1.994178790145714            0.005752275143527  
         45.351662237642252            1.994292396487384            0.005636942701198  
         45.472606453967501            1.994640967715399            0.005287504607283  
         45.593550670292750            1.995466232065489            0.004461934049553  
         45.714494886617999            1.995791560069124            0.004136725306979  
         45.835439102943248            1.995919880189583            0.004009103922076  
         45.956383319268497            1.996882326695247            0.003047999540007  
         46.077327535593746            1.997900464742116            0.002031957346176  
         46.198271751919002            1.998554378346526            0.001380690074294  
         46.319215968244251            1.998299912612765            0.001638396392845  
         46.440160184569500            1.997638322219391            0.002304083684179  
         46.561104400894749            1.997718421418579            0.002228881431715  
         46.682048617219998            1.998002263318293            0.001950555020435  
         46.802992833545247            1.998333168182803            0.001625529990538  
         46.923937049870496            1.998538805046318            0.001426095435195  
         47.044881266195752            1.998703604402100            0.001267943981977  
         47.165825482521001            1.999121104168019            0.000857443234031  
         47.286769698846250            1.999041865607023            0.000943927771489  
         47.407713915171499            1.998458195163992            0.001535076661285  
         47.528658131496748            1.998116215447311            0.001884700977511  
         47.649602347821997            1.998243438325425            0.001765140023377  
         47.770546564147246            1.999065374514449            0.000950652104152  
         47.891490780472502            1.999389362974439            0.000633778628090  
         48.012434996797751            1.998954452939057            0.001075551309639  
         48.133379213123000            1.998441695580491            0.001594892395651  
         48.254323429448249            1.998086956966216            0.001955778106212  
         48.375267645773498            1.998282622171962            0.001765816225776  
         48.496211862098747            1.998325053635936            0.001728596985162  
         48.617156078423996            1.998158979465557            0.001899362310582  
         48.738100294749252            1.998413309059831            0.001648996324026  
         48.859044511074501            1.998578312185656            0.001487019387238  
         48.979988727399750            1.998448840229953            0.001618805489974  
         49.100932943724999            1.997623830562135            0.002445576318865  
         49.221877160050248            1.996384490658234            0.003686112620875  
         49.342821376375497            1.996123735907251            0.003947455846273  
         49.463765592700746            1.996041395638587            0.004029597316184  
         49.584709809026002            1.995992350514280            0.004077935376252  
         49.705654025351251            1.995695019622494            0.004374022673863  
         49.826598241676500            1.995176888805993            0.004890210030286  
         49.947542458001749            1.995488740263585            0.004575759025688  
         50.068486674326998            1.995302671319865            0.004758529251674  
         50.189430890652247            1.994431572196547            0.005625953068750  
         50.310375106977496            1.993299537256096            0.006754002952052  
         50.431319323302752            1.991617690319960            0.008431479082185  
         50.552263539628001            1.990716506346560            0.009328106908328  
         50.673207755953250            1.989533836290958            0.010505969707696  
         50.794151972278499            1.988039613446811            0.011995331932998  
         50.915096188603748            1.987036287559764            0.012993778580111  
         51.036040404928997            1.985244653505788            0.014780436054310  
         51.156984621254246            1.984442199668019            0.015577940838321  
         51.277928837579502            1.983945168556283            0.016069894994813  
         51.398873053904751            1.983641482994100            0.016368503992638  
         51.519817270230000            1.984128061141194            0.015876807082432  
         51.640761486555249            1.983494129078073            0.016505564534546  
         51.761705702880498            1.983727465330818            0.016267047225760  
         51.882649919205747            1.984411837145898            0.015577402686912  
         52.003594135530996            1.985210374390061            0.014773639621934  
         52.124538351856252            1.986829346429210            0.013149363472419  
         52.245482568181501            1.987445546069889            0.012527866239462  
         52.366426784506750            1.988538541141466            0.011429586627608  
         52.487371000831999            1.989720292546177            0.010242563963720  
         52.608315217157248            1.990709987290738            0.009247806553203  
         52.729259433482497            1.992495457697433            0.007457361422456  
         52.850203649807746            1.993527786992063            0.006420299311221  
         52.971147866133002            1.994369134422443            0.005574446782339  
         53.092092082458251            1.994957084840763            0.004982274691254  
         53.213036298783500            1.995248362368926            0.004687355973210  
         53.333980515108749            1.996199247062220            0.003733323861874  
         53.454924731433998            1.996580569717493            0.003349420348453  
         53.575868947759247            1.996533046189351            0.003394910706502  
         53.696813164084496            1.996626033366722            0.003300463325279  
         53.817757380409752            1.996790361385323            0.003135514021823  
         53.938701596735001            1.997650671742865            0.002275216085895  
         54.059645813060250            1.998098938629916            0.001827552584078  
         54.180590029385499            1.998203737055655            0.001723981912843  
         54.301534245710748            1.998496192558751            0.001433460433410  
         54.422478462035997            1.998730048198323            0.001202425809509  
         54.543422678361246            1.999035214801209            0.000900801694539  
         54.664366894686502            1.998894696795432            0.001045509201352  
         54.785311111011751            1.998516000763365            0.001429110123606  
         54.906255327337000            1.998698999191042            0.001251660508861  
         55.027199543662249            1.999022926355863            0.000933876592351  
         55.148143759987498            1.999432381557265            0.000530970054469  
         55.269087976312747            1.999445181866842            0.000525080238149  
         55.390032192637996            1.999168880235100            0.000808714468542  
         55.510976408963252            1.999193999775131            0.000791256421453  
         55.631920625288501            1.999218021294474            0.000775081264896  
         55.752864841613750            1.999283243229505            0.000717777590419  
         55.873809057938999            1.999315819868113            0.000693086902797  
         55.994753274264248            1.999307362349619            0.000709316839058  
         56.115697490589497            1.999545237109478            0.000478964108833  
         56.236641706914746            1.999521721198383            0.000509652309982  
         56.357585923240002            1.999213503464695            0.000824727652749  
         56.478530139565251            1.998995302597815            0.001049414929302  
         56.599474355890500            1.998910060145847            0.001140601630794  
         56.720418572215749            1.999311541698271            0.000744436872849  
         56.841362788540998            1.999461361514124            0.000599219425895  
         56.962307004866247            1.999234862743851            0.000829674629428  
         57.083251221191496            1.999011046736281            0.001056753672876  
         57.204195437516752            1.998738383662948            0.001331855490926  
         57.325139653842001            1.998726208690399            0.001345761090274  
         57.446083870167250            1.998497195952721            0.001575823889618  
         57.567028086492499            1.998047841837708            0.002025587824864  
         57.687972302817748            1.998082181987402            0.001990965204352  
         57.808916519142997            1.998123920872892            0.001948093098541  
         57.929860735468246            1.998292383110416            0.001777839219755  
         58.050804951793502            1.998073647535357            0.001994153751047  
         58.171749168118751            1.997450546272445            0.002614238348076  
         58.292693384444000            1.997253347714055            0.002807886166131  
         58.413637600769249            1.996842721451998            0.003214376405175  
         58.534581817094498            1.996382601395226            0.003669995655348  
         58.655526033419747            1.995836047287691            0.004211717481068  
         58.776470249744996            1.994918796811013            0.005123812420022  
         58.897414466070252            1.994637492428758            0.005399739147528  
         59.018358682395501            1.994149842918455            0.005881715114312  
         59.139302898720750            1.993826327954236            0.006199405227019  
         59.260247115045999            1.993813057204646            0.006206683899931  
         59.381191331371248            1.993390369388897            0.006623248657388  
         59.502135547696497            1.993530778331058            0.006476645018971  
         59.623079764021746            1.993432608660819            0.006568515158592  
         59.744023980347002            1.993511996994813            0.006482834094117  
         59.864968196672251            1.994020601287393            0.005967916035268  
         59.985912412997500            1.994100126828397            0.005882142709556  
         60.106856629322749            1.994625313176097            0.005350773273210  
         60.227800845647998            1.994905610758344            0.005064389065025  
         60.348745061973247            1.995195278621617            0.004768834808923  
         60.469689278298496            1.995907710551114            0.004050687005409  
         60.590633494623752            1.996333023370031            0.003619963459351  
         60.711577710949001            1.997016706204229            0.002931134547698  
         60.832521927274250            1.997376343536801            0.002566674301343  
         60.953466143599499            1.997550798110570            0.002387847799475  
         61.074410359924748            1.998053927753514            0.001880809833305  
         61.195354576249997            1.998357935386934            0.001573497805562  
         61.316298792575246            1.998640117355163            0.001288568782797  
         61.437243008900502            1.998658846684447            0.001267687073210  
         61.558187225225751            1.998523080274152            0.001402045074046  
         61.679131441551000            1.998771453555081            0.001152989074849  
         61.800075657876249            1.998939894508784            0.000984636590044  
         61.921019874201498            1.999089092773663            0.000836219288962  
         62.041964090526747            1.999175716246560            0.000751076320298  
         62.162908306851996            1.999233105705079            0.000695981393145  
         62.283852523177252            1.999515617703421            0.000416530494773  
         62.404796739502501            1.999614546941295            0.000321413048553  
         62.525740955827750            1.999529385908338            0.000411096673288  
         62.646685172152999            1.999450913610624            0.000494777780983  
         62.767629388478248            1.999409475098600            0.000542115930329  
         62.888573604803497            1.999614811420650            0.000343237035315  
         63.009517821128746            1.999728951378011            0.000236016165273  
         63.130462037454002            1.999728511634881            0.000243782852437  
         63.251406253779251            1.999730160890060            0.000249806460776  
         63.372350470104500            1.999695513296574            0.000292399080496  
         63.493294686429749            1.999736681351283            0.000259329101187  
         63.614238902754998            1.999724463040288            0.000279685687584  
         63.735183119080247            1.999686104556239            0.000326142394088  
         63.856127335405496            1.999782520467616            0.000237662966956  
         63.977071551730752            1.999846944487780            0.000180891093106  
         64.098015768056001            1.999865110904502            0.000170024046995  
         64.218959984381243            1.999766843121401            0.000275177079046  
         64.339904200706499            1.999613572497922            0.000434852101623  
         64.460848417031755            1.999678560512714            0.000375700453483  
         64.581792633356997            1.999761848666216            0.000297573225423  
         64.702736849682253            1.999832295028453            0.000231605515583  
         64.823681066007495            1.999797737071126            0.000269918688104  
         64.944625282332751            1.999675743058386            0.000394895177550  
         65.065569498657993            1.999676534275756            0.000396305411537  
         65.186513714983249            1.999615582371572            0.000458665325980  
         65.307457931308505            1.999485963125777            0.000588964799645  
         65.428402147633747            1.999399506826248            0.000675376022219  
         65.549346363959003            1.999318573745749            0.000755493203728  
         65.670290580284245            1.999439662228091            0.000632864938196  
         65.791234796609501            1.999457698144229            0.000612574964884  
         65.912179012934743            1.999355305354843            0.000712078765963  
         66.033123229259999            1.999285631203442            0.000778259501629  
         66.154067445585255            1.999148621190365            0.000911177652252  
         66.275011661910497            1.999107038523520            0.000948166342363  
         66.395955878235753            1.998962592567247            0.001087557863324  
         66.516900094560995            1.998694085399690            0.001350623707649  
         66.637844310886251            1.998566306800527            0.001472628781548  
         66.758788527211493            1.998356422877181            0.001676425543973  
         66.879732743536749            1.998284864261333            0.001741666248342  
         67.000676959862005            1.998233580099614            0.001786425237781  
         67.121621176187247            1.998136771504245            0.001876565077729  
         67.242565392512503            1.998224155491746            0.001782410076741  
         67.363509608837745            1.998194771010196            0.001804957235340  
         67.484453825163001            1.998276422213434            0.001716463065806  
         67.605398041488243            1.998402872053192            0.001583196019809  
         67.726342257813499            1.998498582099725            0.001480765906790  
         67.847286474138755            1.998743249095236            0.001229506655290  
         67.968230690463997            1.998866448360061            0.001099903386999  
         68.089174906789253            1.999000539961884            0.000959648775271  
         68.210119123114495            1.999129906250865            0.000824409768678  
         68.331063339439751            1.999215036489527            0.000733780371216  
         68.452007555764993            1.999391294432564            0.000552430757756  
         68.572951772090249            1.999467091351672            0.000472012088707  
         68.693895988415505            1.999484342379508            0.000450659282624  
         68.814840204740747            1.999508141753526            0.000423326800123  
         68.935784421066003            1.999516489082146            0.000412090474965  
         69.056728637391245            1.999600677596882            0.000325672232828  
         69.177672853716501            1.999634589310633            0.000290221642202  
         69.298617070041743            1.999641341392548            0.000282654992714  
         69.419561286366999            1.999696108922555            0.000227823660564  
         69.540505502692255            1.999754726002005            0.000169932756474  
         69.661449719017497            1.999832252409596            0.000093912427428  
         69.782393935342753            1.999847923804121            0.000080530317099  
         69.903338151667995            1.999821124644611            0.000110410068503  
         70.024282367993251            1.999824603900788            0.000110788168518  
         70.145226584318493            1.999834375318008            0.000105623402517  
         70.266170800643749            1.999863147817339            0.000082148379952  
         70.387115016969005            1.999882149250249            0.000069079970324  
         70.508059233294247            1.999896514303747            0.000061232905668  
         70.629003449619503            1.999928887430653            0.000035892270565  
         70.749947665944745            1.999941991498933            0.000030255249891  
         70.870891882270001            1.999935097110281            0.000044961901631  
         70.991836098595243            1.999926219952253            0.000061901849607  
         71.112780314920499            1.999930188528795            0.000066147614095  
         71.233724531245755            1.999969199262066            0.000035393213937  
         71.354668747570997            1.999997447568515            0.000015336287690  
         71.475612963896253            2.000001492070043            0.000019320381849  
         71.596557180221495            1.999991456095616            0.000037126346222  
         71.717501396546751            1.999982628965903            0.000053369734718  
         71.838445612871993            1.999998169778189            0.000044802649355  
         71.959389829197249            2.000015787107844            0.000033634418426  
         72.080334045522505            2.000028730382517            0.000026546567401  
         72.201278261847747            2.000038653977244            0.000021820852233  
         72.322222478173003            2.000042461101061            0.000022500847836  
         72.443166694498245            2.000041833370599            0.000026870069439  
         72.564110910823501            2.000030620829854            0.000041055455021  
