#  GS molecular orbital populations, spin channel : 1
#          time (fs)            |   population (orb 1)       |    population (orb 2)      |           ...              |    population (orb N)      |
          0.118525331998745            1.999739980448128            0.000249918227741  
          0.239469548323995            1.999690554141578            0.000300241291804  
          0.360413764649245            1.999877180864376            0.000114566592494  
          0.481357980974495            1.999763181275340            0.000229612259984  
          0.602302197299745            1.999702009997534            0.000291942224232  
          0.723246413624995            1.999840895839671            0.000154273202534  
          0.844190629950245            1.999789912059103            0.000206456963139  
          0.965134846275495            1.999714191126135            0.000283505893406  
          1.086079062600745            1.999803664595112            0.000195369627888  
          1.207023278925995            1.999847395762136            0.000152911950357  
          1.327967495251245            1.999699289898298            0.000302366972466  
          1.448911711576495            1.999783133116190            0.000219847825553  
          1.569855927901745            1.999890351910842            0.000113882743394  
          1.690800144226995            1.999703529468650            0.000301919156973  
          1.811744360552245            1.999767852476130            0.000238793867992  
          1.932688576877495            1.999905112990137            0.000102643743059  
          2.053632793202745            1.999749188499645            0.000259530679743  
          2.174577009527995            1.999727855969857            0.000281833960725  
          2.295521225853245            1.999888859249246            0.000121667397337  
          2.416465442178495            1.999854872971877            0.000156311825945  
          2.537409658503745            1.999665536985841            0.000346272357985  
          2.658353874828995            1.999856336850308            0.000155961272403  
          2.779298091154245            1.999925021196052            0.000087600858237  
          2.900242307479495            1.999680479409387            0.000332333488099  
          3.021186523804745            1.999787209055686            0.000225720981079  
          3.142130740129995            1.999940373707360            0.000072510627044  
          3.263074956455245            1.999763116677328            0.000249520982447  
          3.384019172780495            1.999704084998940            0.000308291187317  
          3.504963389105745            1.999897787321375            0.000114157656587  
          3.625907605430995            1.999887202486079            0.000124134208388  
          3.746851821756245            1.999643473154107            0.000367204313770  
          3.867796038081495            1.999826516687435            0.000183400531563  
          3.988740254406745            1.999932146689388            0.000076879001753  
          4.109684470731995            1.999704454065329            0.000303555038164  
          4.230628687057245            1.999729396996474            0.000277606689667  
          4.351572903382495            1.999892671177634            0.000113218097415  
          4.472517119707745            1.999818763892977            0.000185882887846  
          4.593461336032996            1.999665449514670            0.000338010991457  
          4.714405552358246            1.999808943035036            0.000193267146268  
          4.835349768683495            1.999901769251532            0.000099130825511  
          4.956293985008745            1.999672611991608            0.000326979447308  
          5.077238201333995            1.999732501049792            0.000265838767231  
          5.198182417659245            1.999869994012077            0.000127076589694  
          5.319126633984495            1.999778317014523            0.000217449810851  
          5.440070850309746            1.999681994579023            0.000312622614104  
          5.561015066634996            1.999778726528285            0.000214751678772  
          5.681959282960245            1.999866264987497            0.000126084241785  
          5.802903499285495            1.999687827601411            0.000303530976287  
          5.923847715610745            1.999714660906946            0.000275799114581  
          6.044791931935995            1.999865672992629            0.000123954953931  
          6.165736148261245            1.999745199058869            0.000243664739577  
          6.286680364586495            1.999692068437819            0.000296238758121  
          6.407624580911745            1.999792585981226            0.000195236609968  
          6.528568797236995            1.999833515900955            0.000153880720383  
          6.649513013562244            1.999690382296812            0.000296822413489  
          6.770457229887494            1.999725468489443            0.000261640324767  
          6.891401446212745            1.999872170303897            0.000114934828731  
          7.012345662537995            1.999714505501256            0.000272752621856  
          7.133289878863245            1.999707553702945            0.000280029663937  
          7.254234095188495            1.999846384979538            0.000141616052400  
          7.375178311513745            1.999766118267620            0.000222374844051  
          7.496122527838994            1.999699411241595            0.000289806074334  
          7.617066744164244            1.999802693309879            0.000187303867858  
          7.738010960489495            1.999841715340560            0.000149113628480  
          7.858955176814745            1.999677795741306            0.000314053391103  
          7.979899393139995            1.999778946273889            0.000213983300121  
          8.100843609465246            1.999887919547504            0.000106128340247  
          8.221787825790495            1.999688504149474            0.000306736202332  
          8.342732042115745            1.999758651545996            0.000237887686592  
          8.463676258440994            1.999901628816188            0.000096197511703  
          8.584620474766245            1.999748730485248            0.000250360891007  
          8.705564691091494            1.999712659646553            0.000287820651721  
          8.826508907416745            1.999895583611954            0.000106214281677  
          8.947453123741996            1.999855099198754            0.000147951762881  
          9.068397340067245            1.999653356460402            0.000351002505302  
          9.189341556392495            1.999875653095120            0.000129942798508  
          9.310285772717744            1.999932386050681            0.000074346856823  
          9.431229989042995            1.999667903726625            0.000339905063559  
          9.552174205368244            1.999809561007919            0.000199306394510  
          9.673118421693495            1.999967455097872            0.000042313051342  
          9.794062638018746            1.999754627569286            0.000255898486382  
          9.915006854343995            1.999713947726693            0.000297349299245  
         10.035951070669245            1.999957304973233            0.000054565103757  
         10.156895286994494            1.999880611165910            0.000131667966691  
         10.277839503319745            1.999637589663636            0.000375055902323  
         10.398783719644994            1.999906069157595            0.000106796052519  
         10.519727935970245            1.999959120353486            0.000053782989826  
         10.640672152295496            1.999673742506126            0.000339067640157  
         10.761616368620745            1.999792721270908            0.000219954704098  
         10.882560584945995            1.999981748439513            0.000030580950046  
         11.003504801271244            1.999789368927384            0.000222450718675  
         11.124449017596495            1.999672993953150            0.000338320812648  
         11.245393233921744            1.999945005474865            0.000065616619856  
         11.366337450246995            1.999916684747387            0.000093101587823  
         11.487281666572246            1.999624025155549            0.000384880254456  
         11.608225882897495            1.999851946754869            0.000156015237868  
         11.729170099222745            1.999967536831746            0.000039340245858  
         11.850114315547994            1.999712867583860            0.000292833956197  
         11.971058531873245            1.999714419135250            0.000290167172982  
         12.092002748198494            1.999941973331518            0.000061365054819  
         12.212946964523745            1.999850135716527            0.000151886491669  
         12.333891180848996            1.999628274581700            0.000372504797656  
         12.454835397174245            1.999858805678720            0.000140693855184  
         12.575779613499495            1.999933153422445            0.000065028640396  
         12.696723829824744            1.999656322052173            0.000340566412845  
         12.817668046149995            1.999749923015314            0.000245786469835  
         12.938612262475244            1.999914461146339            0.000080030582217  
         13.059556478800495            1.999783800626514            0.000209494219821  
         13.180500695125746            1.999654544773664            0.000337739254633  
         13.301444911450995            1.999845138222636            0.000146141448627  
         13.422389127776245            1.999885319815778            0.000105008279481  
         13.543333344101494            1.999642718603916            0.000346804575386  
         13.664277560426745            1.999768118488526            0.000220733844115  
         13.785221776751994            1.999900413119222            0.000087817383039  
         13.906165993077245            1.999719196483230            0.000268511939095  
         14.027110209402496            1.999697237586412            0.000290191231511  
         14.148054425727745            1.999857298324952            0.000129885981909  
         14.268998642052996            1.999830963094325            0.000156077103263  
         14.389942858378244            1.999647985283382            0.000339144000012  
         14.510887074703495            1.999810039557007            0.000177270214619  
         14.631831291028744            1.999896153366528            0.000091426931039  
         14.752775507353995            1.999665314191214            0.000322688484726  
         14.873719723679246            1.999758939435245            0.000229675893322  
         14.994663940004495            1.999906705207304            0.000082560674272  
         15.115608156329746            1.999749104741095            0.000240904243286  
         15.236552372654995            1.999693482406224            0.000297494307617  
         15.357496588980245            1.999893033522540            0.000098915095914  
         15.478440805305494            1.999857009702616            0.000135971042506  
         15.599385021630745            1.999643538381101            0.000350630847663  
         15.720329237955996            1.999864240274778            0.000131156527590  
         15.841273454281245            1.999930785782485            0.000065840596085  
         15.962217670606496            1.999668184539710            0.000329724071374  
         16.083161886931745            1.999796796377465            0.000202490646115  
         16.204106103256994            1.999961172720778            0.000039411483145  
         16.325050319582246            1.999764136098489            0.000237725809258  
         16.445994535907495            1.999703841636239            0.000299391955822  
         16.566938752232744            1.999956315597427            0.000048164113563  
         16.687882968557997            1.999874456160963            0.000131200816136  
         16.808827184883246            1.999647026727998            0.000359823139709  
         16.929771401208495            1.999909591905195            0.000098361631137  
         17.050715617533744            1.999944581921360            0.000064336672948  
         17.171659833858996            1.999679207411392            0.000330599871037  
         17.292604050184245            1.999811247464284            0.000199428081012  
         17.413548266509494            1.999971738261991            0.000039590315316  
         17.534492482834747            1.999777595488371            0.000234261040312  
         17.655436699159996            1.999698593318955            0.000313783082184  
         17.776380915485245            1.999962577729687            0.000050097035829  
         17.897325131810494            1.999877767118355            0.000135053517876  
         18.018269348135746            1.999647928721580            0.000364972128774  
         18.139213564460995            1.999897107167540            0.000115746211976  
         18.260157780786244            1.999944027418421            0.000068575774729  
         18.381101997111497            1.999697225011539            0.000315012377264  
         18.502046213436746            1.999773549017075            0.000238299471378  
         18.622990429761995            1.999971621610666            0.000039604023339  
         18.743934646087244            1.999811231052378            0.000199254661339  
         18.864878862412496            1.999656672325096            0.000353069126346  
         18.985823078737745            1.999943619049828            0.000065216300112  
         19.106767295062994            1.999915536544759            0.000092270821822  
         19.227711511388247            1.999644062049391            0.000362678179987  
         19.348655727713496            1.999835198499507            0.000170459277253  
         19.469599944038745            1.999970068823854            0.000034356788966  
         19.590544160363994            1.999743525695051            0.000259627941691  
         19.711488376689246            1.999693655762131            0.000308302743721  
         19.832432593014495            1.999957916776535            0.000042728282842  
         19.953376809339744            1.999877410127667            0.000121903845198  
         20.074321025664997            1.999619690590607            0.000378365662705  
         20.195265241990246            1.999875062775082            0.000121751136995  
         20.316209458315495            1.999951612587638            0.000043927131592  
         20.437153674640744            1.999682216136003            0.000312108116037  
         20.558097890965996            1.999740860691007            0.000252398520103  
         20.679042107291245            1.999951199556161            0.000040952934244  
         20.799986323616494            1.999812380444624            0.000178742663226  
         20.920930539941747            1.999640126600626            0.000350150506337  
         21.041874756266996            1.999893051651962            0.000096416963298  
         21.162818972592245            1.999914761157256            0.000073971725025  
         21.283763188917494            1.999637448612821            0.000350700898591  
         21.404707405242746            1.999799061673954            0.000188675730989  
         21.525651621567995            1.999941321676034            0.000046033436570  
         21.646595837893244            1.999739273320736            0.000247836958534  
         21.767540054218497            1.999690950907368            0.000296153401608  
         21.888484270543746            1.999921828219287            0.000065298669108  
         22.009428486868995            1.999854497475340            0.000132778868139  
         22.130372703194244            1.999637757176316            0.000349874399931  
         22.251316919519496            1.999868394743797            0.000119697940277  
         22.372261135844745            1.999929873816108            0.000058751318981  
         22.493205352169994            1.999667718412781            0.000321586263073  
         22.614149568495247            1.999785740103446            0.000204427787529  
         22.735093784820496            1.999951676845775            0.000039353918968  
         22.856038001145745            1.999772979666177            0.000219020906474  
         22.976982217470994            1.999689235657232            0.000303914672604  
         23.097926433796246            1.999941761233861            0.000052521948554  
         23.218870650121495            1.999870593832211            0.000124876539895  
         23.339814866446744            1.999653730968248            0.000343033771385  
         23.460759082771997            1.999887713367064            0.000110372348141  
         23.581703299097246            1.999930558699290            0.000068811082653  
         23.702647515422495            1.999690089457322            0.000310598649806  
         23.823591731747744            1.999800327550300            0.000201740590751  
         23.944535948072996            1.999946918923772            0.000056403907134  
         24.065480164398245            1.999778609327142            0.000225950843810  
         24.186424380723494            1.999706909751957            0.000298924126119  
         24.307368597048747            1.999937516821299            0.000069444266663  
         24.428312813373996            1.999845300363251            0.000162708842507  
         24.549257029699245            1.999679640254234            0.000329385328429  
         24.670201246024494            1.999885971829021            0.000123973493148  
         24.791145462349750            1.999886354073430            0.000124341710005  
         24.912089678674999            1.999708990231075            0.000302374626944  
         25.033033895000248            1.999802452936426            0.000209533424229  
         25.153978111325497            1.999912796103814            0.000099577084739  
         25.274922327650749            1.999772618306644            0.000240037317308  
         25.395866543975998            1.999714057104265            0.000298827533802  
         25.516810760301247            1.999919107651275            0.000093798858133  
         25.637754976626500            1.999826956405568            0.000185827685495  
         25.758699192951749            1.999689521578930            0.000323053873872  
         25.879643409276998            1.999865092939924            0.000147165761823  
         26.000587625602247            1.999880183493802            0.000131551894734  
         26.121531841927499            1.999721708914058            0.000289417647233  
         26.242476058252748            1.999765398946910            0.000245081397608  
         26.363420274577997            1.999921096505942            0.000088526350264  
         26.484364490903250            1.999796662572230            0.000212026899939  
         26.605308707228499            1.999674951400216            0.000332778569040  
         26.726252923553748            1.999906883672493            0.000099772626524  
         26.847197139878997            1.999871442959730            0.000134035435113  
         26.968141356204249            1.999683603263803            0.000320678146744  
         27.089085572529498            1.999804163500898            0.000198929671251  
         27.210029788854747            1.999930196271910            0.000071578213605  
         27.330974005180000            1.999761657373861            0.000238813076609  
         27.451918221505249            1.999691722986871            0.000307506725140  
         27.572862437830498            1.999930592836070            0.000067327515563  
         27.693806654155747            1.999866959609970            0.000129669111973  
         27.814750870480999            1.999644289174502            0.000351124635442  
         27.935695086806248            1.999856322542136            0.000137935069474  
         28.056639303131497            1.999930817435873            0.000062266335373  
         28.177583519456750            1.999720340593434            0.000271671453585  
         28.298527735781999            1.999725308183568            0.000265781098552  
         28.419471952107248            1.999946461897470            0.000043693815418  
         28.540416168432497            1.999825461673107            0.000163880990020  
         28.661360384757749            1.999653942983075            0.000334749097994  
         28.782304601082998            1.999893686674667            0.000094435238788  
         28.903248817408247            1.999912034846913            0.000075600082072  
         29.024193033733500            1.999666055943207            0.000321255508784  
         29.145137250058749            1.999800226425929            0.000186936289460  
         29.266081466383998            1.999939998315866            0.000047051178797  
         29.387025682709247            1.999767180789666            0.000219923221383  
         29.507969899034499            1.999691655228611            0.000295702915699  
         29.628914115359748            1.999931054103085            0.000056606324261  
         29.749858331684997            1.999853440934989            0.000134658933750  
         29.870802548010250            1.999664236342932            0.000324471084096  
         29.991746764335499            1.999869140747394            0.000120284960148  
         30.112690980660748            1.999910193012489            0.000080008689747  
         30.233635196985997            1.999697342997701            0.000293776420316  
         30.354579413311249            1.999787779602797            0.000204397346672  
         30.475523629636498            1.999922677084163            0.000070548214992  
         30.596467845961747            1.999779186963609            0.000215195658129  
         30.717412062287000            1.999705796259783            0.000289854975377  
         30.838356278612249            1.999911842951947            0.000085055530476  
         30.959300494937498            1.999829048449684            0.000169137443889  
         31.080244711262747            1.999696901254673            0.000302627238167  
         31.201188927587999            1.999863186030270            0.000137686862508  
         31.322133143913248            1.999856033355525            0.000146122175843  
         31.443077360238497            1.999721224018503            0.000282231756674  
         31.564021576563750            1.999805638325647            0.000199117556352  
         31.684965792888999            1.999872953585607            0.000132965268355  
         31.805910009214248            1.999759298349749            0.000247761991248  
         31.926854225539497            1.999751603795696            0.000256563767542  
         32.047798441864749            1.999884491853227            0.000124634351925  
         32.168742658189998            1.999778890004849            0.000231106513071  
         32.289686874515247            1.999740367158231            0.000270426330700  
         32.410631090840496            1.999869735111351            0.000141741026818  
         32.531575307165745            1.999802264137345            0.000209718768643  
         32.652519523491002            1.999740646104582            0.000271765037399  
         32.773463739816250            1.999827706598379            0.000185034167820  
         32.894407956141499            1.999851400934725            0.000161453324836  
         33.015352172466748            1.999744087052393            0.000268793303807  
         33.136296388791997            1.999773175123725            0.000239630308334  
         33.257240605117246            1.999882538504875            0.000130011657005  
         33.378184821442495            1.999765521969459            0.000246642419895  
         33.499129037767752            1.999743542909100            0.000268144744756  
         33.620073254093001            1.999859554540341            0.000151547614037  
         33.741017470418250            1.999812491643404            0.000197844495210  
         33.861961686743498            1.999735222168316            0.000274297050457  
         33.982905903068747            1.999792734389366            0.000215898356159  
         34.103850119393996            1.999871483280159            0.000136103588715  
         34.224794335719245            1.999755258856697            0.000251238943677  
         34.345738552044502            1.999725068236549            0.000280303804634  
         34.466682768369751            1.999872433033161            0.000131737281919  
         34.587626984695000            1.999809302863212            0.000193591593375  
         34.708571201020249            1.999718319941643            0.000283311835135  
         34.829515417345497            1.999796104950501            0.000204269225306  
         34.950459633670746            1.999868523130172            0.000130512419181  
         35.071403849995995            1.999752810006209            0.000244946650430  
         35.192348066321252            1.999719833053260            0.000276689220659  
         35.313292282646501            1.999882450540928            0.000112825046110  
         35.434236498971750            1.999816046990061            0.000178029934847  
         35.555180715296999            1.999686985355172            0.000305985422831  
         35.676124931622248            1.999829368938893            0.000162568394856  
         35.797069147947497            1.999871382533966            0.000119541224920  
         35.918013364272745            1.999737950279733            0.000252100525977  
         36.038957580598002            1.999730367329204            0.000258935020440  
         36.159901796923251            1.999896827828099            0.000091764376062  
         36.280846013248500            1.999798825755015            0.000189205639012  
         36.401790229573749            1.999692023977357            0.000295590105942  
         36.522734445898998            1.999859488196734            0.000127814105633  
         36.643678662224247            1.999855433350435            0.000131658525401  
         36.764622878549496            1.999701503029684            0.000285553475594  
         36.885567094874752            1.999793244630002            0.000193920899050  
         37.006511311200001            1.999881393307509            0.000105946265639  
         37.127455527525250            1.999762671467222            0.000225023901794  
         37.248399743850499            1.999718294168523            0.000269904302071  
         37.369343960175748            1.999882451090742            0.000106319169545  
         37.490288176500997            1.999802730740381            0.000186750460751  
         37.611232392826246            1.999711282840625            0.000279041724864  
         37.732176609151502            1.999843235434026            0.000148022593686  
         37.853120825476751            1.999829541985479            0.000162707378806  
         37.974065041802000            1.999726476950564            0.000266892708279  
         38.095009258127249            1.999800593082592            0.000193970814584  
         38.215953474452498            1.999848274387192            0.000147482442835  
         38.336897690777747            1.999752576067860            0.000244469645098  
         38.457841907102996            1.999763648443849            0.000234727263720  
         38.578786123428252            1.999860434611053            0.000139242148130  
         38.699730339753501            1.999764495273163            0.000236506875888  
         38.820674556078750            1.999761794660065            0.000240541554993  
         38.941618772403999            1.999862302193998            0.000141328299678  
         39.062562988729248            1.999776605132152            0.000228250460087  
         39.183507205054497            1.999760033295809            0.000246044577781  
         39.304451421379746            1.999852287768864            0.000154941216375  
         39.425395637705002            1.999825185682786            0.000183064688695  
         39.546339854030251            1.999740932223285            0.000268306060289  
         39.667284070355500            1.999837163789725            0.000172966049311  
         39.788228286680749            1.999867642405098            0.000143228957230  
         39.909172503005998            1.999742780936585            0.000268740440880  
         40.030116719331247            1.999810202110234            0.000201867722502  
         40.151060935656496            1.999898605795483            0.000113868487503  
         40.272005151981752            1.999762605237682            0.000250113614446  
         40.392949368307001            1.999777295928383            0.000235591647766  
         40.513893584632250            1.999885075964249            0.000127831704063  
         40.634837800957499            1.999837620261908            0.000175126485983  
         40.755782017282748            1.999730429987054            0.000282079498775  
         40.876726233607997            1.999850713139320            0.000161430496726  
         40.997670449933246            1.999882872081227            0.000128745315017  
         41.118614666258502            1.999742890782858            0.000268093389013  
         41.239558882583751            1.999793102983504            0.000217166572580  
         41.360503098909000            1.999891495840572            0.000117938452770  
         41.481447315234249            1.999783512130628            0.000224953191743  
         41.602391531559498            1.999750400039572            0.000257072655510  
         41.723335747884747            1.999845412445250            0.000160977572408  
         41.844279964209996            1.999855739928023            0.000149461974049  
         41.965224180535252            1.999725581793763            0.000278417085099  
         42.086168396860501            1.999788238674473            0.000214529442622  
         42.207112613185750            1.999867539597755            0.000133942728055  
         42.328056829510999            1.999770421521054            0.000229745817437  
         42.449001045836248            1.999743488875636            0.000255408224660  
         42.569945262161497            1.999826189743576            0.000171433128538  
         42.690889478486746            1.999822040331750            0.000174287233256  
         42.811833694812002            1.999737781943486            0.000257341510418  
         42.932777911137251            1.999770133490190            0.000223827078586  
         43.053722127462500            1.999852555896524            0.000140270437281  
         43.174666343787749            1.999759376958608            0.000232397015560  
         43.295610560112998            1.999734575608796            0.000256258985619  
         43.416554776438247            1.999825955749119            0.000164008311718  
         43.537498992763496            1.999810478836940            0.000178684838701  
         43.658443209088752            1.999735584076402            0.000252943300117  
         43.779387425414001            1.999770366490619            0.000217627326339  
         43.900331641739250            1.999841080498040            0.000146460677447  
         44.021275858064499            1.999755885287275            0.000231370933201  
         44.142220074389748            1.999743512019823            0.000243592986534  
         44.263164290714997            1.999837547874460            0.000149513397325  
         44.384108507040246            1.999781252834751            0.000205891304463  
         44.505052723365502            1.999736071392637            0.000251331440057  
         44.625996939690751            1.999810781041904            0.000176986369190  
         44.746941156016000            1.999817368390898            0.000170859335459  
         44.867885372341249            1.999741401487311            0.000247463581373  
         44.988829588666498            1.999781368671206            0.000208236849633  
         45.109773804991747            1.999838229220251            0.000152191008987  
         45.230718021316996            1.999753544530605            0.000237824085868  
         45.351662237642252            1.999772236648613            0.000220180327794  
         45.472606453967501            1.999851728902462            0.000141791188678  
         45.593550670292750            1.999765062736884            0.000229621943876  
         45.714494886617999            1.999767989705347            0.000227960955690  
         45.835439102943248            1.999851159104448            0.000146071211294  
         45.956383319268497            1.999814752506983            0.000183760843384  
         46.077327535593746            1.999745779142165            0.000254085150368  
         46.198271751919002            1.999852986972809            0.000148212853231  
         46.319215968244251            1.999853781745873            0.000148708675816  
         46.440160184569500            1.999752559035744            0.000251227486551  
         46.561104400894749            1.999832936119005            0.000172114206134  
         46.682048617219998            1.999901834233766            0.000104396774264  
         46.802992833545247            1.999761841454755            0.000245500407788  
         46.923937049870496            1.999811798866801            0.000196621317436  
         47.044881266195752            1.999909567847174            0.000099805225869  
         47.165825482521001            1.999832989802022            0.000177215255628  
         47.286769698846250            1.999758017589759            0.000252965649253  
         47.407713915171499            1.999908986356184            0.000102638765935  
         47.528658131496748            1.999879216931811            0.000132896535251  
         47.649602347821997            1.999761801746331            0.000250706907803  
         47.770546564147246            1.999858962858538            0.000153821874099  
         47.891490780472502            1.999929427885037            0.000083466337387  
         48.012434996797751            1.999773742786185            0.000239124782389  
         48.133379213123000            1.999815438027198            0.000197321192602  
         48.254323429448249            1.999922742534111            0.000089737196647  
         48.375267645773498            1.999852159028010            0.000159893252494  
         48.496211862098747            1.999749042406321            0.000262510877585  
         48.617156078423996            1.999901813371335            0.000109108969286  
         48.738100294749252            1.999892991826113            0.000117156939440  
         48.859044511074501            1.999764218819913            0.000245076391268  
         48.979988727399750            1.999828107935288            0.000180264839259  
         49.100932943724999            1.999923059121590            0.000084271671952  
         49.221877160050248            1.999791371229681            0.000214833407344  
         49.342821376375497            1.999779724021115            0.000225345304514  
         49.463765592700746            1.999888222021595            0.000115628901276  
         49.584709809026002            1.999865768205193            0.000136803271417  
         49.705654025351251            1.999732984299162            0.000268318854318  
         49.826598241676500            1.999843298448872            0.000156727497873  
         49.947542458001749            1.999881875338337            0.000116838970759  
         50.068486674326998            1.999773709407250            0.000223711159897  
         50.189430890652247            1.999771489463456            0.000224702713434  
         50.310375106977496            1.999873631475221            0.000121335834847  
         50.431319323302752            1.999810122259509            0.000183651898913  
         50.552263539628001            1.999748948898977            0.000243741975940  
         50.673207755953250            1.999824197051270            0.000167465103791  
         50.794151972278499            1.999857150536144            0.000133540241897  
         50.915096188603748            1.999739584733224            0.000250249386947  
         51.036040404928997            1.999787386844579            0.000201715612848  
         51.156984621254246            1.999850545860199            0.000137897171176  
         51.277928837579502            1.999790172492330            0.000197723905662  
         51.398873053904751            1.999746536702291            0.000240982512423  
         51.519817270230000            1.999834253533625            0.000152985096146  
         51.640761486555249            1.999820456447339            0.000166610930624  
         51.761705702880498            1.999749099979738            0.000237969380914  
         51.882649919205747            1.999802559408984            0.000184639146572  
         52.003594135530996            1.999854995431990            0.000132435891815  
         52.124538351856252            1.999752397851673            0.000235410412682  
         52.245482568181501            1.999787074575411            0.000201268524483  
         52.366426784506750            1.999854888913286            0.000134072138221  
         52.487371000831999            1.999805341827110            0.000184347550707  
         52.608315217157248            1.999754470800663            0.000236100115343  
         52.729259433482497            1.999860070073807            0.000131454694900  
         52.850203649807746            1.999837145348852            0.000155402933216  
         52.971147866133002            1.999764688593027            0.000228997093866  
         53.092092082458251            1.999836238054156            0.000158650484473  
         53.213036298783500            1.999887379624345            0.000108737020769  
         53.333980515108749            1.999766328036545            0.000231071269830  
         53.454924731433998            1.999825370630326            0.000173368196028  
         53.575868947759247            1.999895334270434            0.000104719619752  
         53.696813164084496            1.999827521452871            0.000173843674686  
         53.817757380409752            1.999779152653109            0.000223549992646  
         53.938701596735001            1.999907354411724            0.000096629622999  
         54.059645813060250            1.999857963211610            0.000147241623353  
         54.180590029385499            1.999786472225824            0.000219931170727  
         54.301534245710748            1.999869453641985            0.000138077538183  
         54.422478462035997            1.999907107104382            0.000101441861225  
         54.543422678361246            1.999781028656988            0.000228462674437  
         54.664366894686502            1.999846710602105            0.000163650568891  
         54.785311111011751            1.999907241233657            0.000103840674948  
         54.906255327337000            1.999835440627689            0.000176244579808  
         55.027199543662249            1.999789451265496            0.000222755469043  
         55.148143759987498            1.999911388854994            0.000101184180337  
         55.269087976312747            1.999859911075709            0.000152879711428  
         55.390032192637996            1.999791911198929            0.000220997069800  
         55.510976408963252            1.999866044409879            0.000146848841992  
         55.631920625288501            1.999903686285825            0.000109027031896  
         55.752864841613750            1.999787327680452            0.000225089748915  
         55.873809057938999            1.999837097323370            0.000174927437918  
         55.994753274264248            1.999902531444834            0.000108939517458  
         56.115697490589497            1.999843334806484            0.000167463205738  
         56.236641706914746            1.999778680375506            0.000231373293298  
         56.357585923240002            1.999900721361199            0.000108466529149  
         56.478530139565251            1.999870445744018            0.000137763344810  
         56.599474355890500            1.999790640535702            0.000216532245152  
         56.720418572215749            1.999842679157284            0.000163396918121  
         56.841362788540998            1.999910626287377            0.000094258914217  
         56.962307004866247            1.999798408196329            0.000205245070379  
         57.083251221191496            1.999811809625189            0.000190607298694  
         57.204195437516752            1.999891867332536            0.000109258228019  
         57.325139653842001            1.999861756973474            0.000138056927631  
         57.446083870167250            1.999762404148667            0.000236130945888  
         57.567028086492499            1.999872331410687            0.000124933272349  
         57.687972302817748            1.999877964271235            0.000118031081307  
         57.808916519142997            1.999794425930653            0.000200355461975  
         57.929860735468246            1.999804476397070            0.000189165403977  
         58.050804951793502            1.999896989383470            0.000095542682855  
         58.171749168118751            1.999811037716436            0.000180459684636  
         58.292693384444000            1.999786450682124            0.000204128985967  
         58.413637600769249            1.999859407953466            0.000130327734535  
         58.534581817094498            1.999865410152474            0.000123568664706  
         58.655526033419747            1.999758294174179            0.000230064775634  
         58.776470249744996            1.999838229855718            0.000149632661777  
         58.897414466070252            1.999868241166278            0.000119218148553  
         59.018358682395501            1.999802254977335            0.000184939520009  
         59.139302898720750            1.999784367246626            0.000202721329495  
         59.260247115045999            1.999881061720906            0.000106022390717  
         59.381191331371248            1.999820284039852            0.000166925723776  
         59.502135547696497            1.999785113793745            0.000202383337627  
         59.623079764021746            1.999849206911693            0.000138694007311  
         59.744023980347002            1.999870629467233            0.000117782544737  
         59.864968196672251            1.999769270819896            0.000219796031995  
         59.985912412997500            1.999840770520119            0.000149074479887  
         60.106856629322749            1.999873769049396            0.000116932427100  
         60.227800845647998            1.999816035273354            0.000175629938243  
         60.348745061973247            1.999795520309817            0.000197222198770  
         60.469689278298496            1.999891288386666            0.000102580593689  
         60.590633494623752            1.999830110668251            0.000164948159219  
         60.711577710949001            1.999800871451259            0.000195454484890  
         60.832521927274250            1.999861116563186            0.000136503833560  
         60.953466143599499            1.999872419373737            0.000126504465945  
         61.074410359924748            1.999782860587475            0.000217398908243  
         61.195354576249997            1.999851879851393            0.000149717815682  
         61.316298792575246            1.999869630850012            0.000133262463226  
         61.437243008900502            1.999816294000161            0.000187873803301  
         61.558187225225751            1.999808266967152            0.000197151731099  
         61.679131441551000            1.999878987429509            0.000127597373498  
         61.800075657876249            1.999820913302778            0.000186768189514  
         61.921019874201498            1.999806450621348            0.000202267734184  
         62.041964090526747            1.999854921846563            0.000154727995805  
         62.162908306851996            1.999846557153132            0.000163907590629  
         62.283852523177252            1.999788474149070            0.000222716163943  
         62.404796739502501            1.999845473172053            0.000166327928840  
         62.525740955827750            1.999849197399505            0.000163067059410  
         62.646685172152999            1.999806895811315            0.000205714740353  
         62.767629388478248            1.999811796249556            0.000201048672179  
         62.888573604803497            1.999860009666782            0.000152910065561  
         63.009517821128746            1.999812472059956            0.000200391370617  
         63.130462037454002            1.999804694216384            0.000208000296652  
         63.251406253779251            1.999847217382912            0.000165167295385  
         63.372350470104500            1.999836654079127            0.000175279548351  
         63.493294686429749            1.999787366649128            0.000224014490482  
         63.614238902754998            1.999837250790761            0.000173466343574  
         63.735183119080247            1.999847221049984            0.000162700925803  
         63.856127335405496            1.999806921749466            0.000202114160281  
         63.977071551730752            1.999799838360422            0.000208239738712  
         64.098015768056001            1.999861302001768            0.000145714473309  
         64.218959984381243            1.999819049033858            0.000186835102736  
         64.339904200706499            1.999796392959797            0.000208317484625  
         64.460848417031755            1.999838472402649            0.000165012531367  
         64.581792633356997            1.999854310093163            0.000147897013491  
         64.702736849682253            1.999784638455486            0.000216285817255  
         64.823681066007495            1.999825681069193            0.000173958702971  
         64.944625282332751            1.999857704972504            0.000140632133194  
         65.065569498657993            1.999822854501139            0.000174201224203  
         65.186513714983249            1.999782901629773            0.000212921366256  
         65.307457931308505            1.999865507598134            0.000129106702332  
         65.428402147633747            1.999836596058727            0.000156857458046  
         65.549346363959003            1.999795432020117            0.000196941296863  
         65.670290580284245            1.999824742758078            0.000166628782665  
         65.791234796609501            1.999870850390157            0.000119584423038  
         65.912179012934743            1.999791307131347            0.000198301482659  
         66.033123229259999            1.999814131697948            0.000174766055042  
         66.154067445585255            1.999857254227007            0.000131025225931  
         66.275011661910497            1.999835805665990            0.000151974837665  
         66.395955878235753            1.999775883568035            0.000211542587474  
         66.516900094560995            1.999858063770517            0.000129123114223  
         66.637844310886251            1.999841995595258            0.000145074492574  
         66.758788527211493            1.999797919601437            0.000189180899132  
         66.879732743536749            1.999815225902006            0.000172043961076  
         67.000676959862005            1.999868387999081            0.000119160866560  
         67.121621176187247            1.999795321091682            0.000192650031420  
         67.242565392512503            1.999810365959080            0.000178163107519  
         67.363509608837745            1.999850488046244            0.000138701689140  
         67.484453825163001            1.999831954912925            0.000158009432498  
         67.605398041488243            1.999779132773385            0.000211730464106  
         67.726342257813499            1.999849909737234            0.000141936383241  
         67.847286474138755            1.999832094805342            0.000160813767231  
         67.968230690463997            1.999796102436046            0.000197957057463  
         68.089174906789253            1.999815872816704            0.000179404205779  
         68.210119123114495            1.999846775162813            0.000149750323491  
         68.331063339439751            1.999791173615163            0.000206652071773  
         68.452007555764993            1.999810835499301            0.000188319853915  
         68.572951772090249            1.999836410426062            0.000164067092540  
         68.693895988415505            1.999808249735061            0.000193548162719  
         68.814840204740747            1.999791715398280            0.000211398946857  
         68.935784421066003            1.999836366704972            0.000168016133895  
         69.056728637391245            1.999811598588212            0.000194002652876  
         69.177672853716501            1.999796172102474            0.000210600027859  
         69.298617070041743            1.999827444707904            0.000180425875629  
         69.419561286366999            1.999818683594139            0.000190184404359  
         69.540505502692255            1.999795732304606            0.000214055787705  
         69.661449719017497            1.999823325870983            0.000187281253117  
         69.782393935342753            1.999832035994216            0.000179262042328  
         69.903338151667995            1.999795306410774            0.000216570234877  
         70.024282367993251            1.999815981368752            0.000196363213585  
         70.145226584318493            1.999836881975792            0.000175785165501  
         70.266170800643749            1.999806984313769            0.000205873658426  
         70.387115016969005            1.999803958757004            0.000208968851108  
         70.508059233294247            1.999841268948501            0.000171593106669  
         70.629003449619503            1.999811901308706            0.000200746169430  
         70.749947665944745            1.999798666907245            0.000213655146123  
         70.870891882270001            1.999827087634563            0.000184783913891  
         70.991836098595243            1.999833382283118            0.000177902096410  
         71.112780314920499            1.999789750823024            0.000220838994125  
         71.233724531245755            1.999808998042305            0.000200803797125  
         71.354668747570997            1.999834461319842            0.000174438127458  
         71.475612963896253            1.999804138896690            0.000203766682228  
         71.596557180221495            1.999789600215234            0.000217245520678  
         71.717501396546751            1.999824204485478            0.000181512671714  
         71.838445612871993            1.999815891321892            0.000188621398458  
         71.959389829197249            1.999783961355640            0.000219320126694  
         72.080334045522505            1.999802621271608            0.000199398862788  
         72.201278261847747            1.999828254381703            0.000172468989761  
         72.322222478173003            1.999793401106815            0.000206021601228  
         72.443166694498245            1.999776785719192            0.000221357511738  
         72.564110910823501            1.999824340648673            0.000172528945618  
