#             time (fs)      |   total net charge (e)  |   charge (atom_1) (e)   |   charge (atom_2) (e)   |        ...        |   charge (atom_N) (e)   |
          0.000000000000000       -0.000000000000000       -0.000000000000000        0.000000000000000
          0.120944216325250       -0.000000053301338       -0.076420046723964        0.076419993422626
          0.241888432650500       -0.000000027608218        0.203882957126459       -0.203882984734678
          0.362832648975750        0.000000015231165       -0.222970580023667        0.222970595254832
          0.483776865301000        0.000000070549656        0.103626488553071       -0.103626418003415
          0.604721081626250        0.000000076967294        0.012437936115058       -0.012437859147765
          0.725665297951500        0.000000033537487        0.018023400641097       -0.018023367103610
          0.846609514276750        0.000000037850414       -0.155267039821610        0.155267077672024
          0.967553730602000        0.000000066484621        0.218081399582559       -0.218081333097938
          1.088497946927250        0.000000146959884       -0.107449655272782        0.107449802232667
          1.209442163252500        0.000000246685478       -0.067357916151115        0.067358162836593
          1.330386379577750        0.000000268294878        0.117508457987073       -0.117508189692194
          1.451330595903000        0.000000268454441       -0.007823247510553        0.007823515964994
          1.572274812228250        0.000000268576462       -0.092871380309054        0.092871648885516
          1.693219028553500        0.000000287047396        0.021853173070074       -0.021852886022678
          1.814163244878750        0.000000343319941        0.167068173905160       -0.167067830585218
          1.935107461204000        0.000000384919752       -0.263304690580476        0.263305075500229
          2.056051677529250        0.000000421021016        0.155566145060458       -0.155565724039442
          2.176995893854500        0.000000452575040        0.030148767388582       -0.030148314813542
          2.297940110179750        0.000000458663428       -0.082699202758156        0.082699661421584
          2.418884326505000        0.000000461047060       -0.033444338364121        0.033444799411181
          2.539828542830250        0.000000461764348        0.134328986730742       -0.134328524966393
          2.660772759155500        0.000000458001248       -0.051360218258138        0.051360676259386
          2.781716975480750        0.000000434328079       -0.153041705121273        0.153042139449352
          2.902661191806000        0.000000407736892        0.260179639371551       -0.260179231634660
          3.023605408131250        0.000000378309822       -0.161183482333218        0.161183860643040
          3.144549624456500        0.000000339783110       -0.013492737904183        0.013493077687293
          3.265493840781750        0.000000324319504        0.056580358346083       -0.056580034026579
          3.386438057107000        0.000000308085452        0.061350647216793       -0.061350339131341
          3.507382273432250        0.000000284825805       -0.162031104972372        0.162031389798177
          3.628326489757500        0.000000234248308        0.089185594948585       -0.089185360700277
          3.749270706082750        0.000000119173455        0.097399671324225       -0.097399552150770
          3.870214922408000        0.000000038699411       -0.200837638132764        0.200837676832175
          3.991159138733250        0.000000006077339        0.127440550298268       -0.127440544220929
          4.112103355058500       -0.000000007678721        0.004136145895269       -0.004136153573990
          4.233047571383750        0.000000003633571       -0.014314600498320        0.014314604131891
          4.353991787709000       -0.000000052462137       -0.115672933896314        0.115672881434177
          4.474936004034250       -0.000000143947434        0.229255946436327       -0.229256090383760
          4.595880220359500       -0.000000216375926       -0.194698740589533        0.194698524213607
          4.716824436684750       -0.000000270713576        0.062377683750400       -0.062377954463976
          4.837768653010000       -0.000000246166480        0.002001536851102       -0.002001783017582
          4.958712869335250       -0.000000222495417        0.078079060887263       -0.078079283382680
          5.079657085660500       -0.000000267452218       -0.199306165998719        0.199305898546501
          5.200601301985750       -0.000000314452689        0.213215921753059       -0.213216236205747
          5.321545518311000       -0.000000341129367       -0.105897076370847        0.105896735241481
          5.442489734636251       -0.000000304948148        0.008379443461835       -0.008379748409983
          5.563433950961501       -0.000000265130799       -0.033286151400130        0.033285886269331
          5.684378167286750       -0.000000297748231        0.135060618251584       -0.135060915999814
          5.805322383612000       -0.000000321832020       -0.171379931377955        0.171379609545935
          5.926266599937250       -0.000000302082153        0.077058816869670       -0.077059118951823
          6.047210816262500       -0.000000268326633        0.058111653695918       -0.058111922022551
          6.168155032587750       -0.000000256038900       -0.099570338250293        0.099570082211393
          6.289099248913001       -0.000000267200175        0.033408622409070       -0.033408889609245
          6.410043465238251       -0.000000265499109        0.023036015643063       -0.023036281142172
          6.530987681563500       -0.000000268753135        0.032314135158966       -0.032314403912101
          6.651931897888750       -0.000000279891518       -0.157434483690146        0.157434203798628
          6.772876114214000       -0.000000287027239        0.215724051169355       -0.215724338196595
          6.893820330539250       -0.000000295620746       -0.144561530711998        0.144561235091252
          7.014764546864500       -0.000000339194018        0.031217910609868       -0.031218249803886
          7.135708763189751       -0.000000417129904       -0.010016780011441        0.010016362881538
          7.256652979515001       -0.000000446106486        0.096462440115822       -0.096462886222308
          7.377597195840250       -0.000000450714202       -0.168455186919730        0.168454736205528
          7.498541412165500       -0.000000522240123        0.118117905001332       -0.118118427241455
          7.619485628490750       -0.000000650324097        0.012508454047229       -0.012509104371326
          7.740429844816000       -0.000000792292973       -0.075859027633192        0.075858235340219
          7.861374061141250       -0.000000853904533        0.001358228568097       -0.001359082472630
          7.982318277466501       -0.000000869063313        0.114274462898133       -0.114275331961446
          8.103262493791750       -0.000000978396847       -0.124054997079127        0.124054018682280
          8.224206710117000       -0.000001152607657        0.011867569909495       -0.011868722517151
          8.345150926442249       -0.000001343249340        0.079714502122375       -0.079715845371715
          8.466095142767500       -0.000001480542873       -0.024273997574913        0.024272517032040
          8.587039359092751       -0.000001532759099       -0.126429815352989        0.126428282593890
          8.707983575418000       -0.000001623836777        0.201745644111656       -0.201747267948433
          8.828927791743251       -0.000001760701672       -0.119788973670600        0.119787212968928
          8.949872008068500       -0.000001915888642       -0.006989732008143        0.006987816119501
          9.070816224393750       -0.000002086121671        0.006787559456105       -0.006789645577776
          9.191760440718999       -0.000002205250532        0.132251217951852       -0.132253423202384
          9.312704657044250       -0.000002303507213       -0.239295862130807        0.239293558623594
          9.433648873369501       -0.000002388130599        0.169668664190866       -0.169671052321466
          9.554593089694750       -0.000002445544392        0.014560024042313       -0.014562469586704
          9.675537306020001       -0.000002533807656       -0.116064326964303        0.116061793156647
          9.796481522345250       -0.000002627709803        0.042967453521986       -0.042970081231789
          9.917425738670500       -0.000002698954632        0.075136072802338       -0.075138771756970
         10.038369954995749       -0.000002746381055       -0.050472551986711        0.050469805605656
         10.159314171321000       -0.000002765623599       -0.122225136567438        0.122222370943840
         10.280258387646251       -0.000002774525226        0.253756194774732       -0.253758969299958
         10.401202603971500       -0.000002773428537       -0.191956871315393        0.191954097886856
         10.522146820296751       -0.000002763599942        0.007384445158978       -0.007387208758920
         10.643091036622000       -0.000002733648853        0.092953606060060       -0.092956339708913
         10.764035252947250       -0.000002674089002       -0.018614861391513        0.018612187302510
         10.884979469272501       -0.000002590196238       -0.096684364199954        0.096681774003716
         11.005923685597750       -0.000002488055409        0.069011174164106       -0.069013662219515
         11.126867901923001       -0.000002411528911        0.102194518335120       -0.102196929864031
         11.247812118248250       -0.000002329107330       -0.235442004413866        0.235439675306536
         11.368756334573501       -0.000002218277169        0.191689071232815       -0.191691289509984
         11.489700550898750       -0.000002100828520       -0.040627322245911        0.040625221417391
         11.610644767224001       -0.000001928450837       -0.029541506068712        0.029539577617876
         11.731588983549251       -0.000001730959706       -0.056329275322287        0.056327544362581
         11.852533199874500       -0.000001548321841        0.173557934885942       -0.173559483207783
         11.973477416199751       -0.000001387167769       -0.161623166682593        0.161621779514824
         12.094421632525000       -0.000001290423848        0.022887364013355       -0.022888654437203
         12.215365848850251       -0.000001156694184        0.086989160018148       -0.086990316712332
         12.336310065175500       -0.000000934334110       -0.051411358867544        0.051410424533435
         12.457254281500751       -0.000000697994678       -0.068137163860372        0.068136465865694
         12.578198497826001       -0.000000490438202        0.114120805813466       -0.114121296251669
         12.699142714151250       -0.000000383938196       -0.030383114237040        0.030382730298845
         12.820086930476501       -0.000000307121308       -0.075620157087357        0.075619849966049
         12.941031146801750       -0.000000142748701        0.070035123682456       -0.070035266431157
         13.061975363127001        0.000000052183968        0.045421554048419       -0.045421501864451
         13.182919579452250        0.000000211678076       -0.138771405513868        0.138771617191944
         13.303863795777501        0.000000291387178        0.113839529415640       -0.113839238028462
         13.424808012102751        0.000000335691048       -0.024203304706930        0.024203640397979
         13.545752228428000        0.000000435678113        0.000458654734258       -0.000458219056144
         13.666696444753251        0.000000540143437       -0.088891997342395        0.088892537485832
         13.787640661078500        0.000000595423204        0.192938467496204       -0.192937872073000
         13.908584877403751        0.000000624044154       -0.193938569779456        0.193939193823610
         14.029529093729000        0.000000647916770        0.093218217495674       -0.093217569578904
         14.150473310054251        0.000000668506671       -0.007187605252534        0.007188273759205
         14.271417526379501        0.000000670056382        0.024320485272292       -0.024319815215910
         14.392361742704750        0.000000668336039       -0.096015420534109        0.096016088870148
         14.513305959030001        0.000000657574708        0.101115291162371       -0.101114633587663
         14.634250175355250        0.000000614294531        0.003538925805904       -0.003538311511373
         14.755194391680501        0.000000561199153       -0.124884652750243        0.124885213949396
         14.876138608005750        0.000000531438058        0.145221842297868       -0.145221310859809
         14.997082824331001        0.000000531505916       -0.066942508528830        0.066943040034745
         15.118027040656251        0.000000484139055        0.008435391451827       -0.008434907312773
         15.238971256981500        0.000000391279269       -0.060739333218999        0.060739724498268
         15.359915473306751        0.000000342690950        0.171913498778797       -0.171913156087847
         15.480859689632000        0.000000328429726       -0.210310320347489        0.210310648777214
         15.601803905957251        0.000000322084130        0.128757536854768       -0.128757214770638
         15.722748122282500        0.000000272902109       -0.026546928290465        0.026547201192574
         15.843692338607751        0.000000184336320        0.032404601973397       -0.032404417637077
         15.964636554933001        0.000000159146070       -0.142553431339512        0.142553590485582
         16.085580771258250        0.000000176197111        0.220659427510866       -0.220659251313755
         16.206524987583499        0.000000202002176       -0.165757417045631        0.165757619047807
         16.327469203908752        0.000000222875196        0.038935252660800       -0.038935029785605
         16.448413420234001        0.000000184016951        0.006901861508086       -0.006901677491135
         16.569357636559250        0.000000150010016        0.082160362669659       -0.082160212659642
         16.690301852884499        0.000000150860576       -0.185970289944451        0.185970440805027
         16.811246069209751        0.000000180431868        0.156111803422282       -0.156111622990414
         16.932190285535000        0.000000257851871       -0.001711197516109        0.001711455367980
         17.053134501860249        0.000000304423042       -0.117256875686139        0.117257180109182
         17.174078718185502        0.000000306223422        0.083756925840062       -0.083756619616640
         17.295022934510751        0.000000307340210        0.028651068104139       -0.028650760763929
         17.415967150836000        0.000000310285222       -0.045337083087882        0.045337393373103
         17.536911367161249        0.000000338884312       -0.086903338135804        0.086903677020115
         17.657855583486501        0.000000372662944        0.226479621691854       -0.226479249028910
         17.778799799811750        0.000000396015478       -0.208903343975651        0.208903739991129
         17.899744016136999        0.000000419547886        0.048880971882279       -0.048880552334393
         18.020688232462252        0.000000427816635        0.075912750130510       -0.075912322313874
         18.141632448787501        0.000000427280928       -0.041915179363004        0.041915606643932
         18.262576665112750        0.000000424433292       -0.068930467914939        0.068930892348231
         18.383520881437999        0.000000418189423        0.076109584303046       -0.076109166113623
         18.504465097763251        0.000000391214886        0.068217749593303       -0.068217358378417
         18.625409314088500        0.000000345966898       -0.217302336757885        0.217302682724783
         18.746353530413749        0.000000303229847        0.210761908819632       -0.210761605589785
         18.867297746739002        0.000000247515403       -0.068957170784456        0.068957418299859
         18.988241963064251        0.000000202962306       -0.035602150270011        0.035602353232317
         19.109186179389500        0.000000175257059       -0.008917984808472        0.008918160065531
         19.230130395714749        0.000000134365901        0.119622712571000       -0.119622578205100
         19.351074612040001        0.000000077100797       -0.130426924066601        0.130427001167398
         19.472018828365250       -0.000000042243340        0.002002980596031       -0.002003022839371
         19.592963044690499       -0.000000175576778        0.133705914730623       -0.133706090307401
         19.713907261015752       -0.000000247046185       -0.138751792094106        0.138751545047921
         19.834851477341001       -0.000000290435128        0.034912398280008       -0.034912688715136
         19.955795693666250       -0.000000318091059        0.028561676556254       -0.028561994647313
         20.076739909991499       -0.000000393481287        0.037548043565058       -0.037548437046345
         20.197684126316751       -0.000000537768122       -0.156497328166934        0.156496790398812
         20.318628342642000       -0.000000651775012        0.188365950078820       -0.188366601853832
         20.439572558967249       -0.000000718185225       -0.101571555859386        0.101570837674161
         20.560516775292502       -0.000000740757889        0.006762682841278       -0.006763423599167
         20.681460991617751       -0.000000768921935       -0.017404314550499        0.017403545628564
         20.802405207943000       -0.000000874485697        0.109990345471276       -0.109991219956973
         20.923349424268253       -0.000000972972658       -0.159103613412438        0.159102640439780
         21.044293640593501       -0.000001008291171        0.092417303487925       -0.092418311779096
         21.165237856918750       -0.000001007711293        0.024231088228145       -0.024232095939438
         21.286182073243999       -0.000001021428490       -0.070296508314220        0.070295486885730
         21.407126289569252       -0.000001085458274        0.020087898374852       -0.020088983833126
         21.528070505894501       -0.000001130787317        0.031067492151133       -0.031068622938450
         21.649014722219750       -0.000001128325944        0.012079912890883       -0.012081041216826
         21.769958938545003       -0.000001123538687       -0.125669140897225        0.125668017358538
         21.890903154870252       -0.000001129304502        0.193871197716836       -0.193872327021339
         22.011847371195501       -0.000001132144710       -0.151005395676354        0.151004263531644
         22.132791587520749       -0.000001131705546        0.058076518636660       -0.058077650342205
         22.253735803846002       -0.000001140869430       -0.027602752045289        0.027601611175859
         22.374680020171251       -0.000001134407102        0.084635367994892       -0.084636502401994
         22.495624236496500       -0.000001104643199       -0.136983320126873        0.136982215483674
         22.616568452821753       -0.000001101799573        0.091862558871125       -0.091863660670698
         22.737512669147002       -0.000001135182473        0.026914043257505       -0.026915178439978
         22.858456885472251       -0.000001167971124       -0.102118942263275        0.102117774292151
         22.979401101797500       -0.000001145133445        0.066692816124656       -0.066693961258102
         23.100345318122752       -0.000001100028280        0.013107028342997       -0.013108128371277
         23.221289534448001       -0.000001135464290       -0.018453125716275        0.018451990251985
         23.342233750773250       -0.000001214576417       -0.075493492083220        0.075492277506803
         23.463177967098503       -0.000001272205626        0.163518701811464       -0.163519974017089
         23.584122183423752       -0.000001283468106       -0.140338136594541        0.140336853126434
         23.705066399749001       -0.000001260267674        0.033257564099873       -0.033258824367547
         23.826010616074250       -0.000001310471986        0.027422726215731       -0.027424036687716
         23.946954832399502       -0.000001423379572        0.032388938477395       -0.032390361856967
         24.067899048724751       -0.000001527496453       -0.132647986035595        0.132646458539142
         24.188843265050000       -0.000001600090300        0.134303547937959       -0.134305148028258
         24.309787481375253       -0.000001611323327       -0.013792076427856        0.013790465104529
         24.430731697700502       -0.000001637225512       -0.103756517177133        0.103754879951622
         24.551675914025751       -0.000001729467287        0.095301369979924       -0.095303099447211
         24.672620130351000       -0.000001837018162        0.005222576840978       -0.005224413859141
         24.793564346676252       -0.000001943544679       -0.044547028786666        0.044545085241986
         24.914508563001501       -0.000002011741543       -0.056613305155336        0.056611293413793
         25.035452779326750       -0.000002051055412        0.197395777625240       -0.197397828680652
         25.156396995652003       -0.000002098820565       -0.216881388035322        0.216879289214758
         25.277341211977252       -0.000002136145905        0.091279004439076       -0.091281140584981
         25.398285428302501       -0.000002179813216        0.034419789452808       -0.034421969266024
         25.519229644627750       -0.000002230278218       -0.024155198914721        0.024152968636503
         25.640173860953002       -0.000002263289525       -0.078917552758220        0.078915289468695
         25.761118077278251       -0.000002277813378        0.107034996950555       -0.107037274763933
         25.882062293603500       -0.000002276573232        0.017571560696186       -0.017573837269418
         26.003006509928753       -0.000002269174393       -0.180645946927989        0.180643677753595
         26.123950726254002       -0.000002250121091        0.213644962675991       -0.213647212797083
         26.244894942579251       -0.000002220351717       -0.097920744631696        0.097918524279979
         26.365839158904500       -0.000002171817392       -0.015382202403985        0.015380030586593
         26.486783375229752       -0.000002092508343       -0.006477532910840        0.006475440402497
         26.607727591555001       -0.000001998226642        0.114610656025247       -0.114612654251889
         26.728671807880250       -0.000001890308281       -0.145697537404119        0.145695647095838
         26.849616024205503       -0.000001804052897        0.030325010375596       -0.030326814428493
         26.970560240530752       -0.000001729447966        0.121586808199030       -0.121588537646996
         27.091504456856001       -0.000001602866037       -0.157820068862662        0.157818465996625
         27.212448673181250       -0.000001441706447        0.067688768593117       -0.067690210299564
         27.333392889506502       -0.000001250021601        0.010206943494842       -0.010208193516442
         27.454337105831751       -0.000001060862568        0.036901815642007       -0.036902876504575
         27.575281322157000       -0.000000924839036       -0.158714132113834        0.158713207274799
         27.696225538482253       -0.000000790729595        0.212157152923672       -0.212157943653267
         27.817169754807502       -0.000000644537552       -0.140189314292346        0.140188669754793
         27.938113971132751       -0.000000467039429        0.037770663438192       -0.037771130477621
         28.059058187458000       -0.000000241278962       -0.032282388644639        0.032282147365677
         28.180002403783252       -0.000000056881354        0.127156316050056       -0.127156372931410
         28.300946620108501        0.000000080417881       -0.203046660997605        0.203046741415486
         28.421890836433750        0.000000206468574        0.169013624790047       -0.169013418321473
         28.542835052759003        0.000000352228602       -0.069923634751337        0.069923986979938
         28.663779269084252        0.000000535304264        0.026749043400175       -0.026748508095911
         28.784723485409501        0.000000673348549       -0.085480655012489        0.085481328361037
         28.905667701734750        0.000000747181836        0.161360262335278       -0.161359515153443
         29.026611918060002        0.000000830237276       -0.146489649604160        0.146490479841436
         29.147556134385251        0.000000930284266        0.039782527626866       -0.039781597342599
         29.268500350710500        0.000001020679528        0.053179999611066       -0.053178978931539
         29.389444567035753        0.000001063191785       -0.050908848902074        0.050909912093859
         29.510388783361002        0.000001078205597       -0.005712238059262        0.005713316264859
         29.631332999686251        0.000001098106573        0.009466986387068       -0.009465888280495
         29.752277216011500        0.000001104308055        0.078839852893458       -0.078838748585403
         29.873221432336752        0.000001094190225       -0.177595666809549        0.177596760999774
         29.994165648662001        0.000001075908330        0.183927023145405       -0.183925947237075
         30.115109864987250        0.000001041122672       -0.098946058283413        0.098947099406085
         30.236054081312503        0.000000970841474        0.026644947981362       -0.026643977139889
         30.356998297637752        0.000000899338318       -0.048320414068530        0.048321313406848
         30.477942513963001        0.000000870888263        0.121358643398951       -0.121357772510688
         30.598886730288250        0.000000823881669       -0.134186821636490        0.134187645518158
         30.719830946613502        0.000000720628112        0.045558575408252       -0.045557854780140
         30.840775162938751        0.000000594763600        0.058553385350356       -0.058552790586756
         30.961719379264000        0.000000508562567       -0.066950578331369        0.066951086893935
         31.082663595589253        0.000000498933593       -0.017530069566819        0.017530568500412
         31.203607811914502        0.000000462829656        0.079612183019690       -0.079611720190034
         31.324552028239751        0.000000346887641       -0.031935057519034        0.031935404406675
         31.445496244565000        0.000000221264273       -0.072850964329746        0.072851185594019
         31.566440460890252        0.000000132308941        0.101909619856606       -0.101909487547665
         31.687384677215501        0.000000128027377       -0.008854913803537        0.008855041830915
         31.808328893540750        0.000000143203947       -0.104667029090555        0.104667172294503
         31.929273109866003        0.000000089981399        0.110632340531439       -0.110632250550040
         32.050217326191252        0.000000010807571       -0.014537374263198        0.014537385070770
         32.171161542516501       -0.000000064885510       -0.045174758801984        0.045174693916475
         32.292105758841750       -0.000000092063795       -0.030647703173214        0.030647611109419
         32.413049975166999       -0.000000066479568        0.171475474699425       -0.171475541178993
         32.533994191492248       -0.000000053820329       -0.218796633337492        0.218796579517163
         32.654938407817504       -0.000000040178909        0.119712850992009       -0.119712891170918
         32.775882624142753       -0.000000036053340        0.004839638881694       -0.004839674935034
         32.896826840468002       -0.000000054558277       -0.007740161548202        0.007740106989924
         33.017771056793251       -0.000000063346986       -0.097713802702593        0.097713739355607
         33.138715273118500       -0.000000065494420        0.150587283806032       -0.150587349300451
         33.259659489443749       -0.000000054547116       -0.045371083717862        0.045371029170746
         33.380603705768998       -0.000000037904985       -0.131124086113767        0.131124048208783
         33.501547922094254       -0.000000032642756        0.201295563128426       -0.201295595771183
         33.622492138419503       -0.000000031259271       -0.111316029936147        0.111315998676876
         33.743436354744752       -0.000000033394982       -0.004835015926816        0.004834982531834
         33.864380571070001       -0.000000036333650       -0.006227317797241        0.006227281463592
         33.985324787395250       -0.000000047816872        0.124319036928583       -0.124319084745455
         34.106269003720499       -0.000000065454862       -0.183098064574905        0.183097999120043
         34.227213220045748       -0.000000102797343        0.081437525519226       -0.081437628316569
         34.348157436371004       -0.000000165150932        0.089611741071667       -0.089611906222599
         34.469101652696253       -0.000000205513210       -0.158361374085739        0.158361168572529
         34.590045869021502       -0.000000232214749        0.079866795674028       -0.079867027888778
         34.710990085346751       -0.000000255306301        0.014296684970390       -0.014296940276691
         34.831934301672000       -0.000000286575703        0.016037312314809       -0.016037598890512
         34.952878517997249       -0.000000372779770       -0.145671203408460        0.145670830628690
         35.073822734322498       -0.000000474759635        0.221930875090533       -0.221931349850168
         35.194766950647754       -0.000000579471705       -0.157141463028954        0.157140883557249
         35.315711166973003       -0.000000681612053        0.033468283239117       -0.033468964851170
         35.436655383298252       -0.000000723421596        0.000921449331529       -0.000922172753125
         35.557599599623501       -0.000000761196542        0.086994301939103       -0.086995063135645
         35.678543815948750       -0.000000835841957       -0.179584594248770        0.179583758406813
         35.799488032273999       -0.000000952028747        0.160430153243892       -0.160431105272639
         35.920432248599248       -0.000001093220930       -0.055846970828327        0.055845877607397
         36.041376464924504       -0.000001164234332       -0.003015394642034        0.003014230407702
         36.162320681249753       -0.000001184206376       -0.057826157211071        0.057824973004695
         36.283264897575002       -0.000001239029038        0.165262788257250       -0.165264027286288
         36.404209113900251       -0.000001325322113       -0.193303234811611        0.193301909489498
         36.525153330225500       -0.000001419518007        0.117178886719042       -0.117180306237049
         36.646097546550749       -0.000001459131096       -0.037425749996829        0.037424290865733
         36.767041762875998       -0.000001469194649        0.053552517356922       -0.053553986551571
         36.887985979201254       -0.000001518262070       -0.139259855583438        0.139258337321368
         37.008930195526503       -0.000001570451291        0.176610316188128       -0.176611886639419
         37.129874411851752       -0.000001590444444       -0.101130569348879        0.101128978904435
         37.250818628177001       -0.000001593514317       -0.020510092526720        0.020508499012403
         37.371762844502250       -0.000001600163295        0.070777522059745       -0.070779122223040
         37.492707060827499       -0.000001604228453       -0.025664476875435        0.025662872646982
         37.613651277152748       -0.000001591413708       -0.020463526813109        0.020461935399401
         37.734595493478004       -0.000001588553543       -0.026098241426013        0.026096652872470
         37.855539709803253       -0.000001585071579        0.139147456108691       -0.139149041180269
         37.976483926128502       -0.000001560435717       -0.201082325115464        0.201080764679747
         38.097428142453751       -0.000001518277579        0.148159450533355       -0.148160968810934
         38.218372358779000       -0.000001501340701       -0.049510812960709        0.049509311620008
         38.339316575104249       -0.000001520014864        0.026580079021078       -0.026581599035942
         38.460260791429498       -0.000001491235975       -0.103727270471498        0.103725779235523
         38.581205007754754       -0.000001418209174        0.176605331665797       -0.176606749874971
         38.702149224080003       -0.000001386631072       -0.142211838073516        0.142210451442444
         38.823093440405252       -0.000001403877843        0.028716149907895       -0.028717553785737
         38.944037656730501       -0.000001449676926        0.031645083031490       -0.031646532708415
         39.064981873055750       -0.000001433568433        0.034504453198518       -0.034505886766951
         39.185926089380999       -0.000001355962172       -0.146428290546315        0.146426934584143
         39.306870305706248       -0.000001329524285        0.166153335272028       -0.166154664796313
         39.427814522031504       -0.000001357442053       -0.068790281709446        0.068788924267393
         39.548758738356753       -0.000001421768087       -0.020066562285810        0.020065140517723
         39.669702954682002       -0.000001473261142       -0.022836321100319        0.022834847839176
         39.790647171007251       -0.000001460239803        0.158593984760677       -0.158595445000480
         39.911591387332500       -0.000001453091371       -0.228122881744433        0.228121428653062
         40.032535603657749       -0.000001453355795        0.146050195020476       -0.146051648376271
         40.153479819982998       -0.000001468478274       -0.009371219311108        0.009369750832834
         40.274424036308254       -0.000001533495834       -0.018219229166521        0.018217695670688
         40.395368252633503       -0.000001595616836       -0.087014967030314        0.087013371413478
         40.516312468958752       -0.000001646609020        0.171762992750837       -0.171764639359857
         40.637256685284001       -0.000001677557893       -0.095877054924952        0.095875377367059
         40.758200901609250       -0.000001679476547       -0.088555571225372        0.088553891748825
         40.879145117934499       -0.000001699487470        0.194700092513798       -0.194701792001269
         41.000089334259748       -0.000001727909003       -0.126417004972392        0.126415277063389
         41.121033550585004       -0.000001749349866       -0.003657687982827        0.003655938632961
         41.241977766910253       -0.000001764248774        0.014699201228449       -0.014700965477223
         41.362921983235502       -0.000001765176799        0.112765927083084       -0.112767692259883
         41.483866199560751       -0.000001755584900       -0.210168280747678        0.210166525162778
         41.604810415886000       -0.000001738830581        0.132806982259991       -0.132808721090572
         41.725754632211249       -0.000001726361214        0.058132894131155       -0.058134620492369
         41.846698848536505       -0.000001694398387       -0.168326063618078        0.168324369219691
         41.967643064861754       -0.000001635659840        0.104776822909184       -0.104778458569024
         42.088587281187003       -0.000001556676723        0.014816741121685       -0.014818297798407
         42.209531497512252       -0.000001450765254       -0.013547500996065        0.013546050230811
         42.330475713837501       -0.000001360255199       -0.122165915024610        0.122164554769410
         42.451419930162750       -0.000001272298414        0.229703712916508       -0.229704985214923
         42.572364146487999       -0.000001178817152       -0.176360519492060        0.176359340674907
         42.693308362813255       -0.000001099874688        0.021159177732639       -0.021160277607327
         42.814252579138504       -0.000000954977493        0.060767891212344       -0.060768846189837
         42.935196795463753       -0.000000751196236        0.008231536825868       -0.008232288022104
         43.056141011789002       -0.000000541930012       -0.117648244291989        0.117647702361977
         43.177085228114251       -0.000000359903202        0.113085723388129       -0.113086083291332
         43.298029444439500       -0.000000261014078        0.011903887185951       -0.011904148200029
         43.418973660764749       -0.000000144132996       -0.114689831881219        0.114689687748223
         43.539917877090005        0.000000063483462        0.081064962175249       -0.081064898691787
         43.660862093415254        0.000000303813911        0.037816994360042       -0.037816690546131
         43.781806309740503        0.000000528555285       -0.092511359961327        0.092511888516612
         43.902750526065752        0.000000655080519        0.022480088045398       -0.022479432964879
         44.023694742391001        0.000000742512599        0.074628116531028       -0.074627374018429
         44.144638958716250        0.000000908305682       -0.067758452837560        0.067759361143242
         44.265583175041499        0.000001104947214       -0.048338772948187        0.048339877895401
         44.386527391366755        0.000001266525894        0.147864257805471       -0.147862991279577
         44.507471607692004        0.000001358805647       -0.131308949791116        0.131310308596763
         44.628415824017253        0.000001420595489        0.043962693464978       -0.043961272869489
         44.749360040342502        0.000001520206053       -0.014213492705187        0.014215012911240
         44.870304256667751        0.000001609130319        0.094425246909036       -0.094423637778718
         44.991248472993000        0.000001653664949       -0.193434092681692        0.193435746346641
         45.112192689318249        0.000001675481395        0.190138839579278       -0.190137164097884
         45.233136905643505        0.000001681274691       -0.079893167297775        0.079894848572466
         45.354081121968754        0.000001664210035       -0.019465964692988        0.019467628903023
         45.475025338294003        0.000001632430854        0.010486718535353       -0.010485086104498
         45.595969554619252        0.000001610691038        0.063858405043006       -0.063856794351969
         45.716913770944501        0.000001556477235       -0.077176274683677        0.077177831160911
         45.837857987269750        0.000001446431173       -0.023737430525395        0.023738876956568
         45.958802203594999        0.000001328727028        0.146986218647021       -0.146984889919993
         46.079746419920255        0.000001236012661       -0.165924909309279        0.165926145321939
         46.200690636245504        0.000001171791314        0.076294810700973       -0.076293638909660
         46.321634852570753        0.000001042113228       -0.003225411863676        0.003226453976904
         46.442579068896002        0.000000852934392        0.051277950794912       -0.051277097860521
         46.563523285221251        0.000000709482086       -0.171358855354722        0.171359564836808
         46.684467501546500        0.000000601671370        0.218468743321476       -0.218468141650106
         46.805411717871749        0.000000507856830       -0.132214270310214        0.132214778167045
         46.926355934197005        0.000000376835694        0.015491818105289       -0.015491441269595
         47.047300150522254        0.000000179368349       -0.014063780158243        0.014063959526592
         47.168244366847503        0.000000027325442        0.132629209403538       -0.132629182078096
         47.289188583172752       -0.000000080902695       -0.221283858833051        0.221283777930356
         47.410132799498001       -0.000000151150651        0.159264668217912       -0.159264819368563
         47.531077015823250       -0.000000195441179       -0.006791642469985        0.006791447028805
         47.652021232148499       -0.000000311017999       -0.063414263910291        0.063413952892292
         47.772965448473755       -0.000000450524664       -0.020898612584046        0.020898162059382
         47.893909664799004       -0.000000564599324        0.132827888322230       -0.132828452921554
         48.014853881124253       -0.000000644066264       -0.100423246770340        0.100422602704076
         48.135798097449502       -0.000000652952197       -0.074974741068898        0.074974088116701
         48.256742313774751       -0.000000666159373        0.212972546983736       -0.212973213143109
         48.377686530100000       -0.000000706038371       -0.170973029764580        0.170972323726209
         48.498630746425249       -0.000000736531138        0.020438546666566       -0.020439283197704
         48.619574962750505       -0.000000775526586        0.038542891781362       -0.038543667307949
         48.740519179075754       -0.000000799580669        0.071059921641026       -0.071060721221695
         48.861463395401003       -0.000000810252262       -0.201269869844381        0.201269059592119
         48.982407611726252       -0.000000814407484        0.163205587362948       -0.163206401770432
         49.103351828051501       -0.000000811884479        0.034736130921136       -0.034736942805615
         49.224296044376750       -0.000000812978458       -0.192217998328662        0.192217185350205
         49.345240260701999       -0.000000811011299        0.157733206190287       -0.157734017201587
         49.466184477027255       -0.000000806437108       -0.010752221418228        0.010751414981121
         49.587128693352504       -0.000000792523952       -0.040619283229496        0.040618490705545
         49.708072909677753       -0.000000786053704       -0.078020280578841        0.078019494525137
         49.829017126003002       -0.000000793954139        0.215286772478575       -0.215287566432714
         49.949961342328251       -0.000000804461646       -0.187216782567781        0.187215978106135
         50.070905558653500       -0.000000853848193        0.006028364552005       -0.006029218400198
         50.191849774978749       -0.000000886511765        0.136938473709633       -0.136939360221398
         50.312793991304005       -0.000000870506274       -0.104099205032372        0.104098334526097
         50.433738207629254       -0.000000850357054       -0.024756973363185        0.024756123006131
         50.554682423954503       -0.000000827527036        0.058286915312308       -0.058287742839345
         50.675626640279752       -0.000000874441430        0.065996155813441       -0.065997030254871
         50.796570856605001       -0.000000971275883       -0.210033606550951        0.210032635275068
         50.917515072930250       -0.000001034490491        0.212791172703882       -0.212792207194373
         51.038459289255499       -0.000001083919166       -0.085397402257190        0.085396318338024
         51.159403505580755       -0.000001083159918       -0.007243481795888        0.007242398635970
         51.280347721906004       -0.000001074271681       -0.049376059899418        0.049374985627737
         51.401291938231253       -0.000001142775378        0.181388571539137       -0.181389714314514
         51.522236154556502       -0.000001226683878       -0.226426693513250        0.226425466829372
         51.643180370881751       -0.000001311637947        0.134260997090768       -0.134262308728715
         51.764124587207000       -0.000001343548249       -0.021797431291614        0.021796087743364
         51.885068803532249       -0.000001327763689        0.026863107870891       -0.026864435634580
         52.006013019857505       -0.000001378873317       -0.137657084533547        0.137655705660230
         52.126957236182754       -0.000001462961654        0.211679472492547       -0.211680935454201
         52.247901452508003       -0.000001510012645       -0.152623359983890        0.152621849971244
         52.368845668833252       -0.000001518405551        0.023011121938532       -0.023012640344084
         52.489789885158501       -0.000001513700280        0.034710627700456       -0.034712141400736
         52.610734101483750       -0.000001559385706        0.024648481458188       -0.024650040843894
         52.731678317808999       -0.000001606417013       -0.096443541344616        0.096441934927603
         52.852622534134255       -0.000001611723967        0.058837414920208       -0.058839026644175
         52.973566750459504       -0.000001608739759        0.077306532756224       -0.077308141495983
         53.094510966784753       -0.000001609784972       -0.177522210024329        0.177520600239357
         53.215455183110002       -0.000001601405134        0.149005428315738       -0.149007029720873
         53.336399399435251       -0.000001581266404       -0.050899926666991        0.050898345400587
         53.457343615760500       -0.000001584988050        0.020400416546835       -0.020402001534884
         53.578287832085749       -0.000001580465860       -0.104240336403528        0.104238755937668
         53.699232048411005       -0.000001530585983        0.198113440856430       -0.198114971442413
         53.820176264736254       -0.000001485954072       -0.177515247746218        0.177513761792146
         53.941120481061503       -0.000001475382000        0.051907744725372       -0.051909220107372
         54.062064697386752       -0.000001500894082        0.039792362440839       -0.039793863334921
         54.183008913712001       -0.000001473920609        0.002738898600769       -0.002740372521378
         54.303953130037250       -0.000001360811339       -0.114598000219630        0.114596639408292
         54.424897346362499       -0.000001298229660        0.145254171047670       -0.145255469277329
         54.545841562687755       -0.000001313898175       -0.043083854694984        0.043082540796809
         54.666785779013004       -0.000001356441262       -0.073593074039768        0.073591717598506
         54.787729995338253       -0.000001360340099        0.058229534291265       -0.058230894631364
         54.908674211663502       -0.000001258379839        0.078052290662077       -0.078053549041916
         55.029618427988751       -0.000001178551579       -0.175986034219147        0.175984855667568
         55.150562644314000       -0.000001180564489        0.120858890530490       -0.120860071094979
         55.271506860639249       -0.000001215546786        0.011366524491629       -0.011367740038415
         55.392451076964505       -0.000001271928988       -0.040993522661053        0.040992250732065
         55.513395293289754       -0.000001264943888       -0.088935041594211        0.088933776650323
         55.634339509615003       -0.000001223997870        0.233262694784543       -0.233263918782412
         55.755283725940252       -0.000001208235911       -0.219397337077822        0.219396128841911
         55.876227942265501       -0.000001179921789        0.059837534575883       -0.059838714497672
         55.997172158590750       -0.000001196484832        0.057772885482359       -0.057774081967191
         56.118116374915999       -0.000001246179483       -0.000868182078099        0.000866935898616
         56.239060591241255       -0.000001282585129       -0.136733801600552        0.136732519015423
         56.360004807566504       -0.000001312724775        0.148349240508497       -0.148350553233272
         56.480949023891753       -0.000001312369799        0.024077360629340       -0.024078672999139
         56.601893240217002       -0.000001308187673       -0.210877552827824        0.210876244640151
         56.722837456542251       -0.000001319722494        0.217439854510262       -0.217441174232756
         56.843781672867500       -0.000001326631371       -0.060071674518090        0.060070347886719
         56.964725889192749       -0.000001333260327       -0.054459079119551        0.054457745859224
         57.085670105518005       -0.000001329744205       -0.013566844426674        0.013565514682469
         57.206614321843254       -0.000001316165278        0.161141464278563       -0.161142780443841
         57.327558538168503       -0.000001290006810       -0.174500936527245        0.174499646520435
         57.448502754493752       -0.000001275992798       -0.000355984606434        0.000354708613636
         57.569446970819001       -0.000001264132228        0.189121163865981       -0.189122427998209
         57.690391187144250       -0.000001217620291       -0.201185134583215        0.201183916962924
         57.811335403469499       -0.000001159498153        0.057946320826485       -0.057947480324639
         57.932279619794755       -0.000001068028815        0.039597677275627       -0.039598745304442
         58.053223836120004       -0.000000955275008        0.037305036263691       -0.037305991538699
         58.174168052445253       -0.000000861563903       -0.188120489569543        0.188119628005639
         58.295112268770502       -0.000000762235379        0.216787178477541       -0.216787940712920
         58.416056485095751       -0.000000701745431       -0.076537886445219        0.076537184699787
         58.537000701421000       -0.000000626225311       -0.077688008537792        0.077687382312480
         58.657944917746249       -0.000000451796148        0.081241440536737       -0.081241892332885
         58.778889134071505       -0.000000242042553        0.042354638692138       -0.042354880734691
         58.899833350396754       -0.000000026515414       -0.117382865795763        0.117382839280349
         59.020777566722003        0.000000113556478        0.038551244563683       -0.038551131007205
         59.141721783047252        0.000000181548671        0.104311550050990       -0.104311368502320
         59.262665999372501        0.000000330105733       -0.144762056278049        0.144762386383782
         59.383610215697750        0.000000548183690        0.042018978739352       -0.042018430555661
         59.504554432022999        0.000000785706047        0.073351142410884       -0.073350356704837
         59.625498648348255        0.000000969448217       -0.064560359315105        0.064561328763322
         59.746442864673504        0.000001045954985       -0.043558758954369        0.043559804909354
         59.867387080998753        0.000001154728254        0.103507051605489       -0.103505896877235
         59.988331297324002        0.000001336020053       -0.026462938342902        0.026464274362955
         60.109275513649251        0.000001511359299       -0.110387797703663        0.110389309062962
         60.230219729974500        0.000001631598416        0.161069292309410       -0.161067660710994
         60.351163946299749        0.000001688550296       -0.090560174712206        0.090561863262502
         60.472108162625005        0.000001756473185        0.010219848787988       -0.010218092314804
         60.593052378950254        0.000001843108323       -0.038104967558105        0.038106810666427
         60.713996595275503        0.000001892598873        0.151548511201181       -0.151546618602307
         60.834940811600752        0.000001911559492       -0.214629607962538        0.214631519522031
         60.955885027926001        0.000001910415378        0.145987727465758       -0.145985817050380
         61.076829244251250        0.000001882347868       -0.016169840308135        0.016171722656003
         61.197773460576499        0.000001828178237       -0.035807732744972        0.035809560923209
         61.318717676901755        0.000001784710942       -0.026506920871618        0.026508705582560
         61.439661893227004        0.000001741751527        0.094705594164148       -0.094703852412621
         61.560606109552253        0.000001628113869       -0.051282886867321        0.051284514981190
         61.681550325877502        0.000001473849305       -0.083376762299436        0.083378236148741
         61.802494542202751        0.000001330480469        0.169737439352176       -0.169736108871707
         61.923438758528000        0.000001231881842       -0.121737666333102        0.121738898214944
         62.044382974853249        0.000001132647399        0.013726723305575       -0.013725590658177
         62.165327191178505        0.000000930640679        0.007537440106383       -0.007536509465704
         62.286271407503754        0.000000711516751        0.097272152757781       -0.097271441241030
         62.407215623829003        0.000000539517626       -0.205291347002939        0.205291886520566
         62.528159840154252        0.000000405373380        0.183031112547094       -0.183030707173714
         62.649104056479501        0.000000296314948       -0.053235331873965        0.053235628188914
         62.770048272804750        0.000000108318399       -0.027943088884474        0.027943197202874
         62.890992489129999       -0.000000123339757       -0.039336580058284        0.039336456718527
         63.011936705455255       -0.000000308870050        0.167016099033307       -0.167016407903358
         63.132880921780504       -0.000000457286837       -0.183100918987475        0.183100461700638
         63.253825138105753       -0.000000529711908        0.045792470943897       -0.045793000655805
         63.374769354431002       -0.000000609874401        0.100505388659712       -0.100505998534114
         63.495713570756251       -0.000000764564176       -0.098307969646146        0.098307205081970
         63.616657787081500       -0.000000916120927       -0.025433693358501        0.025432777237575
         63.737602003406749       -0.000001051939713        0.086219449744541       -0.086220501684255
         63.858546219732006       -0.000001132937151        0.026395624177930       -0.026396757115081
         63.979490436057254       -0.000001166981341       -0.203460659838273        0.203459492856932
         64.100434652382503       -0.000001212798308        0.245529936456252       -0.245531149254559
         64.221378868707745       -0.000001246336281       -0.105917925908423        0.105916679572142
         64.342323085033001       -0.000001281179223       -0.049466370939303        0.049465089760080
         64.463267301358258       -0.000001324816197        0.044536772580046       -0.044538097396243
         64.584211517683499       -0.000001349691316        0.086668618210799       -0.086669967902115
         64.705155734008756       -0.000001359932478       -0.142470295005617        0.142468935073139
         64.826099950333997       -0.000001358311042        0.010231605385845       -0.010232963696887
         64.947044166659254       -0.000001357857161        0.188129246767451       -0.188130604624612
         65.067988382984495       -0.000001352171902       -0.243164586184639        0.243163234012736
         65.188932599309751       -0.000001344799344        0.111136800072576       -0.111138144871920
         65.309876815635008       -0.000001331953963        0.035900845727176       -0.035902177681139
         65.430821031960249       -0.000001298234387       -0.023889795822647        0.023888497588260
         65.551765248285506       -0.000001267582376       -0.108979111340478        0.108977843758103
         65.672709464610747       -0.000001236458927        0.166815531212004       -0.166816767670931
         65.793653680936004       -0.000001240302886       -0.045877339275689        0.045876098972802
         65.914597897261245       -0.000001282160080       -0.137909181353104        0.137907899193024
         66.035542113586502       -0.000001280222724        0.194673381871993       -0.194674662094717
         66.156486329911758       -0.000001254537860       -0.089858357176177        0.089857102638316
         66.277430546236999       -0.000001212660368       -0.019644895543909        0.019643682883541
         66.398374762562256       -0.000001172223641       -0.016405697454291        0.016404525230651
         66.519318978887497       -0.000001205370563        0.158008898786326       -0.158010104156889
         66.640263195212754       -0.000001254448006       -0.234185636200231        0.234184381752225
         66.761207411537995       -0.000001309479154        0.157986419629923       -0.157987729109077
         66.882151627863252       -0.000001348064266       -0.027757259395183        0.027755911330918
         67.003095844188508       -0.000001314633952        0.002683858566818       -0.002685173200770
         67.124040060513749       -0.000001303842048       -0.107930478806518        0.107929174964471
         67.244984276839006       -0.000001350743289        0.209569765510748       -0.209571116254037
         67.365928493164247       -0.000001422234128       -0.186014662443287        0.186013240209159
         67.486872709489504       -0.000001492035056        0.073018802499757       -0.073020294534812
         67.607816925814745       -0.000001487759323       -0.013264314441236        0.013262826681913
         67.728761142140002       -0.000001483551256        0.079656009065573       -0.079657492616829
         67.849705358465258       -0.000001543331214       -0.185969665193364        0.185968121862151
         67.970649574790500       -0.000001602780956        0.197762634524074       -0.197764237305030
         68.091593791115756       -0.000001629130719       -0.094249493848791        0.094247864718072
         68.212538007440997       -0.000001625668411       -0.010768724258999        0.010767098590588
         68.333482223766254       -0.000001641257807        0.010294041073146       -0.010295682330952
         68.454426440091495       -0.000001685367396        0.063841250492336       -0.063842935859731
         68.575370656416752       -0.000001701389023       -0.085877941605367        0.085876240216344
         68.696314872742008       -0.000001699902401       -0.007984747061720        0.007983047159320
         68.817259089067250       -0.000001699141121        0.137900962710231       -0.137902661851352
         68.938203305392506       -0.000001689799732       -0.176305870164936        0.176304180365204
         69.059147521717748       -0.000001658927197        0.103546055116599       -0.103547714043797
         69.180091738043004       -0.000001640145566       -0.028325916012972        0.028324275867406
         69.301035954368245       -0.000001640129850        0.055408361355104       -0.055410001484955
         69.421980170693502       -0.000001595720327       -0.154375656791935        0.154374061071608
         69.542924387018758       -0.000001522169389        0.197839779279113       -0.197841301448503
         69.663868603344000       -0.000001473126822       -0.120086155836622        0.120084682709800
         69.784812819669256       -0.000001462234900        0.001668168970272       -0.001669631205172
         69.905757035994498       -0.000001451318603        0.023507292628856       -0.023508743947458
         70.026701252319754       -0.000001348722696        0.065420269573735       -0.065421618296431
         70.147645468644996       -0.000001219442303       -0.149093363386772        0.149092143944470
         70.268589684970252       -0.000001164111316        0.114214473560838       -0.114215637672154
         70.389533901295508       -0.000001154457191        0.004269083751491       -0.004270238208681
         70.510478117620750       -0.000001153487101       -0.059424437151719        0.059423283664618
         70.631422333946006       -0.000001076214669       -0.024986075283407        0.024984999068738
         70.752366550271248       -0.000000941183838        0.155070547081503       -0.155071488265341
         70.873310766596504       -0.000000863472787       -0.179343365553698        0.179342502080911
         70.994254982921746       -0.000000824760482        0.074910762466162       -0.074911587226643
         71.115199199247002       -0.000000819791293        0.018427218707567       -0.018428038498860
         71.236143415572258       -0.000000814421607        0.030112192605328       -0.030113007026935
         71.357087631897500       -0.000000762207028       -0.172490771384665        0.172490009177637
         71.478031848222756       -0.000000712516903        0.235210976105009       -0.235211688621912
         71.598976064547998       -0.000000654535144       -0.131928544227104        0.131927889691960
         71.719920280873254       -0.000000602162175       -0.027446926272005        0.027446324109829
         71.840864497198496       -0.000000601910010        0.068274774483779       -0.068275376393789
         71.961808713523752       -0.000000612463997        0.031697595932107       -0.031698208396104
         72.082752929849008       -0.000000621832413       -0.111267398298809        0.111266776466395
         72.203697146174250       -0.000000619355076        0.029370018007323       -0.029370637362399
         72.324641362499506       -0.000000604516225        0.152660751331969       -0.152661355848194
         72.445585578824748       -0.000000599571952       -0.241686418281177        0.241685818709225
         72.566529795150004       -0.000000597611593        0.147120960520802       -0.147121558132395
