#  GS molecular orbital populations, spin channel : 1
#          time (fs)            |   population (orb 1)       |    population (orb 2)      |           ...              |    population (orb N)      |
          0.118525331998745            1.999982375347273            0.000000901550181  
          0.239469548323995            1.999984029149302            0.000000260555147  
          0.360413764649245            1.999982519191367            0.000002950850659  
          0.481357980974495            1.999985522482626            0.000001283480247  
          0.602302197299745            1.999986859872730            0.000001423591677  
          0.723246413624995            1.999987863053376            0.000002024455656  
          0.844190629950245            1.999990806791692            0.000000794230646  
          0.965134846275495            1.999991272253417            0.000002133587679  
          1.086079062600745            1.999987204316596            0.000008079156504  
          1.207023278925995            1.999990814804880            0.000006398456224  
          1.327967495251245            1.999992709865212            0.000006463719656  
          1.448911711576495            1.999995729652547            0.000005413361175  
          1.569855927901745            1.999997529806470            0.000005570379451  
          1.690800144226995            1.999995809812906            0.000009214471175  
          1.811744360552245            1.999994080693377            0.000012814240399  
          1.932688576877495            1.999992433246816            0.000016258846525  
          2.053632793202745            1.999991238733672            0.000019157495759  
          2.174577009527995            2.000002572414103            0.000009414999330  
          2.295521225853245            1.999999609765973            0.000013839590615  
          2.416465442178495            1.999988794924626            0.000025974427083  
          2.537409658503745            1.999995671101543            0.000020261448181  
          2.658353874828995            1.999988829162830            0.000028098302389  
          2.779298091154245            1.999974636166413            0.000043111535132  
          2.900242307479495            1.999996151397085            0.000022229124631  
          3.021186523804745            1.999995805249439            0.000023013307933  
          3.142130740129995            1.999969060936777            0.000050005255365  
          3.263074956455245            1.999978425066569            0.000040693610858  
          3.384019172780495            1.999976145450712            0.000042827318481  
          3.504963389105745            1.999945691231784            0.000072949290226  
          3.625907605430995            1.999961186732925            0.000056934493697  
          3.746851821756245            1.999975963312258            0.000041449145160  
          3.867796038081495            1.999947129041981            0.000069404330667  
          3.988740254406745            1.999937866096199            0.000077628666914  
          4.109684470731995            1.999943613893604            0.000070685268042  
          4.230628687057245            1.999917893867521            0.000095073415838  
          4.351572903382495            1.999900743933251            0.000110771325541  
          4.472517119707745            1.999920012205790            0.000089935437379  
          4.593461336032996            1.999926731110486            0.000081549522219  
          4.714405552358246            1.999891567877607            0.000114970375434  
          4.835349768683495            1.999884579197686            0.000120157835615  
          4.956293985008745            1.999897372304838            0.000105517085758  
          5.077238201333995            1.999849775742779            0.000151242683305  
          5.198182417659245            1.999831033691644            0.000168114201517  
          5.319126633984495            1.999889335811298            0.000107945936849  
          5.440070850309746            1.999861790199811            0.000133646393837  
          5.561015066634996            1.999815476530303            0.000178171522220  
          5.681959282960245            1.999866888831587            0.000125035445144  
          5.802903499285495            1.999838541298105            0.000151732060179  
          5.923847715610745            1.999759823518383            0.000228908449672  
          6.044791931935995            1.999822692015367            0.000164617272120  
          6.165736148261245            1.999847022946164            0.000138976164576  
          6.286680364586495            1.999775301707344            0.000209529076526  
          6.407624580911745            1.999811064249598            0.000172762068972  
          6.528568797236995            1.999842917008286            0.000140061255631  
          6.649513013562244            1.999753712638465            0.000228588742493  
          6.770457229887494            1.999750832355348            0.000230988768295  
          6.891401446212745            1.999820091647277            0.000161434212929  
          7.012345662537995            1.999787618647705            0.000193786427107  
          7.133289878863245            1.999757324052972            0.000224161733899  
          7.254234095188495            1.999815361009098            0.000166408468693  
          7.375178311513745            1.999796449155678            0.000185780989891  
          7.496122527838994            1.999715859549737            0.000267025799848  
          7.617066744164244            1.999759465321104            0.000224276015227  
          7.738010960489495            1.999820244715972            0.000164507096929  
          7.858955176814745            1.999748832132724            0.000237085693842  
          7.979899393139995            1.999749778200789            0.000237480668664  
          8.100843609465246            1.999823764240919            0.000164964938513  
          8.221787825790495            1.999735087711925            0.000255225884201  
          8.342732042115745            1.999682572351516            0.000309459541585  
          8.463676258440994            1.999809745595447            0.000184086082262  
          8.584620474766245            1.999783803318407            0.000211874712624  
          8.705564691091494            1.999684695612178            0.000312900753786  
          8.826508907416745            1.999779401888273            0.000220145546024  
          8.947453123741996            1.999773119648220            0.000228366673979  
          9.068397340067245            1.999632460891715            0.000370975710460  
          9.189341556392495            1.999719859568340            0.000285501766353  
          9.310285772717744            1.999802182410306            0.000205016750466  
          9.431229989042995            1.999660778817947            0.000348198452457  
          9.552174205368244            1.999657156350622            0.000353526461716  
          9.673118421693495            1.999751326790576            0.000260923511305  
          9.794062638018746            1.999629557084364            0.000384146021448  
          9.915006854343995            1.999572359162861            0.000442684909206  
         10.035951070669245            1.999719029354541            0.000297166945917  
         10.156895286994494            1.999673676666422            0.000343496450760  
         10.277839503319745            1.999514177955328            0.000503836068828  
         10.398783719644994            1.999598912054861            0.000419744062874  
         10.519727935970245            1.999628361199498            0.000390730116446  
         10.640672152295496            1.999437904722601            0.000581472958965  
         10.761616368620745            1.999490543294402            0.000528924594851  
         10.882560584945995            1.999640212667563            0.000379108700753  
         11.003504801271244            1.999432961606754            0.000586051640147  
         11.124449017596495            1.999337808605314            0.000680738969830  
         11.245393233921744            1.999525185648265            0.000492677630379  
         11.366337450246995            1.999374519928957            0.000642498474041  
         11.487281666572246            1.999193977188553            0.000822081284236  
         11.608225882897495            1.999442155592057            0.000572753738825  
         11.729170099222745            1.999416924729341            0.000596668662191  
         11.850114315547994            1.999117868311077            0.000894336352409  
         11.971058531873245            1.999267339249297            0.000743362219872  
         12.092002748198494            1.999345172761733            0.000663889245743  
         12.212946964523745            1.999015896856888            0.000991488519636  
         12.333891180848996            1.999088928684074            0.000916740261284  
         12.454835397174245            1.999338306766573            0.000665544148996  
         12.575779613499495            1.999079399884097            0.000922605245704  
         12.696723829824744            1.998971467312701            0.001028726771292  
         12.817668046149995            1.999235995618613            0.000762368080468  
         12.938612262475244            1.999066108972297            0.000930422885075  
         13.059556478800495            1.998811363381236            0.001183427932486  
         13.180500695125746            1.999100636025469            0.000892479615103  
         13.301444911450995            1.999170217441897            0.000821234666611  
         13.422389127776245            1.998849265276146            0.001140628767893  
         13.543333344101494            1.999007535356596            0.000980953828550  
         13.664277560426745            1.999203698995541            0.000783453384956  
         13.785221776751994            1.998834470157301            0.001151463170494  
         13.906165993077245            1.998821026233013            0.001163909378980  
         14.027110209402496            1.999196352401768            0.000787709609210  
         14.148054425727745            1.998980876604460            0.001002407046952  
         14.268998642052996            1.998806508840284            0.001176234304169  
         14.389942858378244            1.999189794934033            0.000792601522676  
         14.510887074703495            1.999083617076970            0.000898535202973  
         14.631831291028744            1.998719051088771            0.001263092762168  
         14.752775507353995            1.999045577729992            0.000936804075038  
         14.873719723679246            1.999194561927833            0.000788154080232  
         14.994663940004495            1.998820222519725            0.001163004803131  
         15.115608156329746            1.998992451434662            0.000991546644893  
         15.236552372654995            1.999266628479799            0.000718253456740  
         15.357496588980245            1.998868594344577            0.001117302719665  
         15.478440805305494            1.998810649467321            0.001176512186992  
         15.599385021630745            1.999226905442161            0.000761632511259  
         15.720329237955996            1.999031125469473            0.000958840546561  
         15.841273454281245            1.998792884087991            0.001198697869848  
         15.962217670606496            1.999172632515858            0.000820668859636  
         16.083161886931745            1.999112164012556            0.000882856966788  
         16.204106103256994            1.998678921032591            0.001317949758837  
         16.325050319582246            1.998972387755075            0.001026411849376  
         16.445994535907495            1.999205438457957            0.000795212647624  
         16.566938752232744            1.998757020835957            0.001245517214407  
         16.687882968557997            1.998821728108398            0.001182741396323  
         16.808827184883246            1.999173525303010            0.000832747909573  
         16.929771401208495            1.998732065269815            0.001275976650634  
         17.050715617533744            1.998550724066702            0.001459107941682  
         17.171659833858996            1.999069332086104            0.000942103413735  
         17.292604050184245            1.998862759596213            0.001150138588935  
         17.413548266509494            1.998421605941724            0.001592745999912  
         17.534492482834747            1.998841838660172            0.001173765684804  
         17.655436699159996            1.998832481487341            0.001184162161500  
         17.776380915485245            1.998205623089714            0.001812039900908  
         17.897325131810494            1.998506356718435            0.001512136259168  
         18.018269348135746            1.998857671291395            0.001161347611764  
         18.139213564460995            1.998210430504355            0.001809044858590  
         18.260157780786244            1.998160164555205            0.001859631633065  
         18.381101997111497            1.998665093962046            0.001354695634360  
         18.502046213436746            1.998105348569256            0.001914326045810  
         18.622990429761995            1.997723474626561            0.002296026874844  
         18.743934646087244            1.998401956341201            0.001617052966586  
         18.864878862412496            1.998202003878977            0.001816317503436  
         18.985823078737745            1.997498171805680            0.002519452781937  
         19.106767295062994            1.998011776490599            0.002004920067335  
         19.227711511388247            1.998124350012779            0.001891183226396  
         19.348655727713496            1.997210030750344            0.002804366287964  
         19.469599944038745            1.997473402620831            0.002539755662041  
         19.590544160363994            1.998061928878555            0.001949730714337  
         19.711488376689246            1.997264838652527            0.002745302655507  
         19.832432593014495            1.997107680231988            0.002900960321060  
         19.953376809339744            1.997887237866681            0.002119705091883  
         20.074321025664997            1.997287378649856            0.002717807572463  
         20.195265241990246            1.996650275756966            0.003353277490701  
         20.316209458315495            1.997494871265204            0.002506978608811  
         20.437153674640744            1.997444195391354            0.002555833845120  
         20.558097890965996            1.996575584613645            0.003422749796018  
         20.679042107291245            1.997222187344048            0.002774524426615  
         20.799986323616494            1.997639382942557            0.002355596721988  
         20.920930539941747            1.996602562886246            0.003390783377508  
         21.041874756266996            1.996759037070778            0.003232903743999  
         21.162818972592245            1.997599460528241            0.002391047261622  
         21.283763188917494            1.996819676635425            0.003169412490792  
         21.404707405242746            1.996551393726062            0.003436559206692  
         21.525651621567995            1.997638107883454            0.002348796497080  
         21.646595837893244            1.997253772858814            0.002732037538961  
         21.767540054218497            1.996457338210953            0.003527668033379  
         21.888484270543746            1.997376493662350            0.002607961312488  
         22.009428486868995            1.997503837121571            0.002480021128820  
         22.130372703194244            1.996509196398341            0.003474270374108  
         22.251316919519496            1.997171365461650            0.002812052634203  
         22.372261135844745            1.997860965543662            0.002122390621865  
         22.493205352169994            1.996868702819135            0.003114688625991  
         22.614149568495247            1.996932915423672            0.003050911899584  
         22.735093784820496            1.997866110510484            0.002118245728881  
         22.856038001145745            1.997140351403009            0.002844538953865  
         22.976982217470994            1.996729969486019            0.003255811123848  
         23.097926433796246            1.997829093924081            0.002157735490499  
         23.218870650121495            1.997630309716880            0.002357488408040  
         23.339814866446744            1.996753057643045            0.003235980786586  
         23.460759082771997            1.997543588907433            0.002446926837973  
         23.581703299097246            1.997824031997156            0.002167859232032  
         23.702647515422495            1.996762963759025            0.003230461003476  
         23.823591731747744            1.997197915929454            0.002797282624642  
         23.944535948072996            1.998044904533898            0.001951921515724  
         24.065480164398245            1.997057658952526            0.002940822542571  
         24.186424380723494            1.996830980256483            0.003169398440912  
         24.307368597048747            1.997876407538423            0.002125730229245  
         24.428312813373996            1.997205240112208            0.002798575217872  
         24.549257029699245            1.996468548044725            0.003537152857095  
         24.670201246024494            1.997628203450308            0.002379221997964  
         24.791145462349750            1.997525148931543            0.002483776617573  
         24.912089678674999            1.996295775866210            0.003714820190836  
         25.033033895000248            1.997062205431720            0.002949946963982  
         25.153978111325497            1.997498273362111            0.002515110677707  
         25.274922327650749            1.996132799203830            0.003881932226526  
         25.395866543975998            1.996443204415278            0.003572811473224  
         25.516810760301247            1.997468302347377            0.002548554685552  
         25.637754976626500            1.996261472355203            0.003756229843987  
         25.758699192951749            1.995772468568587            0.004246121656363  
         25.879643409276998            1.996964404841783            0.003054622504539  
         26.000587625602247            1.996233375827808            0.003785970550858  
         26.121531841927499            1.995127249497181            0.004892550041961  
         26.242476058252748            1.996335658695199            0.003684185289680  
         26.363420274577997            1.996413164517676            0.003606422472229  
         26.484364490903250            1.994812015385679            0.005207477448202  
         26.605308707228499            1.995435233622299            0.004583924651291  
         26.726252923553748            1.996201578880243            0.003816843642302  
         26.847197139878997            1.994491008082862            0.005526811174328  
         26.968141356204249            1.994405379007999            0.005611802450222  
         27.089085572529498            1.995916413713322            0.004099676141753  
         27.210029788854747            1.994662195926403            0.005352777224927  
         27.330974005180000            1.993686025586088            0.006327969182600  
         27.451918221505249            1.995340409481306            0.004672253751374  
         27.572862437830498            1.994725131213420            0.005286032788257  
         27.693806654155747            1.992963624942172            0.007046292383779  
         27.814750870480999            1.994424077161408            0.005584442520048  
         27.935695086806248            1.994878973857723            0.005127844366704  
         28.056639303131497            1.992905256778114            0.007100054348722  
         28.177583519456750            1.993727401675376            0.006276466107599  
         28.298527735781999            1.995005289825089            0.004996821605760  
         28.419471952107248            1.993117186132643            0.006883244217206  
         28.540416168432497            1.992899169349625            0.007099851454504  
         28.661360384757749            1.994679046643224            0.005318395049556  
         28.782304601082998            1.993555808918399            0.006439957860535  
         28.903248817408247            1.992531495907938            0.007462910046568  
         29.024193033733500            1.994433273416700            0.005559804864317  
         29.145137250058749            1.994366574866203            0.005624953534180  
         29.266081466383998            1.992648607650025            0.007341618773129  
         29.387025682709247            1.993921475577797            0.006067750038598  
         29.507969899034499            1.994819288004023            0.005168740911968  
         29.628914115359748            1.992941587424899            0.007045334968893  
         29.749858331684997            1.993410275441726            0.006576003503783  
         29.870802548010250            1.995254838296634            0.004730701812664  
         29.991746764335499            1.993844869999238            0.006139816586753  
         30.112690980660748            1.993292273120069            0.006692062742634  
         30.233635196985997            1.995367442186085            0.004616668264827  
         30.354579413311249            1.994613117947207            0.005370555923411  
         30.475523629636498            1.993158339764470            0.006825331539132  
         30.596467845961747            1.995088230727853            0.004895762684854  
         30.717412062287000            1.995425753039036            0.004558303317621  
         30.838356278612249            1.993631443010243            0.006352911849400  
         30.959300494937498            1.994896327761827            0.005088776462446  
         31.080244711262747            1.996011193571359            0.003974481588763  
         31.201188927587999            1.994137148436624            0.005849168016790  
         31.322133143913248            1.994394653821587            0.005592811461815  
         31.443077360238497            1.996114277223457            0.003874270900302  
         31.564021576563750            1.994888824680529            0.005100690207711  
         31.684965792888999            1.994275293367871            0.005715615160935  
         31.805910009214248            1.996089216556773            0.003903127929265  
         31.926854225539497            1.995608873499541            0.004384690371110  
         32.047798441864749            1.994120309364107            0.005874817655709  
         32.168742658189998            1.995508216010377            0.004488626920122  
         32.289686874515247            1.996063384116173            0.003934877797030  
         32.410631090840496            1.994337725945954            0.005662138283863  
         32.531575307165745            1.995027535053174            0.004974124647934  
         32.652519523491002            1.996383648461294            0.003619457272336  
         32.773463739816250            1.994652481533202            0.005352121984433  
         32.894407956141499            1.994250410391704            0.005755960495123  
         33.015352172466748            1.996107000148478            0.003900787085473  
         33.136296388791997            1.995033467249357            0.004975613654188  
         33.257240605117246            1.993788719582341            0.006221936503773  
         33.378184821442495            1.995722478938453            0.004289410392420  
         33.499129037767752            1.995457745721712            0.004555071295090  
         33.620073254093001            1.993386992931254            0.006627061446154  
         33.741017470418250            1.994758325242132            0.005256751440958  
         33.861961686743498            1.995479066651294            0.004536567689438  
         33.982905903068747            1.993278331612957            0.006738108991088  
         34.103850119393996            1.993872295665905            0.006144871673319  
         34.224794335719245            1.995431298184190            0.004585995159812  
         34.345738552044502            1.993482820835388            0.006534711256587  
         34.466682768369751            1.992849779443202            0.007168115962488  
         34.587626984695000            1.994703358903062            0.005314325839279  
         34.708571201020249            1.993594238053112            0.006423162423851  
         34.829515417345497            1.992042475183302            0.007974896697168  
         34.950459633670746            1.993853567205651            0.006163313127406  
         35.071403849995995            1.993979478526833            0.006036595463372  
         35.192348066321252            1.991750494312485            0.008265048975614  
         35.313292282646501            1.992714008801204            0.007300800651801  
         35.434236498971750            1.993893481547350            0.006120159778174  
         35.555180715296999            1.991559619696822            0.008453046571972  
         35.676124931622248            1.991476103850645            0.008535660300105  
         35.797069147947497            1.993670076861221            0.006340322413444  
         35.918013364272745            1.992033310526033            0.007975688183559  
         36.038957580598002            1.990807238576128            0.009200616433668  
         36.159901796923251            1.993235630025407            0.006770765857029  
         36.280846013248500            1.992524070316491            0.007480639532713  
         36.401790229573749            1.990287114042990            0.009716251183702  
         36.522734445898998            1.992352812146654            0.007649160481862  
         36.643678662224247            1.992963466364557            0.007036759462563  
         36.764622878549496            1.990516262179943            0.009482438371198  
         36.885567094874752            1.991796515296694            0.008200844405289  
         37.006511311200001            1.993505127920276            0.006490555308503  
         37.127455527525250            1.991316715321678            0.008677319163322  
         37.248399743850499            1.991299862958910            0.008692895465824  
         37.369343960175748            1.993488323682516            0.006503037998631  
         37.490288176500997            1.992173342712143            0.007816461848845  
         37.611232392826246            1.991130228794528            0.008858395993778  
         37.732176609151502            1.993406421391841            0.006581158017000  
         37.853120825476751            1.993432673042050            0.006553567208205  
         37.974065041802000            1.991698957420234            0.008286177098695  
         38.095009258127249            1.993251811844478            0.006732626573824  
         38.215953474452498            1.994333236055831            0.005650273699905  
         38.336897690777747            1.992352970093698            0.007629658125597  
         38.457841907102996            1.992884825739223            0.007097494644881  
         38.578786123428252            1.994927002210412            0.005054924847221  
         38.699730339753501            1.993500908035733            0.006480448416968  
         38.820674556078750            1.993015304438988            0.006966040001710  
         38.941618772403999            1.995333391525147            0.004648079873859  
         39.062562988729248            1.994612584930659            0.005368746193595  
         39.183507205054497            1.993144072083989            0.006837580537233  
         39.304451421379746            1.995170074853371            0.004812252114097  
         39.425395637705002            1.995485795687436            0.004496923398421  
         39.546339854030251            1.993716227447797            0.006267124892482  
         39.667284070355500            1.995113216572010            0.004871212775487  
         39.788228286680749            1.996248450122569            0.003736848925029  
         39.909172503005998            1.994455068938306            0.005531163885578  
         40.030116719331247            1.994794442045027            0.005193208671668  
         40.151060935656496            1.996397373905006            0.003591610622669  
         40.272005151981752            1.995206653282891            0.004783561540051  
         40.392949368307001            1.994733506452706            0.005258329535316  
         40.513893584632250            1.996460540010948            0.003532911504391  
         40.634837800957499            1.996044827188229            0.003950024518851  
         40.755782017282748            1.994762216519138            0.005234336972254  
         40.876726233607997            1.996014707374608            0.003983640341358  
         40.997670449933246            1.996488622426587            0.003511236052820  
         41.118614666258502            1.994983345053690            0.005018184477696  
         41.239558882583751            1.995631883699959            0.004371435902881  
         41.360503098909000            1.996881774367139            0.003122980862803  
         41.481447315234249            1.995414444122346            0.004591773289992  
         41.602391531559498            1.995079109501943            0.004928756366207  
         41.723335747884747            1.996699519635099            0.003309641469378  
         41.844279964209996            1.995770031988172            0.004240301075151  
         41.965224180535252            1.994730253334089            0.005281455857165  
         42.086168396860501            1.996452934708193            0.003559800658568  
         42.207112613185750            1.996260550797520            0.003752911477657  
         42.328056829510999            1.994565665459612            0.005448742995262  
         42.449001045836248            1.995771444905646            0.004243678045518  
         42.569945262161497            1.996338207687976            0.003677207698896  
         42.690889478486746            1.994549211532648            0.005466666975699  
         42.811833694812002            1.995138165486402            0.004878068172072  
         42.932777911137251            1.996415030591908            0.003601033370811  
         43.053722127462500            1.994912731814966            0.005103204249254  
         43.174666343787749            1.994535927879282            0.005479933537045  
         43.295610560112998            1.995987304313940            0.004028010079041  
         43.416554776438247            1.995132994985245            0.004881673581176  
         43.537498992763496            1.994049055315084            0.005965122108836  
         43.658443209088752            1.995464471949252            0.004548862532348  
         43.779387425414001            1.995617109002512            0.004395107479367  
         43.900331641739250            1.994091155033484            0.005920089390338  
         44.021275858064499            1.994867738709381            0.005142399798801  
         44.142220074389748            1.995776190836083            0.004232512579416  
         44.263164290714997            1.994174349096189            0.005832997053281  
         44.384108507040246            1.994176939778450            0.005829133181010  
         44.505052723365502            1.995807374937387            0.004197121803500  
         44.625996939690751            1.994754669849459            0.005248162426059  
         44.746941156016000            1.994004783895803            0.005996585006011  
         44.867885372341249            1.995774823815711            0.004224925205083  
         44.988829588666498            1.995351738056880            0.004646198337485  
         45.109773804991747            1.993925866746334            0.006070502774738  
         45.230718021316996            1.995403476996047            0.004591387999236  
         45.351662237642252            1.995851786152413            0.004141343620038  
         45.472606453967501            1.994349104423072            0.005642434007817  
         45.593550670292750            1.995300744201264            0.004689424809693  
         45.714494886617999            1.996416552021111            0.003572087984906  
         45.835439102943248            1.995090187267276            0.004896945235701  
         45.956383319268497            1.995180700616400            0.004805265495134  
         46.077327535593746            1.996538317764738            0.003446514556435  
         46.198271751919002            1.995788827591884            0.004194788763462  
         46.319215968244251            1.995286101143659            0.004696614615745  
         46.440160184569500            1.996670081170671            0.003311945290323  
         46.561104400894749            1.996704200562899            0.003277004748477  
         46.682048617219998            1.995752650742510            0.004227955468742  
         46.802992833545247            1.996627532522911            0.003352864742404  
         46.923937049870496            1.997233532664652            0.002746596505663  
         47.044881266195752            1.996185854426442            0.003794106734133  
         47.165825482521001            1.996534187755828            0.003446054977631  
         47.286769698846250            1.997696710117836            0.002283837622103  
         47.407713915171499            1.996938663923863            0.003042162022030  
         47.528658131496748            1.996651606245802            0.003329925861786  
         47.649602347821997            1.997853066948493            0.002129326513397  
         47.770546564147246            1.997445245365717            0.002537936971506  
         47.891490780472502            1.996702132068169            0.003282178873064  
         48.012434996797751            1.997835272611537            0.002150382061701  
         48.133379213123000            1.998015909134825            0.001970971447735  
         48.254323429448249            1.997083889083135            0.002904422853048  
         48.375267645773498            1.997769566049469            0.002220423884353  
         48.496211862098747            1.998270267211559            0.001721302280484  
         48.617156078423996            1.997337446580871            0.002655799661724  
         48.738100294749252            1.997588406004602            0.002406735438843  
         48.859044511074501            1.998431200698696            0.001565718411173  
         48.979988727399750            1.997826310982376            0.002172352883425  
         49.100932943724999            1.997570853388547            0.002429722021098  
         49.221877160050248            1.998349111045203            0.001653271570136  
         49.342821376375497            1.998084173006521            0.001919901521374  
         49.463765592700746            1.997495041548472            0.002510834249894  
         49.584709809026002            1.998169678736410            0.001837882201429  
         49.705654025351251            1.998426759831839            0.001582258685028  
         49.826598241676500            1.997668859884919            0.002341644944605  
         49.947542458001749            1.997918545417607            0.002093356388978  
         50.068486674326998            1.998470869691698            0.001542148672388  
         50.189430890652247            1.997750681806941            0.002263411407061  
         50.310375106977496            1.997638551050482            0.002376558409346  
         50.431319323302752            1.998497899572908            0.001517891380433  
         50.552263539628001            1.998050188996300            0.001966129531488  
         50.673207755953250            1.997499120997444            0.002517705273218  
         50.794151972278499            1.998285182621727            0.001731849450258  
         50.915096188603748            1.998148328983682            0.001868679687963  
         51.036040404928997            1.997358473596479            0.002658520311525  
         51.156984621254246            1.998033395960253            0.001983340328573  
         51.277928837579502            1.998350919271110            0.001665245495818  
         51.398873053904751            1.997513214589340            0.002502362550450  
         51.519817270230000            1.997781637165030            0.002233215927855  
         51.640761486555249            1.998311868954358            0.001701953954265  
         51.761705702880498            1.997593617894288            0.002419129997309  
         51.882649919205747            1.997502020340419            0.002509618361440  
         52.003594135530996            1.998237952400731            0.001772317517359  
         52.124538351856252            1.997928772060134            0.002080011166536  
         52.245482568181501            1.997509559766101            0.002497755875503  
         52.366426784506750            1.998110233901042            0.001895474517758  
         52.487371000831999            1.998131053679004            0.001872914369373  
         52.608315217157248            1.997488073954502            0.002514202971401  
         52.729259433482497            1.997864397974550            0.002136187815661  
         52.850203649807746            1.998339656122984            0.001659113152464  
         52.971147866133002            1.997781610846977            0.002215351225209  
         53.092092082458251            1.997843224251834            0.002152036532895  
         53.213036298783500            1.998511179162429            0.001482332328201  
         53.333980515108749            1.998066132733578            0.001925623189790  
         53.454924731433998            1.997755307047092            0.002234882097198  
         53.575868947759247            1.998483876315745            0.001504812899439  
         53.696813164084496            1.998386892405596            0.001600274513308  
         53.817757380409752            1.997933440596458            0.002052388868331  
         53.938701596735001            1.998563225616803            0.001421433320179  
         54.059645813060250            1.998733001414953            0.001250500752147  
         54.180590029385499            1.998156484552434            0.001826032708336  
         54.301534245710748            1.998487445289598            0.001494348159795  
         54.422478462035997            1.998872966049025            0.001108189073900  
         54.543422678361246            1.998442790022785            0.001537849748671  
         54.664366894686502            1.998554896634207            0.001425501847756  
         54.785311111011751            1.999056722690264            0.000923588992916  
         54.906255327337000            1.998798510085910            0.001181811585296  
         55.027199543662249            1.998612457506901            0.001368143114741  
         55.148143759987498            1.999028100071988            0.000953006454732  
         55.269087976312747            1.999022388442629            0.000959306376790  
         55.390032192637996            1.998750509444179            0.001231977222148  
         55.510976408963252            1.999070534252472            0.000912980448898  
         55.631920625288501            1.999279799020573            0.000704816571159  
         55.752864841613750            1.998932625518541            0.001053236043657  
         55.873809057938999            1.999003550963630            0.000983788879410  
         55.994753274264248            1.999343146399469            0.000645741560082  
         56.115697490589497            1.999106672564929            0.000883830340195  
         56.236641706914746            1.999039027463502            0.000953259132016  
         56.357585923240002            1.999437521374495            0.000556588062333  
         56.478530139565251            1.999295758030893            0.000700175891525  
         56.599474355890500            1.999029776379269            0.000968095467789  
         56.720418572215749            1.999366254921174            0.000633567785241  
         56.841362788540998            1.999411320516689            0.000590383207105  
         56.962307004866247            1.999129157809075            0.000874454129056  
         57.083251221191496            1.999368708673847            0.000636773239654  
         57.204195437516752            1.999512809157050            0.000494409944752  
         57.325139653842001            1.999187459316514            0.000821461268851  
         57.446083870167250            1.999254983474741            0.000755574128437  
         57.567028086492499            1.999508370118539            0.000503639494306  
         57.687972302817748            1.999321977370026            0.000691369280240  
         57.808916519142997            1.999266176901180            0.000748402682800  
         57.929860735468246            1.999507738449573            0.000507855229510  
         58.050804951793502            1.999398121822457            0.000618318512661  
         58.171749168118751            1.999197680400479            0.000819494200611  
         58.292693384444000            1.999397720449855            0.000619969971938  
         58.413637600769249            1.999485235004518            0.000532752974138  
         58.534581817094498            1.999271967737047            0.000746177398078  
         58.655526033419747            1.999360140795953            0.000657959492932  
         58.776470249744996            1.999523929716614            0.000493892504972  
         58.897414466070252            1.999283883698431            0.000733517143990  
         59.018358682395501            1.999232438416568            0.000784388471486  
         59.139302898720750            1.999501899213010            0.000514133356787  
         59.260247115045999            1.999387884131999            0.000627193120096  
         59.381191331371248            1.999248419348158            0.000765586359062  
         59.502135547696497            1.999501303838255            0.000511451670313  
         59.623079764021746            1.999454176342066            0.000557180090753  
         59.744023980347002            1.999209623264382            0.000800268697474  
         59.864968196672251            1.999404257085032            0.000604063875625  
         59.985912412997500            1.999501368494116            0.000505256838742  
         60.106856629322749            1.999297294620420            0.000707592367676  
         60.227800845647998            1.999412838705415            0.000590267390982  
         60.348745061973247            1.999570685052333            0.000430566061777  
         60.469689278298496            1.999381747598921            0.000617639489459  
         60.590633494623752            1.999359605088449            0.000637950064420  
         60.711577710949001            1.999538417166004            0.000457306832575  
         60.832521927274250            1.999472319119331            0.000521591920174  
         60.953466143599499            1.999406707671924            0.000585463568319  
         61.074410359924748            1.999579037359222            0.000411463637897  
         61.195354576249997            1.999604571981412            0.000384315431894  
         61.316298792575246            1.999466860146132            0.000520527712093  
         61.437243008900502            1.999542392771445            0.000443640972523  
         61.558187225225751            1.999642980496862            0.000341807032664  
         61.679131441551000            1.999535112896619            0.000448561623395  
         61.800075657876249            1.999567777268495            0.000414969285940  
         61.921019874201498            1.999731362010025            0.000250605855885  
         62.041964090526747            1.999654777702833            0.000326562194543  
         62.162908306851996            1.999590774271176            0.000390152619902  
         62.283852523177252            1.999727955481872            0.000252752286350  
         62.404796739502501            1.999706587591128            0.000274064593270  
         62.525740955827750            1.999628842708439            0.000351963340678  
         62.646685172152999            1.999763716492212            0.000217446481244  
         62.767629388478248            1.999803102995707            0.000178579972786  
         62.888573604803497            1.999700313871339            0.000282082010901  
         63.009517821128746            1.999756606831028            0.000226704536872  
         63.130462037454002            1.999816970849525            0.000167413028628  
         63.251406253779251            1.999747784394302            0.000237828053559  
         63.372350470104500            1.999780996657501            0.000206008593035  
         63.493294686429749            1.999867233691614            0.000121289025449  
         63.614238902754998            1.999822507492645            0.000167642478616  
         63.735183119080247            1.999791189258901            0.000200707636025  
         63.856127335405496            1.999852414291999            0.000141315169161  
         63.977071551730752            1.999856887470896            0.000138727534755  
         64.098015768056001            1.999827644323381            0.000169907911783  
         64.218959984381243            1.999879067826090            0.000120446103250  
         64.339904200706499            1.999906306969824            0.000095158965084  
         64.460848417031755            1.999850415605438            0.000152991462406  
         64.581792633356997            1.999857672806775            0.000147644675343  
         64.702736849682253            1.999914878645650            0.000092278739455  
         64.823681066007495            1.999891586415763            0.000117330751985  
         64.944625282332751            1.999885488285324            0.000125096301652  
         65.065569498657993            1.999938829481245            0.000073296239906  
         65.186513714983249            1.999912944916229            0.000100589058964  
         65.307457931308505            1.999873050186477            0.000141757795893  
         65.428402147633747            1.999925994247946            0.000089922746660  
         65.549346363959003            1.999940130420394            0.000076717804988  
         65.670290580284245            1.999908827363948            0.000108780457364  
         65.791234796609501            1.999940480972768            0.000077696145133  
         65.912179012934743            1.999952086398922            0.000066461167073  
         66.033123229259999            1.999907903371787            0.000110830550275  
         66.154067445585255            1.999920815931691            0.000097912231293  
         66.275011661910497            1.999954812204617            0.000063707197429  
         66.395955878235753            1.999941136066542            0.000076986518595  
         66.516900094560995            1.999940699113821            0.000076843316136  
         66.637844310886251            1.999962299503729            0.000054477131497  
         66.758788527211493            1.999946825640317            0.000069016996513  
         66.879732743536749            1.999928081359708            0.000086673689973  
         67.000676959862005            1.999946942483778            0.000066573969932  
         67.121621176187247            1.999961360586235            0.000050778996308  
         67.242565392512503            1.999951187797726            0.000059455149937  
         67.363509608837745            1.999959475344062            0.000049563797244  
         67.484453825163001            1.999970900867708            0.000036441663088  
         67.605398041488243            1.999951768270146            0.000053806523912  
         67.726342257813499            1.999944770685051            0.000058983870232  
         67.847286474138755            1.999964696808458            0.000037197705563  
         67.968230690463997            1.999963091591506            0.000036921055942  
         68.089174906789253            1.999959450628411            0.000038679914285  
         68.210119123114495            1.999975714346422            0.000020549437398  
         68.331063339439751            1.999972557507880            0.000021872888459  
         68.452007555764993            1.999958329715040            0.000034322979038  
         68.572951772090249            1.999965492727215            0.000025454122920  
         68.693895988415505            1.999969360437611            0.000019966460298  
         68.814840204740747            1.999965585097266            0.000022225548170  
         68.935784421066003            1.999973331655337            0.000013081819133  
         69.056728637391245            1.999978305469667            0.000006843131538  
         69.177672853716501            1.999972901369231            0.000011129237371  
         69.298617070041743            1.999971434493832            0.000011638184691  
         69.419561286366999            1.999972906674804            0.000009377650991  
         69.540505502692255            1.999973141959709            0.000008531689022  
         69.661449719017497            1.999975223082921            0.000006025034753  
         69.782393935342753            1.999978492385246            0.000002520896817  
         69.903338151667995            1.999979730725734            0.000001241738226  
         70.024282367993251            1.999978937097313            0.000002190832570  
         70.145226584318493            1.999978656950537            0.000002822487715  
         70.266170800643749            1.999980020426067            0.000002003459311  
         70.387115016969005            1.999981362941258            0.000001393579772  
         70.508059233294247            1.999982961292547            0.000000709600296  
         70.629003449619503            1.999984651222974            0.000000107065033  
         70.749947665944745            1.999985963284130            0.000000044907583  
         70.870891882270001            1.999987388994664            0.000000018979996  
         70.991836098595243            1.999988880767679            0.000000062451886  
         71.112780314920499            1.999989558178276            0.000001039784037  
         71.233724531245755            1.999990387500163            0.000001967362060  
         71.354668747570997            1.999991738058434            0.000002457109106  
         71.475612963896253            1.999994191583981            0.000001907195181  
         71.596557180221495            1.999996358793839            0.000001686121248  
         71.717501396546751            1.999998480083272            0.000001532506202  
         71.838445612871993            1.999999163387370            0.000002816949887  
         71.959389829197249            1.999996603377862            0.000007323992297  
         72.080334045522505            1.999996230115890            0.000009602808881  
         72.201278261847747            2.000001712567348            0.000005962542908  
         72.322222478173003            2.000003089927362            0.000006343899807  
         72.443166694498245            2.000002240643260            0.000008850597754  
         72.564110910823501            2.000004883238916            0.000007745775013  
