#             time (fs)      |   total net charge (e)  |   charge (atom_1) (e)   |   charge (atom_2) (e)   |        ...        |   charge (atom_N) (e)   |
          0.000000000000000       -0.000000000000000       -0.000000000000000        0.000000000000000
          0.120944216325250       -0.000000000006568        0.001335901010935       -0.001335901017503
          0.241888432650500       -0.000000000006260       -0.000604766298564        0.000604766292304
          0.362832648975750       -0.000000000019978       -0.006011439868853        0.006011439848875
          0.483776865301000       -0.000000000014808        0.010488837633175       -0.010488837647983
          0.604721081626250       -0.000000000020933       -0.002529990713503        0.002529990692570
          0.725665297951500       -0.000000000042593       -0.011376224992900        0.011376224950307
          0.846609514276750       -0.000000000000958        0.011779091743437       -0.011779091744394
          0.967553730602000       -0.000000000014570        0.006643815676524       -0.006643815691094
          1.088497946927250        0.000000000005123       -0.021781767921874        0.021781767926997
          1.209442163252500       -0.000000000005260        0.010322116237998       -0.010322116243258
          1.330386379577750        0.000000000098302        0.017757583103225       -0.017757583004923
          1.451330595903000       -0.000000000071518       -0.026035547813769        0.026035547742251
          1.572274812228250        0.000000000027175       -0.000886085978414        0.000886086005590
          1.693219028553500        0.000000000234236        0.031383332989063       -0.031383332754827
          1.814163244878750       -0.000000000239291       -0.023150147676866        0.023150147437574
          1.935107461204000        0.000000000378208       -0.018728863770103        0.018728864148312
          2.056051677529250       -0.000000000189034        0.041517944696773       -0.041517944885807
          2.176995893854500       -0.000000000444708       -0.011034052609414        0.011034052164706
          2.297940110179750        0.000000000646518       -0.038037929406657        0.038037930053175
          2.418884326505000       -0.000000000913640        0.040823838369658       -0.040823839283298
          2.539828542830250        0.000000000195610        0.012452319444906       -0.012452319249296
          2.660772759155500       -0.000000000122417       -0.055863675996330        0.055863675873913
          2.781716975480750       -0.000000001801514        0.029070302532871       -0.029070304334386
          2.902661191806000        0.000000000734223        0.039666101062140       -0.039666100327917
          3.023605408131250       -0.000000001656757       -0.061832121988044        0.061832120331287
          3.144549624456500       -0.000000001085235        0.002683877625304       -0.002683878710539
          3.265493840781750        0.000000000179661        0.066008282335343       -0.066008282155682
          3.386438057107000       -0.000000003321449       -0.052251454906632        0.052251451585183
          3.507382273432250       -0.000000000185803       -0.033501641316017        0.033501641130214
          3.628326489757500       -0.000000001916803        0.082977247021937       -0.082977248938740
          3.749270706082750       -0.000000003041656       -0.026903606557014        0.026903603515358
          3.870214922408000       -0.000000000010324       -0.068216006335446        0.068216006325122
          3.991159138733250       -0.000000003765622        0.078309457613893       -0.078309461379515
          4.112103355058500       -0.000000001816629        0.016767644862402       -0.016767646679031
          4.233047571383750       -0.000000001749144       -0.098217493705980        0.098217491956836
          4.353991787709000       -0.000000004018105        0.057021811281811       -0.057021815299916
          4.474936004034250       -0.000000001326116        0.060349511624163       -0.060349512950279
          4.595880220359500       -0.000000003090650       -0.103617890689265        0.103617887598614
          4.716824436684750       -0.000000002820580        0.011868837690542       -0.011868840511122
          4.837768653010000       -0.000000002169818        0.100863542444574       -0.100863544614392
          4.958712869335250       -0.000000002775828       -0.086973366757412        0.086973363981584
          5.079657085660500       -0.000000002593949       -0.041528362267347        0.041528359673397
          5.200601301985750       -0.000000002432422        0.121790724895578       -0.121790727328000
          5.321545518311000       -0.000000001654567       -0.047467458279877        0.047467456625310
          5.442489734636251       -0.000000003550731       -0.089488188886670        0.089488185335939
          5.563433950961501       -0.000000000595195        0.112566712220179       -0.112566712815374
          5.684378167286750       -0.000000002058034        0.011605979859890       -0.011605981917924
          5.805322383612000       -0.000000002896970       -0.125479706960931        0.125479704063961
          5.926266599937250        0.000000001922086        0.081075720531868       -0.081075718609781
          6.047210816262500       -0.000000004050178        0.067520518194485       -0.067520522244663
          6.168155032587750        0.000000000468682       -0.130277393115042        0.130277393583724
          6.289099248913001        0.000000001108639        0.025127400694818       -0.025127399586178
          6.410043465238251       -0.000000004123376        0.114086968435571       -0.114086972558947
          6.530987681563500        0.000000005184969       -0.107800749187838        0.107800754372807
          6.651931897888750       -0.000000001960678       -0.037690646323798        0.037690644363120
          6.772876114214000        0.000000000194932        0.136617413716850       -0.136617413521918
          6.893820330539250        0.000000005703987       -0.061402275209105        0.061402280913092
          7.014764546864500       -0.000000004140837       -0.092107639625734        0.092107635484898
          7.135708763189751        0.000000006170360        0.126779757463646       -0.126779751293287
          7.256652979515001        0.000000002405590        0.003014804613282       -0.003014802207692
          7.377597195840250       -0.000000000824756       -0.131395909177141        0.131395908352386
          7.498541412165500        0.000000008754898        0.093252431775445       -0.093252423020548
          7.619485628490750       -0.000000000959480        0.063420350124628       -0.063420351084108
          7.740429844816000        0.000000004713304       -0.137801140000031        0.137801144713335
          7.861374061141250        0.000000006263952        0.033320573994687       -0.033320567730736
          7.982318277466501        0.000000000458681        0.117006036864210       -0.117006036405529
          8.103262493791750        0.000000007958336       -0.119887083400436        0.119887091358771
          8.224206710117000        0.000000003303554       -0.030042561239221        0.030042564542775
          8.345150926442249        0.000000004120224        0.141283810453698       -0.141283806333473
          8.466095142767500        0.000000006556573       -0.069487906064005        0.069487912620578
          8.587039359092751        0.000000004003488       -0.095228495118402        0.095228499121890
          8.707983575418000        0.000000005397606        0.141511533022451       -0.141511527624846
          8.828927791743251        0.000000005183779       -0.007082474582053        0.007082479765832
          8.949872008068500        0.000000006246699       -0.137515119560164        0.137515125806863
          9.070816224393750        0.000000002925282        0.105014997406176       -0.105014994480894
          9.191760440718999        0.000000007386922        0.066535319332060       -0.066535311945138
          9.312704657044250        0.000000004468348       -0.157865305134201        0.157865309602549
          9.433648873369501        0.000000001992845        0.047977145517007       -0.047977143524162
          9.554593089694750        0.000000010423410        0.125816313829137       -0.125816303405727
          9.675537306020001       -0.000000001423382       -0.139153735203500        0.139153733780118
          9.796481522345250        0.000000006588651       -0.030360015295918        0.030360021884569
          9.917425738670500        0.000000006731404        0.167725422532491       -0.167725415801086
         10.038369954995749       -0.000000004946936       -0.092549046415554        0.092549041468617
         10.159314171321000        0.000000013105985       -0.104199975373158        0.104199988479143
         10.280258387646251       -0.000000002991887        0.170027619229219       -0.170027622221106
         10.401202603971500        0.000000000061259       -0.013985436399683        0.013985436460942
         10.522146820296751        0.000000011288494       -0.168018385037592        0.168018396326087
         10.643091036622000       -0.000000011658946        0.139120158452933       -0.139120170111879
         10.764035252947250        0.000000009353676        0.070766893160815       -0.070766883807139
         10.884979469272501        0.000000000614621       -0.194192592761558        0.194192593376179
         11.005923685597750       -0.000000008796943        0.066659234380129       -0.066659243177072
         11.126867901923001        0.000000011944720        0.153995375093443       -0.153995363148723
         11.247812118248250       -0.000000012082506       -0.182670285034074        0.182670272951568
         11.368756334573501        0.000000000742155       -0.025183976863369        0.025183977605525
         11.489700550898750        0.000000003447879        0.206896528489188       -0.206896525041310
         11.610644767224001       -0.000000014106747       -0.124991388976428        0.124991374869682
         11.731588983549251        0.000000007772005       -0.121484291167971        0.121484298939976
         11.852533199874500       -0.000000008511212        0.216292155384865       -0.216292163896076
         11.973477416199751       -0.000000007292899       -0.031244603730960        0.031244596438061
         12.094421632525000        0.000000003872790       -0.200700559554645        0.200700563427435
         12.215365848850251       -0.000000013614292        0.179807374804210       -0.179807388418501
         12.336310065175500       -0.000000000768199        0.072576468604223       -0.072576469372422
         12.457254281500751       -0.000000004420229       -0.234659502788811        0.234659498368582
         12.578198497826001       -0.000000009714066        0.095523631895851       -0.095523641609917
         12.699142714151250       -0.000000001418575        0.169018968351219       -0.169018969769794
         12.820086930476501       -0.000000008129834       -0.218823959388293        0.218823951258459
         12.941031146801750       -0.000000005810229       -0.013059456576248        0.013059450766019
         13.061975363127001       -0.000000005575375        0.230917986087123       -0.230917991662498
         13.182919579452250       -0.000000005564319       -0.155067713600900        0.155067708036581
         13.303863795777501       -0.000000007415760       -0.117591724246754        0.117591716830994
         13.424808012102751       -0.000000005032808        0.237960468397183       -0.237960473429990
         13.545752228428000       -0.000000004113382       -0.052669887170939        0.052669883057557
         13.666696444753251       -0.000000010505556       -0.199059802352551        0.199059791846995
         13.787640661078500        0.000000001026336        0.194864325129384       -0.194864324103048
         13.908584877403751       -0.000000008413497        0.057706278879756       -0.057706287293253
         14.029529093729000       -0.000000006868691       -0.234358214854684        0.234358207985993
         14.150473310054251        0.000000003638633        0.111831462090146       -0.111831458451512
         14.271417526379501       -0.000000013998815        0.148526424757172       -0.148526438755987
         14.392361742704750        0.000000003068452       -0.213544956927160        0.213544959995612
         14.513305959030001       -0.000000002698762        0.004937943535760       -0.004937946234523
         14.634250175355250       -0.000000010479475        0.206173073734371       -0.206173084213846
         14.755194391680501        0.000000010999732       -0.151902431882281        0.151902442882013
         14.876138608005750       -0.000000011558062       -0.092412260011130        0.092412248453068
         14.997082824331001        0.000000002058865        0.213079722737383       -0.213079720678518
         15.118027040656251        0.000000007029647       -0.061283832183417        0.061283839213063
         15.238971256981500       -0.000000012893492       -0.162538361053917        0.162538348160425
         15.359915473306751        0.000000013877538        0.173081485249772       -0.173081471372235
         15.480859689632000       -0.000000002572778        0.036719689180602       -0.036719691753380
         15.601803905957251       -0.000000001959460       -0.195265562102020        0.195265560142560
         15.722748122282500        0.000000015091295        0.103900395832412       -0.103900380741117
         15.843692338607751       -0.000000007448464        0.113937846118729       -0.113937853567194
         15.964636554933001        0.000000010488584       -0.179257196810679        0.179257207299263
         16.085580771258250        0.000000006956856        0.014026226959962       -0.014026220003106
         16.206524987583499       -0.000000001384172        0.165870407140651       -0.165870408524823
         16.327469203908752        0.000000015796039       -0.132566808480809        0.132566824276848
         16.448413420234001        0.000000001047952       -0.065665402512248        0.065665403560200
         16.569357636559250        0.000000007901475        0.173610200952798       -0.173610193051323
         16.690301852884499        0.000000011750116       -0.056882246606474        0.056882258356590
         16.811246069209751        0.000000002710025       -0.130765708229479        0.130765710939504
         16.932190285535000        0.000000012548109        0.149886518326257       -0.149886505778149
         17.053134501860249        0.000000007866410        0.019955170236237       -0.019955162369827
         17.174078718185502        0.000000007654166       -0.159233184027451        0.159233191681617
         17.295022934510751        0.000000010437522        0.091550954296891       -0.091550943859369
         17.415967150836000        0.000000008519580        0.093145053455582       -0.093145044936002
         17.536911367161249        0.000000008824741       -0.158124783805070        0.158124792629810
         17.657855583486501        0.000000008563747        0.022374728082039       -0.022374719518293
         17.778799799811750        0.000000010549898        0.138375855546344       -0.138375844996446
         17.899744016136999        0.000000005846959       -0.118887145226574        0.118887151073532
         18.020688232462252        0.000000010605659       -0.054063889286648        0.054063899892307
         18.141632448787501        0.000000007857929        0.158337978616970       -0.158337970759042
         18.262576665112750        0.000000003967119       -0.061104733961750        0.061104737928869
         18.383520881437999        0.000000012729007       -0.111962609145150        0.111962621874157
         18.504465097763251        0.000000001933463        0.139184108550772       -0.139184106617309
         18.625409314088500        0.000000007006437        0.013721432451712       -0.013721425445275
         18.746353530413749        0.000000009061685       -0.150302653106772        0.150302662168457
         18.867297746739002       -0.000000002290624        0.095494843889689       -0.095494846180313
         18.988241963064251        0.000000010108459        0.080150392562155       -0.080150382453696
         19.109186179389500        0.000000001179306       -0.151575335134594        0.151575336313900
         19.230130395714749        0.000000000115741        0.027381866873337       -0.027381866757595
         19.351074612040001        0.000000007812192        0.132736860709953       -0.132736852897761
         19.472018828365250       -0.000000005508753       -0.123276706941507        0.123276701432754
         19.592963044690499        0.000000003773718       -0.043633061436947        0.043633065210665
         19.713907261015752        0.000000000290088        0.154189904972335       -0.154189904682247
         19.834851477341001       -0.000000005761698       -0.067257794011109        0.067257788249411
         19.955795693666250        0.000000003869989       -0.104702572780717        0.104702576650706
         20.076739909991499       -0.000000006408055        0.141005104624271       -0.141005111032326
         20.197684126316751       -0.000000003184526        0.004191950329414       -0.004191953513940
         20.318628342642000       -0.000000001179506       -0.144248058343397        0.144248057163891
         20.439572558967249       -0.000000008319815        0.100737119537204       -0.100737127857018
         20.560516775292502       -0.000000002535437        0.068514073141321       -0.068514075676758
         20.681460991617751       -0.000000005956099       -0.146369566731311        0.146369560775212
         20.802405207943000       -0.000000006826389        0.035467562468482       -0.035467569294870
         20.923349424268253       -0.000000004921768        0.119413597072459       -0.119413601994227
         21.044293640593501       -0.000000007272094       -0.120626544751329        0.120626537479235
         21.165237856918750       -0.000000006505569       -0.030002556335090        0.030002549829521
         21.286182073243999       -0.000000006808110        0.138352626327280       -0.138352633135390
         21.407126289569252       -0.000000006302441       -0.069454040245374        0.069454033942933
         21.528070505894501       -0.000000007804518       -0.083393731171585        0.083393723367067
         21.649014722219750       -0.000000005662086        0.124364787715710       -0.124364793377796
         21.769958938545003       -0.000000006161000       -0.006173048942984        0.006173042781984
         21.890903154870252       -0.000000007610053       -0.116191033206646        0.116191025596593
         22.011847371195501       -0.000000003005732        0.089229645338063       -0.089229648343795
         22.132791587520749       -0.000000007064263        0.046025291612245       -0.046025298676508
         22.253735803846002       -0.000000004503874       -0.115204288122818        0.115204283618945
         22.374680020171251       -0.000000002255541        0.035857295553275       -0.035857297808816
         22.495624236496500       -0.000000006164242        0.084134381784222       -0.084134387948465
         22.616568452821753        0.000000000173231       -0.092650973693863        0.092650973867094
         22.737512669147002       -0.000000002543860       -0.014236587937856        0.014236585393996
         22.858456885472251       -0.000000001932836        0.096548776062203       -0.096548777995039
         22.979401101797500        0.000000002738347       -0.054228495035898        0.054228497774245
         23.100345318122752       -0.000000001936116       -0.051237307324009        0.051237305387894
         23.221289534448001        0.000000003393104        0.084470495573384       -0.084470492180280
         23.342233750773250        0.000000003494370       -0.009629323045663        0.009629326540032
         23.463177967098503        0.000000001772923       -0.072703720220737        0.072703721993661
         23.584122183423752        0.000000007206001        0.060410924811517       -0.060410917605516
         23.705066399749001        0.000000004326383        0.023596544557541       -0.023596540231158
         23.826010616074250        0.000000006385749       -0.069906332505814        0.069906338891564
         23.946954832399502        0.000000008593514        0.024599280718846       -0.024599272125332
         24.067899048724751        0.000000006864168        0.048707853279816       -0.048707846415649
         24.188843265050000        0.000000009973236       -0.057530103325329        0.057530113298566
         24.309787481375253        0.000000009486402       -0.003267082305083        0.003267091791486
         24.430731697700502        0.000000009839505        0.052764090116132       -0.052764080276627
         24.551675914025751        0.000000011494395       -0.031416457361733        0.031416468856128
         24.672620130351000        0.000000010803052       -0.027896330305247        0.027896341108299
         24.793564346676252        0.000000011889503        0.048840218811573       -0.048840206922070
         24.914508563001501        0.000000012103713       -0.009554802175287        0.009554814279000
         25.035452779326750        0.000000012057513       -0.036058914751788        0.036058926809301
         25.156396995652003        0.000000012448555        0.031877666016123       -0.031877653567568
         25.277341211977252        0.000000012384914        0.011431772880162       -0.011431760495248
         25.398285428302501        0.000000012358751       -0.036765086387799        0.036765098746550
         25.519229644627750        0.000000012145237        0.015311895641994       -0.015311883496756
         25.640173860953002        0.000000012087086        0.021461505869544       -0.021461493782457
         25.761118077278251        0.000000011551309       -0.027515287935800        0.027515299487110
         25.882062293603500        0.000000011228014       -0.000097616906600        0.000097628134614
         26.003006509928753        0.000000010830116        0.023320409886943       -0.023320399056827
         26.123950726254002        0.000000010056259       -0.015120087399929        0.015120097456189
         26.244894942579251        0.000000009610202       -0.009662394064988        0.009662403675190
         26.365839158904500        0.000000008710622        0.018974343045803       -0.018974334335182
         26.486783375229752        0.000000007903351       -0.005253996427519        0.005254004330871
         26.607727591555001        0.000000007159555       -0.010457442758897        0.010457449918452
         26.728671807880250        0.000000006130468        0.009840578925380       -0.009840572794912
         26.849616024205503        0.000000005212637        0.001390131597667       -0.001390126385029
         26.970560240530752        0.000000004203576       -0.007195216739167        0.007195220942743
         27.091504456856001        0.000000003141923        0.003858497069066       -0.003858493927143
         27.212448673181250        0.000000002110846       -0.000038816132351        0.000038818243197
         27.333392889506502        0.000000001045133       -0.000281295445361        0.000281296490494
         27.454337105831751       -0.000000000008059        0.002011436096328       -0.002011436104386
         27.575281322157000       -0.000000001028775       -0.006202931720398        0.006202930691623
         27.696225538482253       -0.000000002059378        0.004552402698049       -0.004552404757426
         27.817169754807502       -0.000000002971702        0.005927432886954       -0.005927435858656
         27.938113971132751       -0.000000003931870       -0.012254722141133        0.012254718209263
         28.059058187458000       -0.000000004804914        0.000968982629151       -0.000968987434065
         28.180002403783252       -0.000000005508600        0.018034493985474       -0.018034499494075
         28.300946620108501       -0.000000006363539       -0.018640502557533        0.018640496193994
         28.421890836433750       -0.000000006847074       -0.005708268639982        0.005708261792909
         28.542835052759003       -0.000000007385260        0.025958582725762       -0.025958590111022
         28.663779269084252       -0.000000007906474       -0.011972034189520        0.011972026283046
         28.784723485409501       -0.000000008065792       -0.023500179803836        0.023500171738044
         28.905667701734750       -0.000000008404505        0.034263868766467       -0.034263877170972
         29.026611918060002       -0.000000008461954       -0.000717028559983        0.000717020098029
         29.147556134385251       -0.000000008454453       -0.038067923284793        0.038067914830340
         29.268500350710500       -0.000000008252455        0.029913427414436       -0.029913435666890
         29.389444567035753       -0.000000008181837        0.019607728347281       -0.019607736529118
         29.510388783361002       -0.000000007698969       -0.047661814469727        0.047661806770758
         29.631332999686251       -0.000000007066990        0.013480982214910       -0.013480989281900
         29.752277216011500       -0.000000007057118        0.043438002384237       -0.043438009441355
         29.873221432336752       -0.000000005552499       -0.049136349398640        0.049136343846141
         29.994165648662001       -0.000000005479257       -0.008226577225287        0.008226571746030
         30.115109864987250       -0.000000004809885        0.057028766726941       -0.057028771536826
         30.236054081312503       -0.000000002770351       -0.031844400217318        0.031844397446967
         30.356998297637752       -0.000000003553558       -0.038870636696697        0.038870633143139
         30.477942513963001       -0.000000000875458        0.064267813560847       -0.064267814436304
         30.598886730288250       -0.000000000103362       -0.008056986849069        0.008056986745707
         30.719830946613502       -0.000000000568418       -0.060394412512366        0.060394411943947
         30.840775162938751        0.000000003232100        0.051856115000251       -0.051856111768151
         30.961719379264000        0.000000001742200        0.025912945329616       -0.025912943587416
         31.082663595589253        0.000000004064998       -0.073904623796518        0.073904627861516
         31.203607811914502        0.000000006531704        0.027707641621535       -0.027707635089831
         31.324552028239751        0.000000004367376        0.056215386642675       -0.056215382275298
         31.445496244565000        0.000000008828651       -0.069737721024099        0.069737729852750
         31.566440460890252        0.000000007924714       -0.007568153888942        0.007568161813657
         31.687384677215501        0.000000008303180        0.078042746266610       -0.078042737963430
         31.808328893540750        0.000000012099523       -0.049314358449862        0.049314370549385
         31.929273109866003        0.000000009457399       -0.044842269662813        0.044842279120212
         32.050217326191252        0.000000012354079        0.083787890736277       -0.083787878382198
         32.171161542516501        0.000000012886206       -0.014450312177808        0.014450325064014
         32.292105758841750        0.000000011859148       -0.076804697981318        0.076804709840466
         32.413049975166999        0.000000014505238        0.071549999729820       -0.071549985224582
         32.533994191492248        0.000000013372444        0.027033108854169       -0.027033095481725
         32.654938407817504        0.000000013983809       -0.093645375057999        0.093645389041808
         32.775882624142753        0.000000014259143        0.039487649664370       -0.039487635405227
         32.896826840468002        0.000000014479991        0.069729104206167       -0.069729089726176
         33.017771056793251        0.000000013529606       -0.093427211310841        0.093427224840448
         33.138715273118500        0.000000013939044       -0.003296352948411        0.003296366887455
         33.259659489443749        0.000000014650181        0.098901224068672       -0.098901209418491
         33.380603705768998        0.000000011056883       -0.067660430328869        0.067660441385752
         33.501547922094254        0.000000014845870       -0.055651543282329        0.055651558128199
         33.622492138419503        0.000000010908563        0.113503213569620       -0.113503202661057
         33.743436354744752        0.000000009338596       -0.026476105769974        0.026476115108570
         33.864380571070001        0.000000014312628       -0.098331747246224        0.098331761558852
         33.985324787395250        0.000000004916260        0.098471673764667       -0.098471668848407
         34.106269003720499        0.000000010912789        0.032849195418706       -0.032849184505917
         34.227213220045748        0.000000008296034       -0.129645520080260        0.129645528376293
         34.348157436371004        0.000000000401475        0.062279885846533       -0.062279885445058
         34.469101652696253        0.000000011605138        0.089328567797843       -0.089328556192705
         34.590045869021502       -0.000000001271299       -0.130067487371628        0.130067486100329
         34.710990085346751        0.000000001898840        0.000204740981916       -0.000204739083077
         34.831934301672000        0.000000006366336        0.138012570077832       -0.138012563711496
         34.952878517997249       -0.000000009224379       -0.102652944272837        0.102652935048457
         35.073822734322498        0.000000004321442       -0.069145730662950        0.069145734984392
         35.194766950647754       -0.000000004648620        0.158576076822657       -0.158576081471276
         35.315711166973003       -0.000000009280457       -0.044021944107701        0.044021934827244
         35.436655383298252        0.000000002091416       -0.133577500640201        0.133577502731617
         35.557599599623501       -0.000000014460428        0.143455122536318       -0.143455136996746
         35.678543815948750       -0.000000005530253        0.035506370205563       -0.035506375735816
         35.799488032273999       -0.000000007079977       -0.177379566631380        0.177379559551403
         35.920432248599248       -0.000000017122815        0.094783858837478       -0.094783875960292
         36.041376464924504       -0.000000004761128        0.113083544410046       -0.113083549171174
         36.162320681249753       -0.000000015781448       -0.179456302111719        0.179456286330272
         36.283264897575002       -0.000000013924810        0.012597547905992       -0.012597561830802
         36.404209113900251       -0.000000009694906        0.177336183156048       -0.177336192850954
         36.525153330225500       -0.000000018464809       -0.143350001728313        0.143349983263505
         36.646097546550749       -0.000000012351980       -0.077224462820821        0.077224450468841
         36.767041762875998       -0.000000014996317        0.203412643910889       -0.203412658907206
         36.887985979201254       -0.000000016177465       -0.069928181440204        0.069928165262739
         37.008930195526503       -0.000000014546275       -0.155100117747521        0.155100103201246
         37.129874411851752       -0.000000014893191        0.182051332253056       -0.182051347146247
         37.250818628177001       -0.000000015302968        0.026890897910518       -0.026890913213486
         37.371762844502250       -0.000000015683350       -0.205112398496561        0.205112382813211
         37.492707060827499       -0.000000011242893        0.122562057127573       -0.122562068370466
         37.613651277152748       -0.000000017706647        0.116545508387347       -0.116545526093994
         37.734595493478004       -0.000000010971500       -0.206414728759716        0.206414717788216
         37.855539709803253       -0.000000010948565        0.031903187207201       -0.031903198155766
         37.976483926128502       -0.000000017929805        0.182525685562040       -0.182525703491845
         38.097428142453751       -0.000000003185302       -0.161794265864740        0.161794262679439
         38.218372358779000       -0.000000014899337       -0.066814777980402        0.066814763081065
         38.339316575104249       -0.000000009864261        0.210112150514845       -0.210112160379106
         38.460260791429498       -0.000000000408646       -0.085839883109579        0.085839882700933
         38.581205007754754       -0.000000016751788       -0.144707080386159        0.144707063634371
         38.702149224080003        0.000000002074179        0.186552740733229       -0.186552738659050
         38.823093440405252       -0.000000005688007        0.011205034730256       -0.011205040418263
         38.944037656730501       -0.000000009213831       -0.193135719566277        0.193135710352446
         39.064981873055750        0.000000009463909        0.127306321022985       -0.127306311559076
         39.185926089380999       -0.000000010300782        0.099064308702946       -0.099064319003728
         39.306870305706248        0.000000004722882       -0.195909730385888        0.195909735108770
         39.427814522031504        0.000000006494312        0.042003583368320       -0.042003576874008
         39.548758738356753       -0.000000006826094        0.162493891425262       -0.162493898251356
         39.669702954682002        0.000000014843277       -0.156237965385436        0.156237980228713
         39.790647171007251        0.000000000876625       -0.049930048343825        0.049930049220450
         39.911591387332500        0.000000004727541        0.190850404256692       -0.190850399529150
         40.032535603657749        0.000000015127333       -0.087860770830822        0.087860785958155
         40.153479819982998        0.000000000988978       -0.124389377667392        0.124389378656370
         40.274424036308254        0.000000014250268        0.173984191919312       -0.173984177669044
         40.395368252633503        0.000000010391153        0.000791196639791       -0.000791186248638
         40.516312468958752        0.000000007677631       -0.174682105313398        0.174682112991029
         40.637256685284001        0.000000015989176        0.125581304040440       -0.125581288051264
         40.758200901609250        0.000000009381196        0.082033110341794       -0.082033100960599
         40.879145117934499        0.000000012894504       -0.181877565123079        0.181877578017583
         41.000089334259748        0.000000013161120        0.046343949166477       -0.046343936005357
         41.121033550585004        0.000000012570706        0.150154224963378       -0.150154212392673
         41.241977766910253        0.000000011710144       -0.155798258663285        0.155798270373429
         41.362921983235502        0.000000013271809       -0.036777246034533        0.036777259306342
         41.483866199560751        0.000000013242790        0.180776483341126       -0.180776470098335
         41.604810415886000        0.000000008154776       -0.090817906258841        0.090817914413617
         41.725754632211249        0.000000016137942       -0.118429335684359        0.118429351822301
         41.846698848536505        0.000000007023941        0.178660227697445       -0.178660220673504
         41.967643064861754        0.000000008950907       -0.011013277876923        0.011013286827830
         42.088587281187003        0.000000014663169       -0.170529797163373        0.170529811826542
         42.209531497512252       -0.000000000255598        0.131967686827086       -0.131967687082684
         42.330475713837501        0.000000013959097        0.079350698062281       -0.079350684103185
         42.451419930162750        0.000000004346542       -0.192949853944614        0.192949858291155
         42.572364146487999       -0.000000001593137        0.060606004830753       -0.060606006423890
         42.693308362813255        0.000000014215198        0.150057671042014       -0.150057656826816
         42.814252579138504       -0.000000007573189       -0.168208144706198        0.168208137133009
         42.935196795463753        0.000000004203452       -0.032401100333401        0.032401104536853
         43.056141011789002        0.000000004382932        0.195571894804950       -0.195571890422019
         43.177085228114251       -0.000000012756397       -0.109511548921301        0.109511536164904
         43.298029444439500        0.000000006982959       -0.118431115055610        0.118431122038569
         43.418973660764749       -0.000000009825404        0.196330679376739       -0.196330689202143
         43.539917877090005       -0.000000008436001       -0.021719208558957        0.021719200122955
         43.660862093415254        0.000000000788584       -0.182802901732460        0.182802902521045
         43.781806309740503       -0.000000018026293        0.153248418207161       -0.153248436233453
         43.902750526065752       -0.000000003701421        0.075183054898640       -0.075183058600061
         44.023694742391001       -0.000000011268247       -0.210515406861791        0.210515395593544
         44.144638958716250       -0.000000017380021        0.077780707554114       -0.077780724934135
         44.265583175041499       -0.000000005844341        0.153848863658476       -0.153848869502817
         44.386527391366755       -0.000000018943388       -0.187325545682140        0.187325526738752
         44.507471607692004       -0.000000013726518       -0.020777973798737        0.020777960072219
         44.628415824017253       -0.000000012932388        0.203401336972793       -0.203401349905181
         44.749360040342502       -0.000000019209582       -0.126111430748332        0.126111411538750
         44.870304256667751       -0.000000014239834       -0.111666573169666        0.111666558929832
         44.991248472993000       -0.000000017208023        0.205825721804377       -0.205825739012399
         45.112192689318249       -0.000000017091434       -0.037854794697706        0.037854777606272
         45.233136905643505       -0.000000017388157       -0.174725920094725        0.174725902706569
         45.354081121968754       -0.000000015560808        0.160500446420360       -0.160500461981168
         45.475025338294003       -0.000000018026683        0.058723677045663       -0.058723695072346
         45.595969554619252       -0.000000016660624       -0.200634283773114        0.200634267112490
         45.716913770944501       -0.000000012791467        0.086681719263014       -0.086681732054481
         45.837857987269750       -0.000000020132787        0.132864713638517       -0.132864733771304
         45.958802203594999       -0.000000010473408       -0.178087518520617        0.178087508047209
         46.079746419920255       -0.000000014138353       -0.002448415731318        0.002448401592964
         46.200690636245504       -0.000000017291975        0.173171412052553       -0.173171429344528
         46.321634852570753       -0.000000004374034       -0.118754673744683        0.118754669370649
         46.442579068896002       -0.000000016642390       -0.084222422948288        0.084222406305899
         46.563523285221251       -0.000000007292265        0.175009528486966       -0.175009535779232
         46.684467501546500       -0.000000003739867       -0.044120772687056        0.044120768947189
         46.805411717871749       -0.000000013861517       -0.134532830760368        0.134532816898852
         46.926355934197005        0.000000002719389        0.134841401521063       -0.134841398801674
         47.047300150522254       -0.000000007058240        0.035219833680987       -0.035219840739227
         47.168244366847503       -0.000000003390081       -0.154247942593890        0.154247939203809
         47.289188583172752        0.000000007134810        0.075366607001802       -0.075366599866991
         47.410132799498001       -0.000000006042519        0.093082945724641       -0.093082951767160
         47.531077015823250        0.000000008540615       -0.136110037862501        0.136110046403116
         47.652021232148499        0.000000005654576        0.006497486676317       -0.006497481021740
         47.772965448473755        0.000000001627523        0.124553502804363       -0.124553501176839
         47.893909664799004        0.000000015151411       -0.092871398132241        0.092871413283652
         48.014853881124253        0.000000005541671       -0.053525091330290        0.053525096871961
         48.135798097449502        0.000000011972701        0.125829600618276       -0.125829588645575
         48.256742313774751        0.000000015614612       -0.037443817808451        0.037443833423063
         48.377686530100000        0.000000009889138       -0.092710125393854        0.092710135282992
         48.498630746425249        0.000000018474708        0.099747671726857       -0.099747653252149
         48.619574962750505        0.000000015103200        0.018935710458721       -0.018935695355520
         48.740519179075754        0.000000016155003       -0.108498152013010        0.108498168168013
         48.861463395401003        0.000000019821507        0.058159850680610       -0.058159830859103
         48.982407611726252        0.000000016810275        0.062398423145757       -0.062398406335482
         49.103351828051501        0.000000019651539       -0.098931084548878        0.098931104200418
         49.224296044376750        0.000000019405896        0.009637979385001       -0.009637959979105
         49.345240260701999        0.000000019155859        0.087698789854160       -0.087698770698301
         49.466184477027255        0.000000019415155       -0.070417296302260        0.070417315717415
         49.587128693352504        0.000000019592175       -0.034985853214321        0.034985872806496
         49.708072909677753        0.000000019004937        0.092618428952407       -0.092618409947470
         49.829017126003002        0.000000017864973       -0.032094387938883        0.032094405803856
         49.949961342328251        0.000000019186601       -0.065600818181914        0.065600837368515
         50.070905558653500        0.000000016157672        0.076074637797913       -0.076074621640241
         50.191849774978749        0.000000016818303        0.010630655224246       -0.010630638405942
         50.312793991304005        0.000000016140937       -0.081771096817960        0.081771112958897
         50.433738207629254        0.000000012548099        0.048446103947088       -0.048446091398988
         50.554682423954503        0.000000014850636        0.043478513769128       -0.043478498918493
         50.675626640279752        0.000000010923045       -0.076092288796946        0.076092299719991
         50.796570856605001        0.000000009905316        0.010571735907862       -0.010571726002546
         50.917515072930250        0.000000010626151        0.066891221873246       -0.066891211247095
         51.038459289255499        0.000000005479331       -0.058302713432206        0.058302718911536
         51.159403505580755        0.000000006840958       -0.022211970521557        0.022211977362515
         51.280347721906004        0.000000004511363        0.070714974171274       -0.070714969659912
         51.401291938231253        0.000000001546490       -0.027790863642001        0.027790865188492
         51.522236154556502        0.000000002500920       -0.048457351698359        0.048457354199279
         51.643180370881751       -0.000000001367781        0.060762402287400       -0.060762403655181
         51.764124587207000       -0.000000001853422        0.003412207673020       -0.003412209526442
         51.885068803532249       -0.000000002903666       -0.060183887366463        0.060183884462797
         52.006013019857505       -0.000000005671777        0.039500054483429       -0.039500060155207
         52.126957236182754       -0.000000005431275        0.028031152971297       -0.028031158402573
         52.247901452508003       -0.000000007531368       -0.055275490000899        0.055275482469531
         52.368845668833252       -0.000000008586331        0.011009553133875       -0.011009561720205
         52.489789885158501       -0.000000008955431        0.045054812651226       -0.045054821606657
         52.610734101483750       -0.000000010506823       -0.043025705940812        0.043025695433989
         52.731678317808999       -0.000000010763894       -0.009582358327844        0.009582347563950
         52.852622534134255       -0.000000011342356        0.043825461950206       -0.043825473292562
         52.973566750459504       -0.000000011810743       -0.019902938221753        0.019902926411011
         53.094510966784753       -0.000000011929191       -0.026599086365178        0.026599074435987
         53.215455183110002       -0.000000011964392        0.036538424781182       -0.036538436745574
         53.336399399435251       -0.000000011840727       -0.002153451478688        0.002153439637962
         53.457343615760500       -0.000000011594747       -0.029711667875434        0.029711656280688
         53.578287832085749       -0.000000011005090        0.021973352226348       -0.021973363231438
         53.699232048411005       -0.000000010537969        0.009412204405367       -0.009412214943336
         53.820176264736254       -0.000000009662116       -0.023023618334340        0.023023608672224
         53.941120481061503       -0.000000008703379        0.006279773391891       -0.006279782095270
         54.062064697386752       -0.000000007748507        0.015161087988522       -0.015161095737028
         54.183008913712001       -0.000000006399562       -0.015861670921015        0.015861664521453
         54.303953130037250       -0.000000005172616        0.000865323969458       -0.000865329142074
         54.424897346362499       -0.000000003768617        0.008385015832225       -0.008385019600842
         54.545841562687755       -0.000000002224374       -0.004154318061379        0.004154315837005
         54.666785779013004       -0.000000000665853       -0.002873735707509        0.002873735041655
         54.787729995338253        0.000000000974647        0.003975874649019       -0.003975873674372
         54.908674211663502        0.000000002657737       -0.002775541081527        0.002775543739264
         55.029618427988751        0.000000004347323        0.004016870758403       -0.004016866411080
         55.150562644314000        0.000000006075862       -0.003201823570130        0.003201829645992
         55.271506860639249        0.000000007739875       -0.003829967196583        0.003829974936457
         55.392451076964505        0.000000009412941        0.009192338677062       -0.009192329264121
         55.513395293289754        0.000000011035835       -0.001797221972497        0.001797233008332
         55.634339509615003        0.000000012514100       -0.012721302073436        0.012721314587536
         55.755283725940252        0.000000014142508        0.014424475740044       -0.014424461597536
         55.876227942265501        0.000000015400535        0.003687122359929       -0.003687106959394
         55.997172158590750        0.000000016667122       -0.020384756044213        0.020384772711335
         56.118116374915999        0.000000017972432        0.011010449387956       -0.011010431415523
         56.239060591241255        0.000000018736041        0.016886803886401       -0.016886785150360
         56.360004807566504        0.000000019879984       -0.027509692184471        0.027509712064455
         56.480949023891753        0.000000020556502        0.003004544250658       -0.003004523694156
         56.601893240217002        0.000000021013086        0.028175912147737       -0.028175891134651
         56.722837456542251        0.000000021632057       -0.023639618612421        0.023639640244478
         56.843781672867500        0.000000021766688       -0.015615859513546        0.015615881280234
         56.964725889192749        0.000000021900427        0.040556531924577       -0.040556510024150
         57.085670105518005        0.000000021778075       -0.015230244808170        0.015230266586245
         57.206614321843254        0.000000021779251       -0.031885316561059        0.031885338340310
         57.327558538168503        0.000000020983890        0.039174529507104       -0.039174508523215
         57.448502754493752        0.000000020741605        0.007957942873598       -0.007957922131992
         57.569446970819001        0.000000020147302       -0.051603037047718        0.051603057195019
         57.690391187144250        0.000000018320275        0.032276741878699       -0.032276723558424
         57.811335403469499        0.000000018804900        0.030587538757321       -0.030587519952421
         57.932279619794755        0.000000016393084       -0.056502922253316        0.056502938646400
         58.053223836120004        0.000000015190429        0.006792031603001       -0.006792016412572
         58.174168052445253        0.000000015342341        0.059004070352623       -0.059004055010282
         58.295112268770502        0.000000010867061       -0.053736677353960        0.053736688221022
         58.416056485095751        0.000000012080201       -0.022227621784816        0.022227633865017
         58.537000701421000        0.000000009468731        0.073364592986184       -0.073364583517453
         58.657944917746249        0.000000005881449       -0.028633259783360        0.028633265664809
         58.778889134071505        0.000000008237496       -0.060438534300725        0.060438542538221
         58.899833350396754        0.000000001747169        0.078356458856384       -0.078356457109214
         59.020777566722003        0.000000002282058        0.004992802568456       -0.004992800286397
         59.141721783047252        0.000000001972940       -0.086478543577448        0.086478545550389
         59.262665999372501       -0.000000004544132        0.057144049238744       -0.057144053782876
         59.383610215697750       -0.000000000582448        0.052473001023911       -0.052473001606358
         59.504554432022999       -0.000000006055262       -0.102177880339770        0.102177874284508
         59.625498648348255       -0.000000008061634        0.021244743174365       -0.021244751235999
         59.746442864673504       -0.000000005415866        0.092271336718626       -0.092271342134492
         59.867387080998753       -0.000000012501016       -0.090244492625608        0.090244480124592
         59.988331297324002       -0.000000009468465       -0.031668156464164        0.031668146995699
         60.109275513649251       -0.000000011553711        0.119196328832310       -0.119196340386022
         60.230219729974500       -0.000000015152531       -0.054220586656876        0.054220571504345
         60.351163946299749       -0.000000011801559       -0.086382078272744        0.086382066471186
         60.472108162625005       -0.000000016075611        0.121986086963021       -0.121986103038632
         60.593052378950254       -0.000000015398905       -0.000962913026759        0.000962897627854
         60.713996595275503       -0.000000014967322       -0.124821054558896        0.124821039591574
         60.834940811600752       -0.000000016669912        0.090870563324903       -0.090870579994815
         60.955885027926001       -0.000000015883992        0.064534905261344       -0.064534921145337
         61.076829244251250       -0.000000015896865       -0.142705754172090        0.142705738275225
         61.197773460576499       -0.000000015242473        0.039026282825632       -0.039026298068106
         61.318717676901755       -0.000000016542844        0.117359046776112       -0.117359063318956
         61.439661893227004       -0.000000013019009       -0.125254225957396        0.125254212938387
         61.560606109552253       -0.000000014965325       -0.028425494253109        0.028425479287785
         61.681550325877502       -0.000000014151988        0.147506398288364       -0.147506412440352
         61.802494542202751       -0.000000009004052       -0.076916661838861        0.076916652834809
         61.923438758528000       -0.000000015040413       -0.095210562822031        0.095210547781618
         62.044382974853249       -0.000000007007377        0.148421859020800       -0.148421866028177
         62.165327191178505       -0.000000007618954       -0.012945792804655        0.012945785185701
         62.286271407503754       -0.000000011435852       -0.138308400223990        0.138308388788139
         62.407215623829003        0.000000000457142        0.110955661860746       -0.110955661403603
         62.528159840154252       -0.000000008495474        0.060611095770144       -0.060611104265619
         62.649104056479501       -0.000000002087373       -0.156311564224091        0.156311562136718
         62.770048272804750        0.000000003745847        0.052731238564193       -0.052731234818346
         62.890992489129999       -0.000000005831473        0.117782547436462       -0.117782553267934
         63.011936705455255        0.000000008404543       -0.136785084294831        0.136785092699374
         63.132880921780504        0.000000002265221       -0.020014023089302        0.020014025354523
         63.253825138105753        0.000000002693359        0.151355579175663       -0.151355576482304
         63.374769354431002        0.000000013791097       -0.088379488294487        0.088379502085584
         63.495713570756251        0.000000002509258       -0.088350797167598        0.088350799676856
         63.616657787081500        0.000000013289962        0.152459390538785       -0.152459377248823
         63.737602003406749        0.000000013103287       -0.021405618256560        0.021405631359847
         63.858546219732006        0.000000007937602       -0.136822460876060        0.136822468813662
         63.979490436057254        0.000000018936170        0.118956424360196       -0.118956405424026
         64.100434652382503        0.000000012023012        0.052895220582087       -0.052895208559075
         64.221378868707745        0.000000015325988       -0.158674189301330        0.158674204627318
         64.342323085033001        0.000000018524627        0.061680278265842       -0.061680259741214
         64.463267301358258        0.000000014634719        0.114790402306269       -0.114790387671551
         64.584211517683499        0.000000018287370       -0.144118233401026        0.144118251688397
         64.705155734008756        0.000000017301742       -0.013249856119550        0.013249873421293
         64.826099950333997        0.000000017664570        0.156615939627724       -0.156615921963154
         64.947044166659254        0.000000016072642       -0.100418414427432        0.100418430500073
         65.067988382984495        0.000000019202209       -0.085841828779381        0.085841847981590
         65.188932599309751        0.000000015342807        0.163617712349143       -0.163617697006336
         65.309876815635008        0.000000014407327       -0.029842732467698        0.029842746875025
         65.430821031960249        0.000000020111546       -0.146411938716399        0.146411958827945
         65.551765248285506        0.000000008074248        0.137551722316869       -0.137551714242621
         65.672709464610747        0.000000017124521        0.049423451743144       -0.049423434618622
         65.793653680936004        0.000000013544842       -0.176130646913578        0.176130660458420
         65.914597897261245        0.000000003514982        0.076000060185756       -0.076000056670774
         66.035542113586502        0.000000018983729        0.127003934602507       -0.127003915618778
         66.156486329911758        0.000000000283699       -0.171860707465636        0.171860707749335
         66.277430546236999        0.000000006435163       -0.004557269834471        0.004557276269634
         66.398374762562256        0.000000011637819        0.179080944952213       -0.179080933314394
         66.519318978887497       -0.000000009602370       -0.123962952559537        0.123962942957167
         66.640263195212754        0.000000011691680       -0.096171491899059        0.096171503590739
         66.761207411537995       -0.000000005102711        0.199913898796443       -0.199913903899155
         66.882151627863252       -0.000000009588006       -0.048167393741119        0.048167384153113
         67.003095844188508        0.000000007955068       -0.169200876808613        0.169200884763681
         67.124040060513749       -0.000000019855136        0.171119874020122       -0.171119893875258
         67.244984276839006       -0.000000002932968        0.051482376888774       -0.051482379821742
         67.365928493164247       -0.000000006653820       -0.215252967447654        0.215252960793834
         67.486872709489504       -0.000000023630981        0.104864254490576       -0.104864278121557
         67.607816925814745       -0.000000002234725        0.144078101010909       -0.144078103245634
         67.728761142140002       -0.000000022817993       -0.212323343647780        0.212323320829787
         67.849705358465258       -0.000000018263289        0.007011499118182       -0.007011517381472
         67.970649574790500       -0.000000011515052        0.211386798773896       -0.211386810288948
         68.091593791115756       -0.000000029279332       -0.159484683304234        0.159484654024903
         68.212538007440997       -0.000000014489003       -0.101135943674928        0.101135929185925
         68.333482223766254       -0.000000023518583        0.237421075282261       -0.237421098800844
         68.454426440091495       -0.000000026892347       -0.071088117720361        0.071088090828015
         68.575370656416752       -0.000000018492631       -0.187377408137198        0.187377389644567
         68.696314872742008       -0.000000028450565        0.206392878936770       -0.206392907387336
         68.817259089067250       -0.000000024130477        0.040137688753901       -0.040137712884378
         68.938203305392506       -0.000000024609081       -0.236314361294653        0.236314336685572
         69.059147521717748       -0.000000026082969        0.129404466171560       -0.129404492254529
         69.180091738043004       -0.000000026068139        0.144126156933784       -0.144126183001923
         69.301035954368245       -0.000000024547561       -0.234268509476605        0.234268484929044
         69.421980170693502       -0.000000024511845        0.026594718638812       -0.026594743150658
         69.542924387018758       -0.000000027911681        0.211616880290436       -0.211616908202117
         69.663868603344000       -0.000000018911620       -0.176550760359352        0.176550741447731
         69.784812819669256       -0.000000027770685       -0.083245130530776        0.083245102760091
         69.905757035994498       -0.000000022218393        0.233444492145641       -0.233444514364034
         70.026701252319754       -0.000000015813644       -0.084302194405604        0.084302178591961
         70.147645468644996       -0.000000029681492       -0.169374466225567        0.169374436544074
         70.268589684970252       -0.000000010219710        0.204166534078720       -0.204166544298430
         70.389533901295508       -0.000000019553766        0.018585274676990       -0.018585294230756
         70.510478117620750       -0.000000022186275       -0.210181720450955        0.210181698264680
         70.631422333946006       -0.000000002525084        0.129036559483538       -0.129036562008622
         70.752366550271248       -0.000000023783849        0.114011902059154       -0.114011925843003
         70.873310766596504       -0.000000006083489       -0.206853094174781        0.206853088091292
         70.994254982921746       -0.000000004425648        0.036560063451218       -0.036560067876866
         71.115199199247002       -0.000000017926519        0.173592586168474       -0.173592604094993
         71.236143415572258        0.000000007655340       -0.157641856741609        0.157641864396949
         71.357087631897500       -0.000000010435993       -0.056059665405022        0.056059654969028
         71.478031848222756       -0.000000002173838        0.190860849227697       -0.190860851401535
         71.598976064547998        0.000000010249609       -0.079247613564760        0.079247623814369
         71.719920280873254       -0.000000009290349       -0.129346549521087        0.129346540230738
         71.840864497198496        0.000000013741481        0.168884653002301       -0.168884639260820
         71.961808713523752        0.000000006028314        0.004306304931732       -0.004306298903418
         72.082752929849008        0.000000002077213       -0.164249503454366        0.164249505531579
         72.203697146174250        0.000000019644338        0.109595344556094       -0.109595324911756
         72.324641362499506        0.000000004418678        0.083228638015461       -0.083228633596783
         72.445585578824748        0.000000015190952       -0.166499242602826        0.166499257793778
         72.566529795150004        0.000000017674967        0.038617081491068       -0.038617063816100
