#  GS molecular orbital populations, spin channel : 1
#          time (fs)            |   population (orb 1)       |    population (orb 2)      |           ...              |    population (orb N)      |
          0.118525331998745            1.976407790397579            0.023702337951157  
          0.239469548323995            1.963865375131205            0.036239305201344  
          0.360413764649245            1.964609028466168            0.035506102709563  
          0.481357980974495            1.982946648197936            0.017182111256022  
          0.602302197299745            1.993527706378065            0.006599872600723  
          0.723246413624995            1.979364719638006            0.020753123739388  
          0.844190629950245            1.960348500779003            0.039757325078924  
          0.965134846275495            1.946824872230393            0.053285988919536  
          1.086079062600745            1.971164551914742            0.028950161574976  
          1.207023278925995            1.992151186124463            0.007968485197267  
          1.327967495251245            1.998988927419724            0.001124464291277  
          1.448911711576495            1.978921299066956            0.021178766954998  
          1.569855927901745            1.950784958285996            0.049303090631779  
          1.690800144226995            1.935832893001554            0.064245003460262  
          1.811744360552245            1.926770428572162            0.073309634651884  
          1.932688576877495            1.954385449776509            0.045693931753800  
          2.053632793202745            1.972308726153673            0.027772547994182  
          2.174577009527995            1.994704524959865            0.005369547921002  
          2.295521225853245            1.994626265699427            0.005434768558901  
          2.416465442178495            1.978898206267860            0.021148961538623  
          2.537409658503745            1.951063086111397            0.048971561999596  
          2.658353874828995            1.910677722807507            0.089351936938139  
          2.779298091154245            1.903988710864803            0.096037083203968  
          2.900242307479495            1.903515087000493            0.096510460806364  
          3.021186523804745            1.936761781092062            0.063261710866229  
          3.142130740129995            1.959193136085135            0.040825419948664  
          3.263074956455245            1.984563308355608            0.015446376751700  
          3.384019172780495            1.998459189267847            0.001536705718239  
          3.504963389105745            1.986519048687568            0.013464432078032  
          3.625907605430995            1.968356562916068            0.031618091900728  
          3.746851821756245            1.924595588344504            0.075374050905768  
          3.867796038081495            1.910570009969631            0.089400047282767  
          3.988740254406745            1.901806796220523            0.098161717934146  
          4.109684470731995            1.923617921515500            0.076349086637273  
          4.230628687057245            1.949556509147349            0.050402790430931  
          4.351572903382495            1.973730584889536            0.026217272482002  
          4.472517119707745            1.999592618596198            0.000342630061395  
          4.593461336032996            1.993448737811423            0.006474408187467  
          4.714405552358246            1.979434440561236            0.020486728035826  
          4.835349768683495            1.942020494756900            0.057899426166231  
          4.956293985008745            1.931896708393770            0.068029143962303  
          5.077238201333995            1.934746770722646            0.065176504799608  
          5.198182417659245            1.958595576671083            0.041320356431989  
          5.319126633984495            1.993115018797628            0.006790608419959  
          5.440070850309746            1.999828910843184            0.000065003220397  
          5.561015066634996            1.987363553336603            0.012531157676101  
          5.681959282960245            1.956184455579999            0.043714621667095  
          5.802903499285495            1.952646716717526            0.047264054021838  
          5.923847715610745            1.962561357465260            0.037345225680383  
          6.044791931935995            1.983255069687849            0.016642581387331  
          6.165736148261245            1.992183812160867            0.007709701250175  
          6.286680364586495            1.977462954495902            0.022439630835944  
          6.407624580911745            1.964380042974324            0.035538763668225  
          6.528568797236995            1.965097353216688            0.034822444357110  
          6.649513013562244            1.986949084866534            0.012969732836226  
          6.770457229887494            1.988429293412278            0.011491802719779  
          6.891401446212745            1.973819193405760            0.026119838244775  
          7.012345662537995            1.968473686434250            0.031477621144327  
          7.133289878863245            1.981988615458303            0.017965700813295  
          7.254234095188495            1.987216577000822            0.012743986594498  
          7.375178311513745            1.971043779703733            0.028932331623376  
          7.496122527838994            1.974585673240778            0.025407361468911  
          7.617066744164244            1.991311581639535            0.008689788816303  
          7.738010960489495            1.990231502448133            0.009779744184781  
          7.858955176814745            1.971203036554900            0.028822119074330  
          7.979899393139995            1.975242842045251            0.024798853758240  
          8.100843609465246            1.990203496124163            0.009849937548606  
          8.221787825790495            1.980069743517788            0.019992881209805  
          8.342732042115745            1.971326942382698            0.028746844335739  
          8.463676258440994            1.981307218587507            0.018784564947380  
          8.584620474766245            1.990530591111973            0.009572294437305  
          8.705564691091494            1.973851149209791            0.026256470352234  
          8.826508907416745            1.967829937028055            0.032287137288501  
          8.947453123741996            1.986494085056979            0.013637971304128  
          9.068397340067245            1.996032041374650            0.004111121348501  
          9.189341556392495            1.981185250443597            0.018955376544397  
          9.310285772717744            1.960654016075526            0.039492098419740  
          9.431229989042995            1.974009384585428            0.026146479356550  
          9.552174205368244            1.993791253954591            0.006378090414856  
          9.673118421693495            1.995663384506056            0.004506222699510  
          9.794062638018746            1.971579483135721            0.028583399334508  
          9.915006854343995            1.952163968640364            0.047997498321618  
         10.035951070669245            1.960991387317418            0.039173541519729  
         10.156895286994494            1.975085643437477            0.025093880042299  
         10.277839503319745            1.995152636115918            0.005027189533626  
         10.398783719644994            1.988712920418347            0.011459781483039  
         10.519727935970245            1.972222581891545            0.027935701307971  
         10.640672152295496            1.943610838874380            0.056540725204363  
         10.761616368620745            1.934561726110147            0.065590752029781  
         10.882560584945995            1.952083790478207            0.048070897020993  
         11.003504801271244            1.969022788472743            0.031138177940382  
         11.124449017596495            1.997120155573131            0.003034549352861  
         11.245393233921744            1.995889177246732            0.004255773139377  
         11.366337450246995            1.984425135855691            0.015704878983035  
         11.487281666572246            1.945132535980311            0.054987241246903  
         11.608225882897495            1.917515149073882            0.082598874134947  
         11.729170099222745            1.910064430443838            0.090046112258415  
         11.850114315547994            1.916897058753307            0.083214232619778  
         11.971058531873245            1.949052211034730            0.051056394861460  
         12.092002748198494            1.965982775595184            0.034121845027092  
         12.212946964523745            1.995052108814994            0.005041903759515  
         12.333891180848996            1.994887081533097            0.005193193513768  
         12.454835397174245            1.985124257063761            0.014944041991141  
         12.575779613499495            1.953228537636877            0.046830587186960  
         12.696723829824744            1.917878316240835            0.082177226072399  
         12.817668046149995            1.908574735397850            0.091479643398753  
         12.938612262475244            1.905486156507414            0.094566473035758  
         13.059556478800495            1.934773864894687            0.065275843079220  
         13.180500695125746            1.953427560862132            0.046612905247939  
         13.301444911450995            1.985665862541452            0.014363926997356  
         13.422389127776245            1.999485760395204            0.000529906640116  
         13.543333344101494            1.992716348779926            0.007289966450495  
         13.664277560426745            1.969365082170668            0.030637787228134  
         13.785221776751994            1.935088390542394            0.064914718835703  
         13.906165993077245            1.930921388964228            0.069086822219790  
         14.027110209402496            1.932876521079835            0.067127227194840  
         14.148054425727745            1.966996371107749            0.033002716791107  
         14.268998642052996            1.992781535500932            0.007204497464843  
         14.389942858378244            1.999228306370964            0.000748153858216  
         14.510887074703495            1.982408124730579            0.017566422581609  
         14.631831291028744            1.956896308125247            0.043085497119146  
         14.752775507353995            1.951678549054504            0.048314205656470  
         14.873719723679246            1.956327140958415            0.043661103856335  
         14.994663940004495            1.984802190049666            0.015181317065426  
         15.115608156329746            1.996905404252461            0.003071483632086  
         15.236552372654995            1.986482029306738            0.013503471944805  
         15.357496588980245            1.964376807651482            0.035620832208591  
         15.478440805305494            1.963283132213145            0.036721286067767  
         15.599385021630745            1.988485109694980            0.011519842737859  
         15.720329237955996            1.996075187626160            0.003928629985010  
         15.841273454281245            1.981680215369733            0.018337800574057  
         15.962217670606496            1.964886481292749            0.035143971801443  
         16.083161886931745            1.979007783278272            0.021030228458524  
         16.204106103256994            1.992394113316044            0.007647018911609  
         16.325050319582246            1.981294191625289            0.018760511023169  
         16.445994535907495            1.970559670715045            0.029511357721519  
         16.566938752232744            1.979878131608702            0.020201983488945  
         16.687882968557997            1.988122318477021            0.011966252998327  
         16.808827184883246            1.972746839958554            0.027355095356107  
         16.929771401208495            1.974478808750998            0.025639834480304  
         17.050715617533744            1.991955030855439            0.008176249481014  
         17.171659833858996            1.990584640012650            0.009556452872162  
         17.292604050184245            1.972407158407163            0.027745190572082  
         17.413548266509494            1.974005450248434            0.026165452702738  
         17.534492482834747            1.989080550655106            0.011104417956333  
         17.655436699159996            1.979609489397562            0.020582841136129  
         17.776380915485245            1.969865080670332            0.030334398424556  
         17.897325131810494            1.977934251432663            0.022284005817217  
         18.018269348135746            1.990804449182995            0.009429424726232  
         18.139213564460995            1.979700394515973            0.020536567014552  
         18.260157780786244            1.963695671153129            0.036545734621964  
         18.381101997111497            1.972846256436029            0.027406306478382  
         18.502046213436746            1.988145377609387            0.012127432064793  
         18.622990429761995            1.991924466714982            0.008352518358334  
         18.743934646087244            1.969527963429293            0.030747940590149  
         18.864878862412496            1.957297620641810            0.042976718375926  
         18.985823078737745            1.960530524677519            0.039755546120153  
         19.106767295062994            1.978391744339089            0.021911583078518  
         19.227711511388247            1.996585909462721            0.003720435281355  
         19.348655727713496            1.988448915593577            0.011853174284958  
         19.469599944038745            1.968791797092677            0.031499311400304  
         19.590544160363994            1.939751925515646            0.060540709126900  
         19.711488376689246            1.944774042388127            0.055521635885405  
         19.832432593014495            1.959774348992180            0.040531026649707  
         19.953376809339744            1.982731421894026            0.017580061909295  
         20.074321025664997            1.999653195156628            0.000652830486265  
         20.195265241990246            1.990767615184486            0.009529261256190  
         20.316209458315495            1.970076101679875            0.030207786667096  
         20.437153674640744            1.928680531246687            0.071598494993616  
         20.558097890965996            1.917059208429074            0.083215878397398  
         20.679042107291245            1.913772675618314            0.086503762895623  
         20.799986323616494            1.940266054652302            0.060011558791763  
         20.920930539941747            1.968633454929852            0.031641571848143  
         21.041874756266996            1.985563706284807            0.014705337446061  
         21.162818972592245            1.999557340303976            0.000698693653187  
         21.283763188917494            1.982980184351519            0.017263194447914  
         21.404707405242746            1.967468359760999            0.032764592390403  
         21.525651621567995            1.925572017643327            0.074654554121009  
         21.646595837893244            1.906869170066567            0.093355542486082  
         21.767540054218497            1.902582101773324            0.097640481502970  
         21.888484270543746            1.920183177967552            0.080037309725773  
         22.009428486868995            1.953169543569676            0.047044640755668  
         22.130372703194244            1.972107979298992            0.028095274388110  
         22.251316919519496            1.998645676810920            0.001545102972083  
         22.372261135844745            1.993059007784270            0.007118126849022  
         22.493205352169994            1.981668470347812            0.018503446686516  
         22.614149568495247            1.946994743964326            0.053174171666477  
         22.735093784820496            1.925794861393846            0.074377177959554  
         22.856038001145745            1.926170614132125            0.074002264087364  
         22.976982217470994            1.941127147536472            0.059040413094197  
         23.097926433796246            1.980249440663384            0.019911374897529  
         23.218870650121495            1.995976097248195            0.004170542024587  
         23.339814866446744            1.997677113239756            0.002463693746315  
         23.460759082771997            1.971808645978683            0.028331160529216  
         23.581703299097246            1.953813097148106            0.046338508334684  
         23.702647515422495            1.947065986239402            0.053091763669016  
         23.823591731747744            1.959927774046191            0.040226827266625  
         23.944535948072996            1.991154829659864            0.008995066542406  
         24.065480164398245            1.998665668805924            0.001478051966489  
         24.186424380723494            1.985158273881739            0.014994982077195  
         24.307368597048747            1.959884542008163            0.040279125433957  
         24.428312813373996            1.965394042742983            0.034780864849424  
         24.549257029699245            1.987953690883577            0.012219101417598  
         24.670201246024494            1.995914305878192            0.004257139575719  
         24.791145462349750            1.980087070889257            0.020095632841747  
         24.912089678674999            1.963735435469116            0.036462309257986  
         25.033033895000248            1.980428448208331            0.019779250122905  
         25.153978111325497            1.995451127594803            0.004757239010137  
         25.274922327650749            1.987336694380072            0.012883098019182  
         25.395866543975998            1.968589030772930            0.031645586291134  
         25.516810760301247            1.976882251725162            0.023363491752633  
         25.637754976626500            1.990300059674875            0.009952568635757  
         25.758699192951749            1.978807135971143            0.021457738800892  
         25.879643409276998            1.972333751182293            0.027946976645617  
         26.000587625602247            1.984300388981170            0.015993308631926  
         26.121531841927499            1.989951637070165            0.010352137407914  
         26.242476058252748            1.972033856778567            0.028281509003396  
         26.363420274577997            1.973987098023139            0.026345249548270  
         26.484364490903250            1.992417768625154            0.007930251909839  
         26.605308707228499            1.989250573781063            0.011107290685307  
         26.726252923553748            1.971938620863148            0.028427816473280  
         26.847197139878997            1.971371021608446            0.029017066629941  
         26.968141356204249            1.988574307534204            0.011832311351343  
         27.089085572529498            1.983093453990118            0.017321969387180  
         27.210029788854747            1.968768743405094            0.031651112438891  
         27.330974005180000            1.967715437920307            0.032721835795876  
         27.451918221505249            1.982767432189252            0.017695261484686  
         27.572862437830498            1.990611889889308            0.009861476331357  
         27.693806654155747            1.973665317446154            0.026811633627466  
         27.814750870480999            1.960821051050541            0.039658303102224  
         27.935695086806248            1.957960026688208            0.042540949391071  
         28.056639303131497            1.982830692362857            0.017690472549117  
         28.177583519456750            1.998406794736174            0.002125711639121  
         28.298527735781999            1.991061372694665            0.009471271759566  
         28.419471952107248            1.963076406161947            0.037454174012625  
         28.540416168432497            1.939601055161778            0.060937692894980  
         28.661360384757749            1.949310865482444            0.051236853347456  
         28.782304601082998            1.962064897771482            0.038502151118078  
         28.903248817408247            1.991450253751698            0.009124865405134  
         29.024193033733500            1.998364015266449            0.002211592854714  
         29.145137250058749            1.988580350727498            0.011988137168604  
         29.266081466383998            1.955268597911549            0.045293295050598  
         29.387025682709247            1.922223743629404            0.078337950464534  
         29.507969899034499            1.917278627096372            0.083283306198869  
         29.628914115359748            1.919671688771245            0.080897485307688  
         29.749858331684997            1.956532508215419            0.044039339196765  
         29.870802548010250            1.975460939870544            0.025111766064910  
         29.991746764335499            1.995491694227098            0.005074334144225  
         30.112690980660748            1.992934375003664            0.007619785214656  
         30.233635196985997            1.975157889694121            0.025385318154927  
         30.354579413311249            1.950060088981801            0.050473868606953  
         30.475523629636498            1.908018364347967            0.092511663923109  
         30.596467845961747            1.900449887955291            0.100078349250173  
         30.717412062287000            1.899399222734451            0.101127545793883  
         30.838356278612249            1.930441546746296            0.070082843983925  
         30.959300494937498            1.954254603297200            0.046262464942439  
         31.080244711262747            1.981267459707746            0.019239211899112  
         31.201188927587999            1.999858098530537            0.000634514535817  
         31.322133143913248            1.990431766991214            0.010048453824194  
         31.443077360238497            1.973698366627975            0.026775818662639  
         31.564021576563750            1.933230925697696            0.067239731076544  
         31.684965792888999            1.920998375947956            0.079476101318461  
         31.805910009214248            1.915634319415711            0.084838769988942  
         31.926854225539497            1.941977992353205            0.058492855763545  
         32.047798441864749            1.973372101623139            0.027089780591600  
         32.168742658189998            1.990049679696298            0.010399320760372  
         32.289686874515247            1.997584810024462            0.002856429289818  
         32.410631090840496            1.977753397844460            0.022685833746334  
         32.531575307165745            1.961610348385822            0.038840569864504  
         32.652519523491002            1.939739619749962            0.060716729481802  
         32.773463739816250            1.954133325452973            0.046328371437371  
         32.894407956141499            1.979121828505443            0.021334153479400  
         33.015352172466748            1.993819787912116            0.006627537959014  
         33.136296388791997            1.989645973631683            0.010802253643580  
         33.257240605117246            1.967085385638560            0.033373999225528  
         33.378184821442495            1.959505340559332            0.040972369363333  
         33.499129037767752            1.963432185689679            0.037046025849357  
         33.620073254093001            1.986355823702316            0.014120559747197  
         33.741017470418250            1.990927002181639            0.009550190526307  
         33.861961686743498            1.976163929136183            0.024329525206322  
         33.982905903068747            1.965489494295837            0.035019017775188  
         34.103850119393996            1.974898485173724            0.025612029842109  
         34.224794335719245            1.990208448925965            0.010304363043278  
         34.345738552044502            1.978703448438740            0.021819311920747  
         34.466682768369751            1.970073341397522            0.030468069448346  
         34.587626984695000            1.980054690895684            0.020494043959093  
         34.708571201020249            1.991834980977162            0.008718967105527  
         34.829515417345497            1.978163106141833            0.022401484958256  
         34.950459633670746            1.969549343436961            0.031031086516936  
         35.071403849995995            1.987655552893285            0.012937262909523  
         35.192348066321252            1.992920297491303            0.007681669552678  
         35.313292282646501            1.977180255267291            0.023433345042018  
         35.434236498971750            1.971334625707176            0.029295989465235  
         35.555180715296999            1.986089256108061            0.014559305366827  
         35.676124931622248            1.982727970226420            0.017931877443163  
         35.797069147947497            1.969057432280028            0.031615635150227  
         35.918013364272745            1.978092102299972            0.022600609387656  
         36.038957580598002            1.992945680290404            0.007771374654020  
         36.159901796923251            1.986779675641804            0.013949367361180  
         36.280846013248500            1.965223147912897            0.035521929986702  
         36.401790229573749            1.971831249955533            0.028936743811560  
         36.522734445898998            1.992985184230395            0.007811759167382  
         36.643678662224247            1.995513137411830            0.005302977211334  
         36.764622878549496            1.973824357363720            0.027003182359878  
         36.885567094874752            1.955459660352290            0.045388842012525  
         37.006511311200001            1.972445819705928            0.028428460590686  
         37.127455527525250            1.989158067277214            0.011750076331013  
         37.248399743850499            1.995458199570158            0.005468384912587  
         37.369343960175748            1.972560662306375            0.028377750353201  
         37.490288176500997            1.953447289520325            0.047500652531306  
         37.611232392826246            1.944917164359290            0.056049313403077  
         37.732176609151502            1.954517935930702            0.046477928540065  
         37.853120825476751            1.988673593538085            0.012343812311332  
         37.974065041802000            1.999220636374995            0.001814461302009  
         38.095009258127249            1.994643176220548            0.006395379370534  
         38.215953474452498            1.958614982848749            0.042427351969059  
         38.336897690777747            1.937215927817735            0.063828914356888  
         38.457841907102996            1.921932104099391            0.079120942484616  
         38.578786123428252            1.925675144968154            0.075391300623911  
         38.699730339753501            1.953682038725336            0.047395126942211  
         38.820674556078750            1.971210148290796            0.029877182169278  
         38.941618772403999            1.998173475957371            0.002911830764605  
         39.062562988729248            1.992947762130279            0.008131329426628  
         39.183507205054497            1.981863344684571            0.019206178874224  
         39.304451421379746            1.943207868899164            0.057854410215694  
         39.425395637705002            1.910759779160666            0.090299586634232  
         39.546339854030251            1.900888580095417            0.100169088259836  
         39.667284070355500            1.903174416039181            0.097883713172547  
         39.788228286680749            1.930758046603958            0.070297930199441  
         39.909172503005998            1.948583279574799            0.052467564806771  
         40.030116719331247            1.987446086334849            0.013594908620566  
         40.151060935656496            1.998019668633080            0.003006631241607  
         40.272005151981752            1.994667514309920            0.006346166156921  
         40.392949368307001            1.967377090541139            0.033626658467036  
         40.513893584632250            1.933179881720980            0.067820177399137  
         40.634837800957499            1.920837049992508            0.080163994220864  
         40.755782017282748            1.910135907642517            0.090863701098352  
         40.876726233607997            1.936515809569539            0.064482517471569  
         40.997670449933246            1.955246284395350            0.045742079608677  
         41.118614666258502            1.985731490810124            0.015247326735707  
         41.239558882583751            2.000435278789745            0.000532771011203  
         41.360503098909000            1.992302334797214            0.008662637799947  
         41.481447315234249            1.969251371138583            0.031719219218079  
         41.602391531559498            1.938767675659651            0.062210770200546  
         41.723335747884747            1.943846837760932            0.057142492666470  
         41.844279964209996            1.954370459072001            0.046615129647754  
         41.965224180535252            1.984139272280471            0.016843229749866  
         42.086168396860501            1.999164115638356            0.001813790723863  
         42.207112613185750            1.990421144063951            0.010564572663705  
         42.328056829510999            1.966972767329747            0.034028025211048  
         42.449001045836248            1.953656917429941            0.047356188303558  
         42.569945262161497            1.976887067052501            0.024133518451270  
         42.690889478486746            1.994151256927096            0.006864033852674  
         42.811833694812002            1.993809518242248            0.007210757996189  
         42.932777911137251            1.969765640375178            0.031267606133930  
         43.053722127462500            1.965745007885577            0.035305415848079  
         43.174666343787749            1.984226672234459            0.016828133734588  
         43.295610560112998            1.995764562190736            0.005289327214102  
         43.416554776438247            1.982846109594978            0.018218017867455  
         43.537498992763496            1.967039955232376            0.034037377621374  
         43.658443209088752            1.981808639879240            0.019278336762582  
         43.779387425414001            1.995199668113758            0.005889383451129  
         43.900331641739250            1.983669184681990            0.017430258424877  
         44.021275858064499            1.970674727865896            0.030437086784075  
         44.142220074389748            1.980816756105095            0.020305607869867  
         44.263164290714997            1.987440807037868            0.013689510810337  
         44.384108507040246            1.972794041699508            0.028348797067105  
         44.505052723365502            1.976115829859865            0.025043457972833  
         44.625996939690751            1.992606887213947            0.008569910388150  
         44.746941156016000            1.989725925207023            0.011464415136895  
         44.867885372341249            1.970705349088595            0.030502479687328  
         44.988829588666498            1.974790669385873            0.026444667531757  
         45.109773804991747            1.992382507849725            0.008879392470521  
         45.230718021316996            1.984667183100831            0.016615613522127  
         45.351662237642252            1.969992809419400            0.031311377880434  
         45.472606453967501            1.970123662810341            0.031220248266005  
         45.593550670292750            1.988555318911987            0.012827965251256  
         45.714494886617999            1.985789117822669            0.015624396976859  
         45.835439102943248            1.969583574746270            0.031854784656890  
         45.956383319268497            1.961113646375247            0.040361392797514  
         46.077327535593746            1.972638466799007            0.028888799868348  
         46.198271751919002            1.994054283509826            0.007515291224978  
         46.319215968244251            1.990247956829309            0.011355769975633  
         46.440160184569500            1.972459435422478            0.029168515360136  
         46.561104400894749            1.948671981661788            0.052993383288063  
         46.682048617219998            1.956682682221812            0.045024533947049  
         46.802992833545247            1.980181142803311            0.021572101075300  
         46.923937049870496            1.994074079443767            0.007720179342521  
         47.044881266195752            1.992894271053269            0.008924632347861  
         47.165825482521001            1.967738237148465            0.034100791362227  
         47.286769698846250            1.949813681595060            0.052040420584066  
         47.407713915171499            1.927205154684526            0.074674644152076  
         47.528658131496748            1.937010945968846            0.064894182720903  
         47.649602347821997            1.954586688750424            0.047346256838206  
         47.770546564147246            1.979547553567670            0.022407474322770  
         47.891490780472502            2.000272751599250            0.001691042729069  
         48.012434996797751            1.993542235992027            0.008424304036395  
         48.133379213123000            1.976230559621806            0.025732550434778  
         48.254323429448249            1.932967594711262            0.068995474080592  
         48.375267645773498            1.914940367717032            0.087023148924086  
         48.496211862098747            1.903108755765159            0.098857675931720  
         48.617156078423996            1.919657338270772            0.082312460909711  
         48.738100294749252            1.942425400357231            0.059544011962052  
         48.859044511074501            1.965600830957254            0.036364562305451  
         48.979988727399750            1.997991719083751            0.003962192855061  
         49.100932943724999            1.996799667047510            0.005139461717611  
         49.221877160050248            1.989066369206522            0.012859457262114  
         49.342821376375497            1.949300979535735            0.052614098129353  
         49.463765592700746            1.927468168290467            0.074443400011032  
         49.584709809026002            1.914222643519619            0.087685700541922  
         49.705654025351251            1.917306473518059            0.084599319979768  
         49.826598241676500            1.943948977618421            0.057951209357215  
         49.947542458001749            1.963916881670223            0.037971784216240  
         50.068486674326998            1.996376936745242            0.005501595787870  
         50.189430890652247            1.999297409999480            0.002570100906390  
         50.310375106977496            1.989861024712401            0.012006802186022  
         50.431319323302752            1.957820419504672            0.044051772432562  
         50.552263539628001            1.937995517391041            0.063888742495730  
         50.673207755953250            1.941894999152237            0.059997765016136  
         50.794151972278499            1.957560363758842            0.044331203984731  
         50.915096188603748            1.991663760710469            0.010228121766587  
         51.036040404928997            2.001379687715413            0.000509768485583  
         51.156984621254246            1.991248488411749            0.010653307743164  
         51.277928837579502            1.962663988377428            0.039253631617819  
         51.398873053904751            1.956043750990346            0.045894680181964  
         51.519817270230000            1.973377207816159            0.028569804853726  
         51.640761486555249            1.989529240411301            0.012416435828614  
         51.761705702880498            1.991978730148590            0.009973733517449  
         51.882649919205747            1.971804000212187            0.030164661348814  
         52.003594135530996            1.966840071325475            0.035150984459742  
         52.124538351856252            1.976492673114563            0.025502992396009  
         52.245482568181501            1.991243372615166            0.010753580065024  
         52.366426784506750            1.982714579095100            0.019289759205571  
         52.487371000831999            1.969326018225019            0.032694751874237  
         52.608315217157248            1.979423574570085            0.022607396310181  
         52.729259433482497            1.994220215522168            0.007810974049255  
         52.850203649807746            1.987423059564691            0.014614421238513  
         52.971147866133002            1.970400277858151            0.031647819587432  
         53.092092082458251            1.980654956187282            0.021403767416057  
         53.213036298783500            1.993193865889336            0.008870499770237  
         53.333980515108749            1.981271552279497            0.020802695591804  
         53.454924731433998            1.973116194603826            0.028972647907196  
         53.575868947759247            1.984369975382687            0.017737442225497  
         53.696813164084496            1.988057841482695            0.014065267079956  
         53.817757380409752            1.971551292074678            0.030591782381961  
         53.938701596735001            1.976137449817709            0.026033649031483  
         54.059645813060250            1.994240405588515            0.007965299388880  
         54.180590029385499            1.991097308066729            0.011139019815735  
         54.301534245710748            1.971467872679709            0.030802679290492  
         54.422478462035997            1.969842845834822            0.032478480604180  
         54.543422678361246            1.991303899761429            0.011071705878146  
         54.664366894686502            1.991133661276781            0.011292803434918  
         54.785311111011751            1.974825778305256            0.027646180112583  
         54.906255327337000            1.960305799939684            0.042229462839877  
         55.027199543662249            1.977363854354255            0.025245410285047  
         55.148143759987498            1.996640020158037            0.006040330540962  
         55.269087976312747            1.992366444500339            0.010375860477636  
         55.390032192637996            1.968864568105718            0.033934088067756  
         55.510976408963252            1.949566824542022            0.053302035779067  
         55.631920625288501            1.965133853684400            0.037807659408531  
         55.752864841613750            1.982734586712020            0.020289272661725  
         55.873809057938999            1.996332516574554            0.006759820333329  
         55.994753274264248            1.984992759978293            0.018154989856447  
         56.115697490589497            1.963596741922848            0.039597322480807  
         56.236641706914746            1.942526542451618            0.060713724252260  
         56.357585923240002            1.931149057366993            0.072147246892812  
         56.478530139565251            1.952107934879910            0.051240922345219  
         56.599474355890500            1.967894766433632            0.035509400044192  
         56.720418572215749            1.994685147563419            0.008758670658679  
         56.841362788540998            1.996879615258307            0.006590943174523  
         56.962307004866247            1.985240478629762            0.018245936927555  
         57.083251221191496            1.953293838657533            0.050203899265967  
         57.204195437516752            1.917731562568910            0.085779475196670  
         57.325139653842001            1.910328873823800            0.093193617169783  
         57.446083870167250            1.909315359511914            0.094221419513803  
         57.567028086492499            1.943030529146757            0.060515925703688  
         57.687972302817748            1.962154831434818            0.041396358279946  
         57.808916519142997            1.989140204926918            0.014407380220927  
         57.929860735468246            1.999473870834934            0.004061430916879  
         58.050804951793502            1.989352226116119            0.014168912305019  
         58.171749168118751            1.967905498323649            0.035601894123024  
         58.292693384444000            1.925460777766373            0.078036677305414  
         58.413637600769249            1.914674320120627            0.088817731325928  
         58.534581817094498            1.908121552970269            0.095363679696216  
         58.655526033419747            1.932175510387396            0.071304202348036  
         58.776470249744996            1.955904436323208            0.047563946731540  
         58.897414466070252            1.982256531492838            0.021198498448310  
         59.018358682395501            2.002823983866081            0.000618053142568  
         59.139302898720750            1.995034566180963            0.008398916076034  
         59.260247115045999            1.978016573948300            0.025419694246233  
         59.381191331371248            1.942710286671400            0.060731950224728  
         59.502135547696497            1.936206371080473            0.067250391335142  
         59.623079764021746            1.940009755026309            0.063452200508413  
         59.744023980347002            1.968719467201698            0.034745724633723  
         59.864968196672251            1.998842735807783            0.004623995025606  
         59.985912412997500            2.002935654901854            0.000535419813534  
         60.106856629322749            1.986324605832484            0.017165004658240  
         60.227800845647998            1.957664724562191            0.045848309499926  
         60.348745061973247            1.957485527951736            0.046056717028911  
         60.469689278298496            1.968740239699556            0.034813284253622  
         60.590633494623752            1.990069662892920            0.013491941840962  
         60.711577710949001            1.993939636619358            0.009633434437353  
         60.832521927274250            1.978185563085465            0.025411351713318  
         60.953466143599499            1.966432052369730            0.037191050706067  
         61.074410359924748            1.971399441683472            0.032234052149053  
         61.195354576249997            1.992079278185680            0.011561085221122  
         61.316298792575246            1.989278931213859            0.014367979024429  
         61.437243008900502            1.975025398401081            0.028639616297151  
         61.558187225225751            1.972703202774652            0.030971164020598  
         61.679131441551000            1.987276946169946            0.016398382191347  
         61.800075657876249            1.988034907061633            0.015641489380128  
         61.921019874201498            1.972588549321417            0.031095999651232  
         62.041964090526747            1.979340951794818            0.024352400037628  
         62.162908306851996            1.995437978495643            0.008257440286013  
         62.283852523177252            1.990056222602196            0.013643665813539  
         62.404796739502501            1.972235279138734            0.031475288189469  
         62.525740955827750            1.979641762383108            0.024085910389486  
         62.646685172152999            1.991938150637496            0.011806038010315  
         62.767629388478248            1.979443174288187            0.024321340152649  
         62.888573604803497            1.973332278002079            0.030461566687445  
         63.009517821128746            1.985267669349564            0.018569583958451  
         63.130462037454002            1.991005479079671            0.012875144488580  
         63.251406253779251            1.972608728210789            0.031320679173231  
         63.372350470104500            1.970288685061085            0.033702551023982  
         63.493294686429749            1.990274878436207            0.013793932873557  
         63.614238902754998            1.996299978455007            0.007850027369856  
         63.735183119080247            1.978479090892264            0.025749704415496  
         63.856127335405496            1.960258658772803            0.044065568448339  
         63.977071551730752            1.978333229896242            0.026098905003075  
         64.098015768056001            1.995813392225262            0.008738341970993  
         64.218959984381243            1.994468730951696            0.010192712605039  
         64.339904200706499            1.966715718122508            0.038053873743907  
         64.460848417031755            1.952407762435666            0.052477311659511  
         64.581792633356997            1.963042013785909            0.041969774819678  
         64.702736849682253            1.978412340667975            0.026739181696690  
         64.823681066007495            1.996342971842215            0.008931523461035  
         64.944625282332751            1.985737326926083            0.019647752376519  
         65.065569498657993            1.968333079799220            0.037146749465776  
         65.186513714983249            1.938372909254703            0.067207011450277  
         65.307457931308505            1.936731020987756            0.068952242801691  
         65.428402147633747            1.954319293505837            0.051469047054872  
         65.549346363959003            1.973135151654170            0.032756740862435  
         65.670290580284245            1.999526501850036            0.006446557949807  
         65.791234796609501            1.994637217624698            0.011400859601464  
         65.912179012934743            1.981099341157631            0.024984714851835  
         66.033123229259999            1.937713788371168            0.068411451114347  
         66.154067445585255            1.915480746656629            0.090681127296768  
         66.275011661910497            1.908174761038614            0.098023167464458  
         66.395955878235753            1.919078044901545            0.087155829163541  
         66.516900094560995            1.951719763515274            0.054542058915136  
         66.637844310886251            1.969659108598748            0.036623638208967  
         66.758788527211493            1.998971203965034            0.007316658861067  
         66.879732743536749            1.995176500573089            0.011105753921420  
         67.000676959862005            1.985867488255032            0.020403266587760  
         67.121621176187247            1.949990282363333            0.056266740953142  
         67.242565392512503            1.916612483131945            0.089634511175662  
         67.363509608837745            1.906262135127314            0.099976008217500  
         67.484453825163001            1.906070196402108            0.100159917559468  
         67.605398041488243            1.933406719815041            0.072814887941837  
         67.726342257813499            1.951702750935917            0.054505363900211  
         67.847286474138755            1.990548178922420            0.015645426955097  
         67.968230690463997            2.003655002184410            0.002521771291106  
         68.089174906789253            1.999550321124108            0.006616281645365  
         68.210119123114495            1.972984645463570            0.033179525027123  
         68.331063339439751            1.940691987104580            0.065479199249876  
         68.452007555764993            1.933116348912924            0.073068650715566  
         68.572951772090249            1.931262082779654            0.074930833737167  
         68.693895988415505            1.966926529548729            0.039276872072811  
         68.814840204740747            1.990034502519415            0.016171228095825  
         68.935784421066003            2.003220936360136            0.002993409099277  
         69.056728637391245            1.992134646140318            0.014098968361472  
         69.177672853716501            1.970639374536053            0.035628154808103  
         69.298617070041743            1.957301318485972            0.049006175152259  
         69.419561286366999            1.954200152792017            0.052136281807100  
         69.540505502692255            1.985816550680321            0.020546232303355  
         69.661449719017497            2.003578663850375            0.002799318512145  
         69.782393935342753            2.000077260569556            0.006325282857605  
         69.903338151667995            1.973410849959369            0.033022742707835  
         70.024282367993251            1.965109051869099            0.041357523288784  
         70.145226584318493            1.983759663583517            0.022728103397269  
         70.266170800643749            1.998753170544305            0.007740226987617  
         70.387115016969005            1.993096164505765            0.013407650239277  
         70.508059233294247            1.971543052860590            0.034973373000616  
         70.629003449619503            1.976829062458143            0.029700324723064  
         70.749947665944745            1.996654122487471            0.009872073086634  
         70.870891882270001            1.997689742781219            0.008830686084700  
         70.991836098595243            1.978230326850014            0.028288341513727  
         71.112780314920499            1.974446539262885            0.032071895963748  
         71.233724531245755            1.993605931238335            0.012908275790654  
         71.354668747570997            1.989817649573188            0.016691127036283  
         71.475612963896253            1.976401733338488            0.030110483584868  
         71.596557180221495            1.980427733746504            0.026094640354096  
         71.717501396546751            1.993044482419388            0.013492737184036  
         71.838445612871993            1.981590222026493            0.024967001835419  
         71.959389829197249            1.971433792392789            0.035159094799361  
         72.080334045522505            1.989622753573262            0.017020231336668  
         72.201278261847747            1.996857917072096            0.009846440188540  
         72.322222478173003            1.981577985595978            0.025195343839526  
         72.443166694498245            1.968173284607897            0.038693267542660  
         72.564110910823501            1.984360695224818            0.022620042586181  
