#             time (fs)      |   total net charge (e)  |   charge (atom_1) (e)   |   charge (atom_2) (e)   |        ...        |   charge (atom_N) (e)   |
          0.000000000000000       -0.000000000000000       -0.000000000000000        0.000000000000000
          0.120944216325250       -0.000000274495823       -0.174648794407157        0.174648519911335
          0.241888432650500       -0.000000102823841        0.405154203318042       -0.405154306141882
          0.362832648975750        0.000000137844732       -0.317468004619133        0.317468142463866
          0.483776865301000        0.000000342372278        0.027941265989398       -0.027940923617121
          0.604721081626250       -0.000000017513999        0.013591169649806       -0.013591187163805
          0.725665297951500       -0.000000246164564        0.254090385183616       -0.254090631348180
          0.846609514276750       -0.000000283783741       -0.362963359482750        0.362963075699009
          0.967553730602000        0.000000212264708        0.065157277863953       -0.065157065599245
          1.088497946927250        0.000000687137033        0.263548725986801       -0.263548038849767
          1.209442163252500        0.000000518052099       -0.187017934213593        0.187018452265692
          1.330386379577750        0.000000273107584       -0.091246940869018        0.091247213976602
          1.451330595903000        0.000000014329954        0.029453178330352       -0.029453164000398
          1.572274812228250        0.000000094866384        0.341396453603006       -0.341396358736622
          1.693219028553500        0.000000088386911       -0.426205417701676        0.426205506088587
          1.814163244878750        0.000000366061594        0.008540653269944       -0.008540287208350
          1.935107461204000        0.000000549634154        0.377443458402357       -0.377442908768204
          2.056051677529250        0.000000461410345       -0.236997566989001        0.236998028399346
          2.176995893854500        0.000000434252862       -0.116850376889772        0.116850811142634
          2.297940110179750        0.000000262072467        0.065851276206320       -0.065851014133853
          2.418884326505000        0.000000133607167        0.282578628893369       -0.282578495286202
          2.539828542830250       -0.000000041285040       -0.256779424752309        0.256779383467269
          2.660772759155500       -0.000000089064859       -0.250054715235753        0.250054626170893
          2.781716975480750       -0.000000192046228        0.541218355321595       -0.541218547367822
          2.902661191806000       -0.000000291921608       -0.173085167005837        0.173084875084229
          3.023605408131250       -0.000000375256986       -0.349880900294474        0.349880525037488
          3.144549624456500       -0.000000527556925        0.324673006271232       -0.324673533828157
          3.265493840781750       -0.000000592840928        0.088580029235113       -0.088580622076041
          3.386438057107000       -0.000000619807400       -0.164819391686078        0.164818771878677
          3.507382273432250       -0.000000562083159       -0.187928547614208        0.187927985531049
          3.628326489757500       -0.000000377338338        0.290824206475110       -0.290824583813448
          3.749270706082750       -0.000000168272579        0.152105369154697       -0.152105537427275
          3.870214922408000        0.000000108322137       -0.525947442748495        0.525947551070632
          3.991159138733250        0.000000456613040        0.256493710600262       -0.256493253987222
          4.112103355058500        0.000000775506025        0.301176824217392       -0.301176048711367
          4.233047571383750        0.000001308421703       -0.401259431251574        0.401260739673277
          4.353991787709000        0.000001869304204        0.020365436426343       -0.020363567122139
          4.474936004034250        0.000002678687135        0.167149955249157       -0.167147276562022
          4.595880220359500        0.000003698272179        0.104453700051619       -0.104450001779440
          4.716824436684750        0.000004939209826       -0.290140840374532        0.290145779584358
          4.837768653010000        0.000006093481651       -0.026701213147087        0.026707306628738
          4.958712869335250        0.000007094223421        0.443671148889268       -0.443664054665847
          5.079657085660500        0.000008337524692       -0.382590099693766        0.382598437218458
          5.200601301985750        0.000009439243200       -0.033538938561988        0.033548377805188
          5.321545518311000        0.000011084141304        0.198200519192120       -0.198189435050817
          5.442489734636251        0.000013049442334        0.040140015465139       -0.040126966022804
          5.563433950961501        0.000015150681374       -0.175659883328306        0.175675034009680
          5.684378167286750        0.000016772378755       -0.097968975663073        0.097985748041828
          5.805322383612000        0.000018053879185        0.409447695116432       -0.409429641237247
          5.926266599937250        0.000019594338659       -0.333026379122587        0.333045973461247
          6.047210816262500        0.000021168403399        0.034866566123066       -0.034845397719667
          6.168155032587750        0.000023173572560        0.000608211630353       -0.000585038057793
          6.289099248913001        0.000024864405164        0.264885823082571       -0.264860958677406
          6.410043465238251        0.000026192516676       -0.390816860575141        0.390843053091817
          6.530987681563500        0.000027112896835        0.186886157542855       -0.186859044646020
          6.651931897888750        0.000028235376248        0.019407975547679       -0.019379740171431
          6.772876114214000        0.000029632042782        0.099732637024214       -0.099703004981432
          6.893820330539250        0.000030514187102       -0.350830847271506        0.350861361458607
          7.014764546864500        0.000031046865780        0.350168545174892       -0.350137498309113
          7.135708763189751        0.000031517342934       -0.120703928053076        0.120735445396010
          7.256652979515001        0.000032188121636        0.029523899712845       -0.029491711591209
          7.377597195840250        0.000032432980849       -0.204149717284294        0.204182150265143
          7.498541412165500        0.000032436434747        0.326097230703319       -0.326064794268571
          7.619485628490750        0.000032583615687       -0.147266308430764        0.147298892046451
          7.740429844816000        0.000032706273973       -0.132277726819396        0.132310433093369
          7.861374061141250        0.000032675608214        0.166538683283829       -0.166506007675616
          7.982318277466501        0.000032677503992       -0.014037051666448        0.014069729170440
          8.103262493791750        0.000032692736226        0.013101094272975       -0.013068401536748
          8.224206710117000        0.000032741434468       -0.248137517202612        0.248170258637080
          8.345150926442249        0.000033000594041        0.391503696391260       -0.391470695797219
          8.466095142767500        0.000033355264376       -0.232498430020277        0.232531785284653
          8.587039359092751        0.000033616414993        0.003459971314123       -0.003426354899130
          8.707983575418000        0.000034134893472       -0.041236748879024        0.041270883772496
          8.828927791743251        0.000035323182706        0.242596862676900       -0.242561539494194
          8.949872008068500        0.000036399491817       -0.241482836589158        0.241519236080975
          9.070816224393750        0.000037252787221       -0.017402746228592        0.017439999015813
          9.191760440718999        0.000038311139240        0.155803948982733       -0.155765637843493
          9.312704657044250        0.000040217369083        0.036398972533151       -0.036358755164069
          9.433648873369501        0.000042442971914       -0.255826463003232        0.255868905975146
          9.554593089694750        0.000044140622520        0.156822394563883       -0.156778253941363
          9.675537306020001        0.000045718836769        0.096012536999827       -0.095966818163058
          9.796481522345250        0.000047554995163       -0.055215690068448        0.055263245063611
          9.917425738670500        0.000050151483229       -0.269715049290585        0.269765200773814
         10.038369954995749        0.000052675981357        0.410956768675706       -0.410904092694349
         10.159314171321000        0.000055117865162       -0.163908962310142        0.163964080175304
         10.280258387646251        0.000057288348922       -0.074064606489675        0.074121894838597
         10.401202603971500        0.000059142197900       -0.081591097802954        0.081650240000854
         10.522146820296751        0.000060951136730        0.342770350399983       -0.342709399263253
         10.643091036622000        0.000062802404681       -0.193558815618557        0.193621618023238
         10.764035252947250        0.000065037315600       -0.261585019778560        0.261650057094160
         10.884979469272501        0.000066923271057        0.424722026689802       -0.424655103418745
         11.005923685597750        0.000068733424233       -0.108598569357653        0.108667302781886
         11.126867901923001        0.000070226253620       -0.157840809182630        0.157911035436250
         11.247812118248250        0.000071317107598       -0.032194523700517        0.032265840808115
         11.368756334573501        0.000072159596202        0.282286454032287       -0.282214294436085
         11.489700550898750        0.000072846057579       -0.046974712483505        0.047047558541084
         11.610644767224001        0.000073507508471       -0.427319527418028        0.427393034926499
         11.731588983549251        0.000073970159085        0.441008442709786       -0.440934472550701
         11.852533199874500        0.000074475385932        0.074348473202833       -0.074273997816900
         11.973477416199751        0.000074786184602       -0.419278616739100        0.419353402923703
         12.094421632525000        0.000074996563531        0.173761464109417       -0.173686467545886
         12.215365848850251        0.000075133401411        0.176500980017432       -0.176425846616021
         12.336310065175500        0.000075157242232       -0.046994427659353        0.047069584901586
         12.457254281500751        0.000075161444764       -0.283067562277588        0.283142723722351
         12.578198497826001        0.000075190334504        0.153042636357608       -0.152967446023104
         12.699142714151250        0.000075211286438        0.352385302221473       -0.352310090935035
         12.820086930476501        0.000075332561499       -0.491799046154782        0.491874378716281
         12.941031146801750        0.000075460872287        0.020582032587016       -0.020506571714730
         13.061975363127001        0.000075692330086        0.424355642908400       -0.424279950578314
         13.182919579452250        0.000076073968508       -0.281254902250279        0.281330976218786
         13.303863795777501        0.000076555041757       -0.113980791666952        0.114057346708710
         13.424808012102751        0.000077394004588        0.110655646214779       -0.110578252210191
         13.545752228428000        0.000078487933317        0.207048782339836       -0.206970294406518
         13.666696444753251        0.000079909242327       -0.202441311857154        0.202521221099480
         13.787640661078500        0.000081234552820       -0.231731510072185        0.231812744625005
         13.908584877403751        0.000082757705386        0.490551579049174       -0.490468821343787
         14.029529093729000        0.000084317883586       -0.207171079586372        0.207255397469958
         14.150473310054251        0.000085993339368       -0.202605974220433        0.202691967559801
         14.271417526379501        0.000088315148498        0.194930402306542       -0.194842087158044
         14.392361742704750        0.000090919628649        0.079620188007301       -0.079529268378652
         14.513305959030001        0.000093806287246       -0.064896175767976        0.064989982055221
         14.634250175355250        0.000096297073069       -0.277691872939896        0.277788170012965
         14.755194391680501        0.000098802452862        0.439339249476834       -0.439240447023972
         14.876138608005750        0.000101129949637       -0.189723831838277        0.189824961787914
         14.997082824331001        0.000103616940333       -0.087196401739303        0.087300018679637
         15.118027040656251        0.000106613976099       -0.002550999243479        0.002657613219578
         15.238971256981500        0.000109437463126        0.253734513990227       -0.253625076527102
         15.359915473306751        0.000111779195010       -0.222661950165867        0.222773729360877
         15.480859689632000        0.000113352087427       -0.055737552840847        0.055850904928274
         15.601803905957251        0.000115279589014        0.162900894035187       -0.162785614446173
         15.722748122282500        0.000117381141066        0.055578968987186       -0.055461587846121
         15.843692338607751        0.000119043082197       -0.248875259558742        0.248994302640939
         15.964636554933001        0.000119909472861        0.140862706092282       -0.140742796619421
         16.085580771258250        0.000120538688073        0.050614221937419       -0.050493683249346
         16.206524987583499        0.000121461505844        0.020380847807424       -0.020259386301580
         16.327469203908752        0.000121982160467       -0.284519786435097        0.284641768595564
         16.448413420234001        0.000122091595754        0.365526446825279       -0.365404355229525
         16.569357636559250        0.000122115695280       -0.176779234440491        0.176901350135771
         16.690301852884499        0.000122203066652        0.026750320886877       -0.026628117820225
         16.811246069209751        0.000122083800130       -0.132853261882295        0.132975345682425
         16.932190285535000        0.000121957591447        0.266464427152691       -0.266342469561244
         17.053134501860249        0.000121991839298       -0.133784581496420        0.133906573335718
         17.174078718185502        0.000122108816101       -0.162284653683718        0.162406762499818
         17.295022934510751        0.000122480046592        0.256741778073581       -0.256619298026989
         17.415967150836000        0.000123287740590       -0.101536956514137        0.101660244254727
         17.536911367161249        0.000124200704310        0.019030434745259       -0.018906234040949
         17.657855583486501        0.000125463821869       -0.201816924678417        0.201942388500286
         17.778799799811750        0.000127429269755        0.386769423928583       -0.386641994658828
         17.899744016136999        0.000129784025716       -0.283853055947861        0.283982839973577
         18.020688232462252        0.000132333714768        0.035936319654293       -0.035803985939525
         18.141632448787501        0.000135288367742       -0.025384743246550        0.025520031614292
         18.262576665112750        0.000139290894973        0.261413630009994       -0.261274339115021
         18.383520881437999        0.000143692273331       -0.359469537870199        0.359613230143531
         18.504465097763251        0.000148165873543        0.147655584766137       -0.147507418892594
         18.625409314088500        0.000152711634275        0.043316214484590       -0.043163502850315
         18.746353530413749        0.000157763965305        0.116343910955779       -0.116186146990474
         18.867297746739002        0.000163468098829       -0.393353565251131        0.393517033349960
         18.988241963064251        0.000169322324644        0.354680737533347       -0.354511415208703
         19.109186179389500        0.000175433145705       -0.041785637831822        0.041961070977527
         19.230130395714749        0.000181093676414       -0.068592689961331        0.068773783637745
         19.351074612040001        0.000186454460161       -0.175146963279369        0.175333417739529
         19.472018828365250        0.000191569867546        0.311610635912293       -0.311419066044748
         19.592963044690499        0.000196936187194       -0.006970774513559        0.007167710700752
         19.713907261015752        0.000202430648643       -0.382026870753639        0.382229301402282
         19.834851477341001        0.000207564951527        0.336530895069787       -0.336323330118260
         19.955795693666250        0.000212536164292        0.025809762510036       -0.025597226345745
         20.076739909991499        0.000216723472796       -0.114684729609246        0.114901453082042
         20.197684126316751        0.000220233116527       -0.174255220303455        0.174475453419982
         20.318628342642000        0.000223090551631        0.267040533980141       -0.266817443428510
         20.439572558967249        0.000225656625350        0.133879329814564       -0.133653673189214
         20.560516775292502        0.000227912236451       -0.507216698331489        0.507444610567940
         20.681460991617751        0.000229955571060        0.295424215912635       -0.295194260341575
         20.802405207943000        0.000231878023334        0.227929103667346       -0.227697225644012
         20.923349424268253        0.000233319079177       -0.347230820460972        0.347464139540149
         21.044293640593501        0.000234472405567       -0.004341742287035        0.004576214692602
         21.165237856918750        0.000235165513218        0.170241333167350       -0.170006167654132
         21.286182073243999        0.000235481474406        0.136864666261046       -0.136629184786640
         21.407126289569252        0.000235528628488       -0.347275108590722        0.347510637219210
         21.528070505894501        0.000235440617360       -0.008110954662475        0.008346395279835
         21.649014722219750        0.000235298380699        0.487310270726498       -0.487074972345799
         21.769958938545003        0.000235199381930       -0.391145361354831        0.391380560736761
         21.890903154870252        0.000235105016510       -0.161287018352202        0.161522123368712
         22.011847371195501        0.000235138041742        0.411966420191506       -0.411731282149765
         22.132791587520749        0.000235248849378       -0.103536214823692        0.103771463673070
         22.253735803846002        0.000235547102079       -0.171505879999584        0.171741427101662
         22.374680020171251        0.000236181276773       -0.034689123618693        0.034925304895466
         22.495624236496500        0.000237125118176        0.306583738148725       -0.306346613030549
         22.616568452821753        0.000238369813368       -0.086002643330740        0.086241013144108
         22.737512669147002        0.000239649088648       -0.387483958906131        0.387723607994779
         22.858456885472251        0.000241288994504        0.450324691155801       -0.450083402161298
         22.979401101797500        0.000242920273208       -0.030452871384559        0.030695791657766
         23.100345318122752        0.000245100565391       -0.265990565891745        0.266235666457136
         23.221289534448001        0.000247879950918        0.093226979254126       -0.092979099303209
         23.342233750773250        0.000251142716264        0.132169823705852       -0.131918680989588
         23.463177967098503        0.000254722476696        0.050929781629388       -0.050675059152691
         23.584122183423752        0.000258133862665       -0.392921524145208        0.393179658007873
         23.705066399749001        0.000261677868252        0.373624908914985       -0.373363231046733
         23.826010616074250        0.000264902547982       -0.019596731278103        0.019861633826086
         23.946954832399502        0.000268647103606       -0.158660200942641        0.158928848046247
         24.067899048724751        0.000272719191519       -0.042074950890577        0.042347670082096
         24.188843265050000        0.000276712309574        0.217980038082614       -0.217703325773039
         24.309787481375253        0.000280003369471       -0.035359841825781        0.035639845195253
         24.430731697700502        0.000282687544244       -0.248632044167778        0.248914731712023
         24.551675914025751        0.000285733762531        0.229047830340774       -0.228762096578242
         24.672620130351000        0.000288644926672        0.031808424655890       -0.031519779729218
         24.793564346676252        0.000291016450864       -0.105886511051974        0.106177527502838
         24.914508563001501        0.000292305535443       -0.101207377506034        0.101499683041478
         25.035452779326750        0.000293469835726        0.232621837088541       -0.232328367252816
         25.156396995652003        0.000294729410401       -0.046819515905608        0.047114245316009
         25.277341211977252        0.000295433962717       -0.207693524812651        0.207988958775368
         25.398285428302501        0.000295456205123        0.194459006313204       -0.194163550108081
         25.519229644627750        0.000295270390874       -0.017862347269049        0.018157617659923
         25.640173860953002        0.000295229903167        0.028131271903245       -0.027836042000078
         25.761118077278251        0.000294891813643       -0.266643098144121        0.266937989957765
         25.882062293603500        0.000294509336321        0.386805056191338       -0.386510546855017
         26.003006509928753        0.000294393581149       -0.205867724483152        0.206162118064301
         26.123950726254002        0.000294476749777       -0.023369431800960        0.023663908550737
         26.244894942579251        0.000294911095229       -0.001878727862715        0.002173638957944
         26.365839158904500        0.000296015470075        0.150530175095974       -0.150234159625898
         26.486783375229752        0.000297562585657       -0.087658736831115        0.087956299416772
         26.607727591555001        0.000299736816620       -0.193474808741383        0.193774545558003
         26.728671807880250        0.000302857958122        0.329466963139250       -0.329164105181129
         26.849616024205503        0.000307033232223       -0.168721358967755        0.169028392199978
         26.970560240530752        0.000311838222477        0.006513936528536       -0.006202098306059
         27.091504456856001        0.000317475356974       -0.138707345817465        0.139024821174439
         27.212448673181250        0.000324382239948        0.376189430087710       -0.375865047847761
         27.333392889506502        0.000332225855964       -0.344548518262602        0.344880744118566
         27.454337105831751        0.000340891369074        0.082794516501416       -0.082453625132342
         27.575281322157000        0.000349979852434       -0.002553771049859        0.002903750902293
         27.696225538482253        0.000359897639076        0.244788042315120       -0.244428144676044
         27.817169754807502        0.000370496685115       -0.415276939421245        0.415647436106360
         27.938113971132751        0.000381920462722        0.215633909773703       -0.215251989310981
         28.059058187458000        0.000393841403237        0.086709665832202       -0.086315824428964
         28.180002403783252        0.000405405874971       -0.050393057364493        0.050798463239464
         28.300946620108501        0.000416621496604       -0.214043065166115        0.214459686662720
         28.421890836433750        0.000427536082833        0.188722601987925       -0.188295065905092
         28.542835052759003        0.000438799135514        0.204225503728409       -0.203786704592895
         28.663779269084252        0.000449967444375       -0.444294170924219        0.444744138368594
         28.784723485409501        0.000461080690103        0.207001114022647       -0.206540033332544
         28.905667701734750        0.000471649954761        0.122668989564954       -0.122197339610192
         29.026611918060002        0.000480928631475       -0.035162452949690        0.035643381581165
         29.147556134385251        0.000488918519667       -0.254884020391895        0.255372938911563
         29.268500350710500        0.000495788676580        0.149197436957302       -0.148701648280722
         29.389444567035753        0.000502029696213        0.326847392513073       -0.326345362816860
         29.510388783361002        0.000507664488293       -0.501106912228688        0.501614576716980
         29.631332999686251        0.000513128645884        0.089375053034714       -0.088861924388830
         29.752277216011500        0.000518013170085        0.347151843474599       -0.346633830304513
         29.873221432336752        0.000522098641637       -0.232767564998325        0.233289663639962
         29.994165648662001        0.000525332705252       -0.133522712407352        0.134048045112604
         30.115109864987250        0.000527438789880        0.089486593173227       -0.088959154383346
         30.236054081312503        0.000528636778059        0.285070256327590       -0.284541619549531
         30.356998297637752        0.000529154366456       -0.286009767606110        0.286538921972566
         30.477942513963001        0.000529307009468       -0.227048945477686        0.227578252487155
         30.598886730288250        0.000529285205371        0.548115227108816       -0.547585941903444
         30.719830946613502        0.000529225914519       -0.193131161814073        0.193660387728592
         30.840775162938751        0.000529114399667       -0.347558843943507        0.348087958343174
         30.961719379264000        0.000528983905068        0.350853724391273       -0.350324740486205
         31.082663595589253        0.000528773659084        0.061938761701003       -0.061409988041918
         31.203607811914502        0.000528682636466       -0.168778055110812        0.169306737747279
         31.324552028239751        0.000528787370536       -0.160417972125461        0.160946759495997
         31.445496244565000        0.000529207026508        0.282905760385519       -0.282376553359011
         31.566440460890252        0.000529913852511        0.124122271248567       -0.123592357396057
         31.687384677215501        0.000530950243776       -0.503713022107140        0.504243972350916
         31.808328893540750        0.000532290705170        0.296367110940716       -0.295834820235546
         31.929273109866003        0.000533855652349        0.211586263628717       -0.211052407976368
         32.050217326191252        0.000536195117667       -0.334595628065808        0.335131823183475
         32.171161542516501        0.000539001855057        0.026797145971376       -0.026258144116318
         32.292105758841750        0.000542734187813        0.108850176600054       -0.108307442412241
         32.413049975166999        0.000547070368284        0.178715232107967       -0.178168161739683
         32.533994191492248        0.000551831891865       -0.393920615558639        0.394472447450504
         32.654938407817504        0.000556591663776        0.138500109524535       -0.137943517860760
         32.775882624142753        0.000561150822444        0.268702856877554       -0.268141706055109
         32.896826840468002        0.000566278667954       -0.299906970162671        0.300473248830626
         33.017771056793251        0.000571547034925        0.020650786257854       -0.020079239222928
         33.138715273118500        0.000577172641989        0.045385794668725       -0.044808622026736
         33.259659489443749        0.000582214102758        0.238461489428664       -0.237879275325906
         33.380603705768998        0.000586915337270       -0.429277798893469        0.429864714230739
         33.501547922094254        0.000591331411860        0.248662995307671       -0.248071663895811
         33.622492138419503        0.000595461324205        0.010823389035489       -0.010227927711284
         33.743436354744752        0.000599258923612        0.056179183565684       -0.055579924642073
         33.864380571070001        0.000601901907726       -0.322647696855845        0.323249598763571
         33.985324787395250        0.000603979636995        0.365514019185677       -0.364910039548682
         34.106269003720499        0.000605618932308       -0.136629342656783        0.137234961589091
         34.227213220045748        0.000606917898542        0.011455506565430       -0.010848588666889
         34.348157436371004        0.000607121012764       -0.192855274002553        0.193462395015316
         34.469101652696253        0.000606529005420        0.386205019570623       -0.385598490565203
         34.590045869021502        0.000606081895651       -0.281888117514328        0.282494199409979
         34.710990085346751        0.000605443668838        0.021625624167591       -0.021020180498753
         34.831934301672000        0.000604285223682        0.031493374668515       -0.030889089444833
         34.952878517997249        0.000603029178837        0.125813387007666       -0.125210357828829
         35.073822734322498        0.000602415972184       -0.148789324686514        0.149391740658698
         35.194766950647754        0.000602217873352       -0.104510325161132        0.105112543034484
         35.315711166973003        0.000602527018091        0.331720505585833       -0.331117978567742
         35.436655383298252        0.000603866230697       -0.258043044805733        0.258646911036430
         35.557599599623501        0.000606296952928        0.059883392657347       -0.059277095704419
         35.678543815948750        0.000609926772251       -0.081772403296183        0.082382330068434
         35.799488032273999        0.000615258699933        0.292523916068042       -0.291908657368109
         35.920432248599248        0.000622108874030       -0.331736701794219        0.332358810668249
         36.041376464924504        0.000630433079147        0.089875449393050       -0.089245016313903
         36.162320681249753        0.000640443114493        0.101490683321552       -0.100850240207059
         36.283264897575002        0.000652611771209        0.028208705819823       -0.027556094048613
         36.404209113900251        0.000666680572138       -0.239369555419107        0.240036235991245
         36.525153330225500        0.000682066924000        0.171197596906656       -0.170515529982655
         36.646097546550749        0.000698789806854        0.096715317233991       -0.096016527427137
         36.767041762875998        0.000716810672592       -0.126236857712476        0.126953668385068
         36.887985979201254        0.000736532447440       -0.157243735550711        0.157980267998151
         37.008930195526503        0.000757427443742        0.342850550985977       -0.342093123542235
         37.129874411851752        0.000779078501404       -0.159729988211172        0.160509066712576
         37.250818628177001        0.000800833764668       -0.069187129031285        0.069987962795953
         37.371762844502250        0.000822290662893       -0.073579327231952        0.074401617894845
         37.492707060827499        0.000843517112060        0.397496606073384       -0.396653088961324
         37.613651277152748        0.000864803182994       -0.378135027550047        0.378999830733041
         37.734595493478004        0.000886710441936       -0.010302554451115        0.011189264893051
         37.855539709803253        0.000908091144923        0.239541202903549       -0.238633111758626
         37.976483926128502        0.000928070515521       -0.029316345243681        0.030244415759202
         38.097428142453751        0.000945896649712       -0.170312539929292        0.171258436579005
         38.218372358779000        0.000961615442363       -0.079379131799741        0.080340747242105
         38.339316575104249        0.000975635251664        0.450705705729167       -0.449730070477503
         38.460260791429498        0.000988742129596       -0.332644007821310        0.333632749950906
         38.581205007754754        0.001001416165588       -0.186172963524191        0.187174379689779
         38.702149224080003        0.001013075409687        0.419987079321484       -0.418974003911797
         38.823093440405252        0.001023659041174       -0.105438677416935        0.106462336458109
         38.944037656730501        0.001032262653670       -0.184412860277859        0.185445122931529
         39.064981873055750        0.001038580182595       -0.019146391604786        0.020184971787381
         39.185926089380999        0.001042872831531        0.309816728264494       -0.308773855432963
         39.306870305706248        0.001045601904626       -0.078436358853680        0.079481960758307
         39.427814522031504        0.001047313808821       -0.428523494760839        0.429570808569660
         39.548758738356753        0.001048513481464        0.457404781008750       -0.456356267527287
         39.669702954682002        0.001049470534120        0.090288801475088       -0.089239330940967
         39.790647171007251        0.001050075398407       -0.469383539157677        0.470433614556085
         39.911591387332500        0.001050353319746        0.213720949711210       -0.212670596391464
         40.032535603657749        0.001050140598067        0.192752584285367       -0.191702443687301
         40.153479819982998        0.001049623246712       -0.108403766889323        0.109453390136035
         40.274424036308254        0.001048888314530       -0.226674735135923        0.227723623450453
         40.395368252633503        0.001048264942108        0.140385539382462       -0.139337274440354
         40.516312468958752        0.001047927414040        0.332577051237438       -0.331529123823399
         40.637256685284001        0.001048050112394       -0.470722791120596        0.471770841232990
         40.758200901609250        0.001048510255980        0.018994765184633       -0.017946254928654
         40.879145117934499        0.001049655804800        0.422726982079703       -0.421677326274903
         41.000089334259748        0.001051429386707       -0.297901241333678        0.298952670720385
         41.121033550585004        0.001053881987255       -0.083911938619301        0.084965820606556
         41.241977766910253        0.001057784433437        0.094874347406565       -0.093816562973128
         41.362921983235502        0.001062657810358        0.212553724732476       -0.211491066922118
         41.483866199560751        0.001068650561472       -0.228047290077037        0.229115940638509
         41.604810415886000        0.001074892630361       -0.177358988790314        0.178433881420674
         41.725754632211249        0.001081435621256        0.463035139572746       -0.461953703951490
         41.846698848536505        0.001088132802813       -0.261496435052920        0.262584567855732
         41.967643064861754        0.001095127550710       -0.071603665143500        0.072698792694210
         42.088587281187003        0.001102918402359        0.039339427209525       -0.038236508807166
         42.209531497512252        0.001110688979589        0.232064865704716       -0.230954176725127
         42.330475713837501        0.001118517131600       -0.227429813713778        0.228548330845378
         42.451419930162750        0.001125474122781       -0.098608668522107        0.099734142644888
         42.572364146487999        0.001132230502614        0.297703554325727       -0.296571323823114
         42.693308362813255        0.001138563770777       -0.121261806576748        0.122400370347524
         42.814252579138504        0.001143846467798       -0.093722048828792        0.094865895296589
         42.935196795463753        0.001147723591245       -0.015664256659106        0.016811980250351
         43.056141011789002        0.001150371765600        0.272708704698301       -0.271558332932702
         43.177085228114251        0.001152978485341       -0.272035065302347        0.273188043787688
         43.298029444439500        0.001154443398899        0.011750873637201       -0.010596430238302
         43.418973660764749        0.001154204042722        0.120315633213991       -0.119161429171269
         43.539917877090005        0.001152684217334        0.033933580543667       -0.032780896326332
         43.660862093415254        0.001151258545233       -0.160473298522691        0.161624557067923
         43.781806309740503        0.001149484105701       -0.007465538113680        0.008615022219381
         43.902750526065752        0.001146638742568        0.281099121130344       -0.279952482387776
         44.023694742391001        0.001143936636944       -0.301292731726340        0.302436668363284
         44.144638958716250        0.001142151782757        0.111697354915275       -0.110555203132518
         44.265583175041499        0.001140927607937       -0.049601875284998        0.050742802892936
         44.386527391366755        0.001140434479423        0.225114019294571       -0.223973584815148
         44.507471607692004        0.001141654914503       -0.325368455636008        0.326510110550511
         44.628415824017253        0.001144883163454        0.132942174976708       -0.131797291813254
         44.749360040342502        0.001150171915757        0.139715814142834       -0.138565642227077
         44.870304256667751        0.001158041409232       -0.148202836020050        0.149360877429282
         44.991248472993000        0.001168793267472       -0.022907155941882        0.024075949209354
         45.112192689318249        0.001182416432815        0.023723302085252       -0.022540885652437
         45.233136905643505        0.001199367525878        0.227350136156471       -0.226150768630593
         45.354081121968754        0.001219442760550       -0.374362879061259        0.375582321821808
         45.475025338294003        0.001242723624421        0.213269680787896       -0.212026957163475
         45.595969554619252        0.001269115441394       -0.003960374533714        0.005229489975108
         45.716913770944501        0.001298523433493        0.099968165156461       -0.098669641722968
         45.837857987269750        0.001330424275319       -0.355858646578608        0.357189070853927
         45.958802203594999        0.001364656086382        0.359956730995868       -0.358592074909486
         46.079746419920255        0.001401578160589       -0.077843890002915        0.079245468163503
         46.200690636245504        0.001440257838448       -0.066427726108304        0.067867983946752
         46.321634852570753        0.001479461979286       -0.139725604958438        0.141205066937724
         46.442579068896002        0.001518158218186        0.325896296859950       -0.324378138641763
         46.563523285221251        0.001557270280878       -0.110883155969205        0.112440426250083
         46.684467501546500        0.001597346291186       -0.261407501858573        0.263004848149759
         46.805411717871749        0.001637872530998        0.298062088486833       -0.296424215955834
         46.926355934197005        0.001677334458751       -0.006921014446670        0.008598348905421
         47.047300150522254        0.001713709230792       -0.072096181653649        0.073809890884441
         47.168244366847503        0.001746369342808       -0.231768472640122        0.233514841982929
         47.289188583172752        0.001775964531201        0.414036781345951       -0.412260816814749
         47.410132799498001        0.001804156653845       -0.083179435032177        0.084983591686022
         47.531077015823250        0.001831213542303       -0.370417827212439        0.372249040754742
         47.652021232148499        0.001857100638144        0.355080584181778       -0.353223483543634
         47.772965448473755        0.001880836371635        0.038078719752091       -0.036197883380456
         47.893909664799004        0.001900575803158       -0.156192177665915        0.158092753469073
         48.014853881124253        0.001915954940991       -0.140855484809025        0.142771439750016
         48.135798097449502        0.001927308495455        0.261015482647668       -0.259088174152213
         48.256742313774751        0.001935564859879        0.137834373235660       -0.135898808375781
         48.377686530100000        0.001941724265943       -0.510968105954441        0.512909830220384
         48.498630746425249        0.001946931846469        0.273669887701671       -0.271722955855202
         48.619574962750505        0.001951221385680        0.294146020591621       -0.292194799205942
         48.740519179075754        0.001954470791868       -0.424652730524570        0.426607201316438
         48.861463395401003        0.001956515695585        0.030686211414894       -0.028729695719310
         48.982407611726252        0.001956904192067        0.215565684806027       -0.213608780613960
         49.103351828051501        0.001955947348355        0.042027542206608       -0.040071594858253
         49.224296044376750        0.001953876449435       -0.264627015223695        0.266580891673130
         49.345240260701999        0.001951466962467       -0.032766349567517        0.034717816529983
         49.466184477027255        0.001949218957819        0.461987829977620       -0.460038611019800
         49.587128693352504        0.001947429017685       -0.345761691641524        0.347709120659209
         49.708072909677753        0.001946301074776       -0.197319634394528        0.199265935469304
         49.829017126003002        0.001946235270070        0.446611097965397       -0.444664862695327
         49.949961342328251        0.001946812625966       -0.139494855332110        0.141441667958076
         50.070905558653500        0.001948798514987       -0.156360595279901        0.158309393794887
         50.191849774978749        0.001952682580602       -0.004112286423642        0.006064969004245
         50.312793991304005        0.001958078795998        0.263889695738072       -0.261931616942074
         50.433738207629254        0.001965241443214       -0.080020895023585        0.081986136466799
         50.554682423954503        0.001973212131903       -0.352850516887218        0.354823729019120
         50.675626640279752        0.001981911156243        0.442106549340775       -0.440124638184532
         50.796570856605001        0.001990827167119       -0.092222852784544        0.094213679951663
         50.917515072930250        0.002000976436472       -0.157607515009345        0.159608491445818
         51.038459289255499        0.002012183895765       -0.004349953475050        0.006362137370815
         51.159403505580755        0.002024215832996        0.213682647046248       -0.211658431213251
         51.280347721906004        0.002036723785888       -0.040773525973955        0.042810249759842
         51.401291938231253        0.002048553508705       -0.300607246148711        0.302655799657416
         51.522236154556502        0.002060203496790        0.350660808255233       -0.348600604758443
         51.643180370881751        0.002070880804974       -0.091243866616026        0.093314747420999
         51.764124587207000        0.002080413892026       -0.020086511460929        0.022166925352955
         51.885068803532249        0.002087852861026       -0.198127372724345        0.200215225585371
         52.006013019857505        0.002094075927277        0.401312424753746       -0.399218348826469
         52.126957236182754        0.002099867856973       -0.279324800656779        0.281424668513753
         52.247901452508003        0.002103782992279        0.039286252897995       -0.037182469905716
         52.368845668833252        0.002104804776824       -0.052373544059043        0.054478348835866
         52.489789885158501        0.002103431752651        0.275508445046522       -0.273405013293871
         52.610734101483750        0.002102184155751       -0.322013360896474        0.324115545052225
         52.731678317808999        0.002100125436331        0.086455067419093       -0.084354941982762
         52.852622534134255        0.002095993442207        0.121341269296437       -0.119245275854230
         52.973566750459504        0.002091127717166       -0.050314754696184        0.052405882413350
         53.094510966784753        0.002087469924933       -0.079518016191280        0.081605486116213
         53.215455183110002        0.002084578319444       -0.030089292799462        0.032173871118906
         53.336399399435251        0.002082190743670        0.300314297991539       -0.298232107247869
         53.457343615760500        0.002082041508832       -0.363414523125648        0.365496564634481
         53.578287832085749        0.002084989267934        0.162823531180691       -0.160738541912757
         53.699232048411005        0.002091051542688       -0.006944979743091        0.009036031285779
         53.820176264736254        0.002101057687240        0.116453036651116       -0.114351978963875
         53.941120481061503        0.002115475020606       -0.247441328527035        0.249556803547641
         54.062064697386752        0.002134844494737        0.116399360195110       -0.114264515700372
         54.183008913712001        0.002159754655389        0.166453123096989       -0.164293368441600
         54.303953130037250        0.002190143993366       -0.217677957877560        0.219868101870926
         54.424897346362499        0.002225961191219        0.020918407874134       -0.018692446682914
         54.545841562687755        0.002267535222485        0.074321725371317       -0.072054190148832
         54.666785779013004        0.002315100375475        0.135346365682637       -0.133031265307162
         54.787729995338253        0.002367247643889       -0.331882494602320        0.334249742246209
         54.908674211663502        0.002423901075641        0.204849855499929       -0.202425954424288
         55.029618427988751        0.002485440322160        0.071297870826361       -0.068812430504201
         55.150562644314000        0.002551261051118       -0.072069201074994        0.074620462126112
         55.271506860639249        0.002618987482725       -0.179498592451725        0.182117579934449
         55.392451076964505        0.002686986003473        0.232385140378635       -0.229698154375162
         55.513395293289754        0.002756428267739        0.085090181977512       -0.082333753709773
         55.634339509615003        0.002827978676323       -0.350490117616630        0.353318096292953
         55.755283725940252        0.002901210032242        0.215970771420035       -0.213069561387793
         55.876227942265501        0.002972564151682        0.060427097857684       -0.057454533706002
         55.997172158590750        0.003039181393373        0.024506230022986       -0.021467048629613
         56.118116374915999        0.003099988086190       -0.344384567836378        0.347484555922568
         56.239060591241255        0.003157117386991        0.342039267822718       -0.338882150435727
         56.360004807566504        0.003212608531928        0.101653448911498       -0.098440840379569
         56.480949023891753        0.003266563545363       -0.412172000794940        0.415438564340303
         56.601893240217002        0.003318443928213        0.209386219470806       -0.206067775542593
         56.722837456542251        0.003364916281924        0.129886030689117       -0.126521114407193
         56.843781672867500        0.003403594351418       -0.037018629515262        0.040422223866680
         56.964725889192749        0.003434117031194       -0.273304932867843        0.276739049899037
         57.085670105518005        0.003458009565029        0.180739333280189       -0.177281323715161
         57.206614321843254        0.003476993880288        0.319578537853341       -0.316101543973053
         57.327558538168503        0.003493087923679       -0.511641247926057        0.515134335849736
         57.448502754493752        0.003507664751935        0.089756035729854       -0.086248370977919
         57.569446970819001        0.003519755487124        0.384157612026555       -0.380637856539431
         57.690391187144250        0.003529207058207       -0.280476054822463        0.284005261880670
         57.811335403469499        0.003534955543312       -0.115726466570089        0.119261422113401
         57.932279619794755        0.003536589769891        0.130737799264572       -0.127201209494680
         58.053223836120004        0.003534800705114        0.221569530683921       -0.218034729978807
         58.174168052445253        0.003530500597900       -0.246345274003976        0.249875774601876
         58.295112268770502        0.003525359907715       -0.217966073729576        0.221491433637291
         58.416056485095751        0.003520289917739        0.523813817927830       -0.520293528010092
         58.537000701421000        0.003515834197281       -0.184194407226404        0.187710241423685
         58.657944917746249        0.003512523993311       -0.338188048249953        0.341700572243264
         58.778889134071505        0.003510394226473        0.365513194380665       -0.362002800154192
         58.899833350396754        0.003509062696215        0.023507800986665       -0.019998738290450
         59.020777566722003        0.003510006416192       -0.142366345217948        0.145876351634140
         59.141721783047252        0.003513254376723       -0.147642909586753        0.151156163963476
         59.262665999372501        0.003518844755229        0.278363437336687       -0.274844592581458
         59.383610215697750        0.003526957687726        0.086237356085547       -0.082710398397821
         59.504554432022999        0.003536705994758       -0.460774199334236        0.464310905328994
         59.625498648348255        0.003547395210772        0.341726603255519       -0.338179208044747
         59.746442864673504        0.003559298631481        0.071123257294734       -0.067563958663254
         59.867387080998753        0.003573763223436       -0.172679730638661        0.176253493862097
         59.988331297324002        0.003589991479439       -0.077466783810969        0.081056775290408
         60.109275513649251        0.003608847940479        0.166133863435612       -0.162525015495133
         60.230219729974500        0.003628733112607        0.143365123760593       -0.139736390647987
         60.351163946299749        0.003648539158415       -0.417204974294616        0.420853513453031
         60.472108162625005        0.003667781672420        0.299554255517388       -0.295886473844968
         60.593052378950254        0.003685889619866       -0.010882666525826        0.014568556145692
         60.713996595275503        0.003702562884343        0.028578932800707       -0.024876369916364
         60.834940811600752        0.003716435409763       -0.296757125149234        0.300473560558996
         60.955885027926001        0.003729394154957        0.384857437177492       -0.381128043022536
         61.076829244251250        0.003741198298716       -0.155016120426092        0.158757318724807
         61.197773460576499        0.003750200209986       -0.016535056165740        0.020285256375726
         61.318717676901755        0.003754067917743       -0.133836574627606        0.137590642545349
         61.439661893227004        0.003753995668972        0.372100226511342       -0.368346230842370
         61.560606109552253        0.003753815772809       -0.327782945413897        0.331536761186706
         61.681550325877502        0.003752316475129        0.097906403914555       -0.094154087439426
         61.802494542202751        0.003746892623177       -0.037546742343957        0.041293634967134
         61.923438758528000        0.003738500319009        0.228273116319132       -0.224534616000123
         62.044382974853249        0.003731593405688       -0.314075567939954        0.317807161345642
         62.165327191178505        0.003725934082819        0.106772300990231       -0.103046366907412
         62.286271407503754        0.003719981067842        0.161170728729339       -0.157450747661497
         62.407215623829003        0.003716167589485       -0.156462462181305        0.160178629770790
         62.528159840154252        0.003716925858071        0.007099249901807       -0.003382324043736
         62.649104056479501        0.003722442912716       -0.034948324687911        0.038670767600627
         62.770048272804750        0.003733436319248        0.281960390542384       -0.278226954223136
         62.890992489129999        0.003751053116160       -0.386386665502668        0.390137718618828
         63.011936705455255        0.003776452717503        0.200314973726016       -0.196538521008513
         63.132880921780504        0.003810734141897        0.015564353805248       -0.011753619663351
         63.253825138105753        0.003854706865141        0.060688061631266       -0.056833354766125
         63.374769354431002        0.003907553636608       -0.252314795094555        0.256222348731163
         63.495713570756251        0.003970227688024        0.215673001933705       -0.211702774245681
         63.616657787081500        0.004043498370388        0.058760693839667       -0.054717195469280
         63.737602003406749        0.004125914279534       -0.154529663527738        0.158655577807272
         63.858546219732006        0.004216475765765       -0.061812465274104        0.066028941039869
         63.979490436057254        0.004315789234838        0.260683848290407       -0.256368059055568
         64.100434652382503        0.004424142296351       -0.116722832016291        0.121146974312641
         64.221378868707745        0.004537710031940       -0.119432074550484        0.123969784582424
         64.342323085033001        0.004653816047603        0.033288039455438       -0.028634223407835
         64.463267301358258        0.004772627419905        0.305935972594782       -0.301163345174876
         64.584211517683499        0.004896364654294       -0.396457338142234        0.401353702796527
         64.705155734008756        0.005024320399755        0.124195540825926       -0.119171220426172
         64.826099950333997        0.005151091637331        0.081515371405539       -0.076364279768207
         64.947044166659254        0.005271485996286        0.126788225906893       -0.121516739910607
         65.067988382984495        0.005383069892881       -0.360171458285514        0.365554528178395
         65.188932599309751        0.005489817123618        0.156123657527294       -0.150633840403675
         65.309876815635008        0.005594104758008        0.308943448087643       -0.303349343329634
         65.430821031960249        0.005697710746708       -0.404820342720179        0.410518053466887
         65.551765248285506        0.005797707438169        0.060479712548014       -0.054682005109845
         65.672709464610747        0.005887714453693        0.164177206931950       -0.158289492478257
         65.793653680936004        0.005964121762733        0.082468044551140       -0.076503922788407
         65.914597897261245        0.006026384803964       -0.292413103680742        0.298439488484705
         66.035542113586502        0.006077453463599       -0.004091369300557        0.010168822764156
         66.156486329911758        0.006120295842723        0.474274588570357       -0.468154292727633
         66.277430546236999        0.006159398769997       -0.401266703615762        0.407426102385759
         66.398374762562256        0.006195069418498       -0.141411756404145        0.147606825822643
         66.519318978887497        0.006225757993090        0.429976653434498       -0.423750895441409
         66.640263195212754        0.006250863874642       -0.115736443591892        0.121987307466534
         66.761207411537995        0.006267367886906       -0.197615346173734        0.203882714060640
         66.882151627863252        0.006275268315669        0.010391479218294       -0.004116210902625
         67.003095844188508        0.006275662251976        0.309501022581331       -0.303225360329354
         67.124040060513749        0.006270934967866       -0.098168045587971        0.104438980555837
         67.244984276839006        0.006263904703081       -0.408617491957245        0.414881396660326
         67.365928493164247        0.006256324696927        0.468042959823717       -0.461786635126790
         67.486872709489504        0.006249591203701        0.072218365655254       -0.065968774451553
         67.607816925814745        0.006244109653802       -0.463829223434724        0.470073333088526
         67.728761142140002        0.006239238101931        0.242140024229628       -0.235900786127697
         67.849705358465258        0.006235221658626        0.166634133864799       -0.160398912206174
         67.970649574790500        0.006233592493731       -0.102896874629792        0.109130467123523
         68.091593791115756        0.006233951553632       -0.213247683183346        0.219481634736978
         68.212538007440997        0.006237917793690        0.154047343908715       -0.147809426115025
         68.333482223766254        0.006245673667905        0.306338314768649       -0.300092641100744
         68.454426440091495        0.006255996780912       -0.481050841063400        0.487306837844312
         68.575370656416752        0.006268109201203        0.114946677532543       -0.108678568331340
         68.696314872742008        0.006283425082556        0.300376038771392       -0.294092613688836
         68.817259089067250        0.006301561307601       -0.224777977805598        0.231079539113199
         68.938203305392506        0.006323164996584       -0.064396833920284        0.070719998916868
         69.059147521717748        0.006350623087263        0.024740161552637       -0.018389538465374
         69.180091738043004        0.006380563003282        0.320225237620429       -0.313844674617147
         69.301035954368245        0.006412448376261       -0.395718844317927        0.402131292694188
         69.421980170693502        0.006444167148457        0.074572205804537       -0.068128038656080
         69.542924387018758        0.006475101016759        0.211988045507560       -0.205512944490801
         69.663868603344000        0.006503617235292       -0.083134755810726        0.089638373046018
         69.784812819669256        0.006529295131393       -0.148380135041383        0.154909430172776
         69.905757035994498        0.006553507901478        0.065087417272575       -0.058533909371097
         70.026701252319754        0.006575113037821        0.246156905046827       -0.239581792009006
         70.147645468644996        0.006594883649793       -0.314826871078028        0.321421754727821
         70.268589684970252        0.006608691641243        0.081470654472681       -0.074861962831438
         70.389533901295508        0.006614607564000        0.083171367605911       -0.076556760041911
         70.510478117620750        0.006614365782285        0.085593895458337       -0.078979529676051
         70.631422333946006        0.006613012729007       -0.272331324828122        0.278944337557129
         70.752366550271248        0.006609312949403        0.171095572174619       -0.164486259225216
         70.873310766596504        0.006597924008015        0.117367394904820       -0.110769470896805
         70.994254982921746        0.006581644583486       -0.178727672477136        0.185309317060622
         71.115199199247002        0.006567410621257        0.019285897076332       -0.012718486455076
         71.236143415572258        0.006554696051118        0.043100918263945       -0.036546222212827
         71.357087631897500        0.006540132913881        0.184554811493216       -0.178014678579334
         71.478031848222756        0.006527749520041       -0.380992449105300        0.387520198625340
         71.598976064547998        0.006523478362249        0.291167562727487       -0.284644084365238
         71.719920280873254        0.006526550077567       -0.043129603733806        0.049656153811372
         71.840864497198496        0.006537310171460        0.017179468028489       -0.010642157857029
         71.961808713523752        0.006558873495912       -0.174902898057669        0.181461771553581
         72.082752929849008        0.006593709107677        0.200001669143453       -0.193407960035776
         72.203697146174250        0.006643906246075        0.063978808952539       -0.057334902706464
         72.324641362499506        0.006709245001413       -0.272283429607575        0.278992674608988
         72.445585578824748        0.006789778354975        0.185029952830318       -0.178240174475343
         72.566529795150004        0.006886995354031        0.018592652948843       -0.011705657594812
