#  GS molecular orbital populations, spin channel : 1
#          time (fs)            |   population (orb 1)       |    population (orb 2)      |           ...              |    population (orb N)      |
          0.118525331998745            1.999973208185743            0.000056431563775  
          0.239469548323995            2.000029104421169            0.000000936689054  
          0.360413764649245            1.999997202684638            0.000032951395570  
          0.481357980974495            2.000018720466717            0.000011354364752  
          0.602302197299745            2.000020429973893            0.000009222437908  
          0.723246413624995            1.999993425611436            0.000035520464749  
          0.844190629950245            2.000027005261679            0.000000841614781  
          0.965134846275495            1.999974537606199            0.000051884957557  
          1.086079062600745            2.000023196854165            0.000001526648239  
          1.207023278925995            1.999983395579916            0.000039400782750  
          1.327967495251245            2.000011541299721            0.000009213399815  
          1.448911711576495            2.000004711384761            0.000013829876788  
          1.569855927901745            1.999985443341834            0.000030764095627  
          1.690800144226995            2.000008671286558            0.000004986168363  
          1.811744360552245            1.999957551728112            0.000053369666079  
          1.932688576877495            1.999994430680475            0.000013585699415  
          2.053632793202745            1.999954959728010            0.000050048113097  
          2.174577009527995            1.999981339375968            0.000020670976341  
          2.295521225853245            1.999973683466203            0.000025359476207  
          2.416465442178495            1.999973070432231            0.000023102029303  
          2.537409658503745            1.999978620120149            0.000014710407920  
          2.658353874828995            1.999963313789584            0.000027211456399  
          2.779298091154245            1.999958873946849            0.000028853761108  
          2.900242307479495            1.999959211414176            0.000025770067640  
          3.021186523804745            1.999942217178336            0.000040157526758  
          3.142130740129995            1.999965154686151            0.000014805993428  
          3.263074956455245            1.999946620513762            0.000031209919965  
          3.384019172780495            1.999963166099243            0.000012788068442  
          3.504963389105745            1.999956780028036            0.000017554709276  
          3.625907605430995            1.999941190329669            0.000031727531180  
          3.746851821756245            1.999959329581054            0.000012363849800  
          3.867796038081495            1.999919861920365            0.000050840241834  
          3.988740254406745            1.999960830386994            0.000009147994346  
          4.109684470731995            1.999923927273642            0.000045687848751  
          4.230628687057245            1.999962570844411            0.000007044123781  
          4.351572903382495            1.999944703611496            0.000025292908655  
          4.472517119707745            1.999953739682010            0.000016954834981  
          4.593461336032996            1.999958034238395            0.000013632296684  
          4.714405552358246            1.999937933914064            0.000034940590853  
          4.835349768683495            1.999960689486567            0.000013619276777  
          4.956293985008745            1.999935495711313            0.000040517126362  
          5.077238201333995            1.999964075448025            0.000013915844175  
          5.198182417659245            1.999950910544978            0.000029379383832  
          5.319126633984495            1.999968837658049            0.000014002572705  
          5.440070850309746            1.999963804220258            0.000021820079543  
          5.561015066634996            1.999969739009442            0.000018788400410  
          5.681959282960245            1.999962352792387            0.000029161989720  
          5.802903499285495            1.999972370091494            0.000022164866152  
          5.923847715610745            1.999961181172158            0.000036399827093  
          6.044791931935995            1.999983147679824            0.000017533712137  
          6.165736148261245            1.999975244415963            0.000028558695162  
          6.286680364586495            1.999991585635742            0.000015380856344  
          6.407624580911745            1.999996864479987            0.000013195804380  
          6.528568797236995            1.999984579010427            0.000028483718275  
          6.649513013562244            2.000011728459405            0.000004123390622  
          6.770457229887494            1.999972394501341            0.000046024429567  
          6.891401446212745            2.000018992703307            0.000001743434483  
          7.012345662537995            1.999977705772166            0.000045106262074  
          7.133289878863245            2.000021386261656            0.000003320578358  
          7.254234095188495            2.000001333117905            0.000025022015488  
          7.375178311513745            2.000012147858787            0.000015671743425  
          7.496122527838994            2.000022098351014            0.000006844310515  
          7.617066744164244            1.999991028619813            0.000038742601395  
          7.738010960489495            2.000029215108672            0.000000975288926  
          7.858955176814745            1.999978058858500            0.000052200433404  
          7.979899393139995            2.000029427026413            0.000000584956145  
          8.100843609465246            1.999989552870700            0.000039913470616  
          8.221787825790495            2.000022387477096            0.000006345524736  
          8.342732042115745            2.000012167908314            0.000015544776519  
          8.463676258440994            1.999999384714130            0.000027102015868  
          8.584620474766245            2.000023036479187            0.000001882492955  
          8.705564691091494            1.999971503894640            0.000051570482652  
          8.826508907416745            2.000019995367035            0.000000943139968  
          8.947453123741996            1.999966250994865            0.000052329849689  
          9.068397340067245            2.000011056815414            0.000005047028789  
          9.189341556392495            1.999985386242759            0.000028121347025  
          9.310285772717744            1.999993484613585            0.000017388608754  
          9.431229989042995            1.999998827425612            0.000009289065329  
          9.552174205368244            1.999968593666976            0.000036676545321  
          9.673118421693495            1.999990009935462            0.000012285033103  
          9.794062638018746            1.999956158996754            0.000043087861535  
          9.915006854343995            1.999974351994697            0.000021852421931  
         10.035951070669245            1.999965365875048            0.000027852009167  
         10.156895286994494            1.999966312787880            0.000024070707439  
         10.277839503319745            1.999972799428734            0.000014862787047  
         10.398783719644994            1.999960831534606            0.000024256701866  
         10.519727935970245            1.999958049086257            0.000024546420555  
         10.640672152295496            1.999955636992420            0.000024576318415  
         10.761616368620745            1.999937010704924            0.000040961580539  
         10.882560584945995            1.999957837528463            0.000018088425147  
         11.003504801271244            1.999934800949836            0.000039370382090  
         11.124449017596495            1.999961904912092            0.000010802703280  
         11.245393233921744            1.999947221209912            0.000024359261230  
         11.366337450246995            1.999952888752767            0.000017833393174  
         11.487281666572246            1.999955500921349            0.000014628661684  
         11.608225882897495            1.999935164752236            0.000034611493423  
         11.729170099222745            1.999957543112819            0.000012138325030  
         11.850114315547994            1.999930201641728            0.000039701212665  
         11.971058531873245            1.999960032387778            0.000010423125003  
         12.092002748198494            1.999942934142103            0.000028458466205  
         12.212946964523745            1.999959108870068            0.000013547018531  
         12.333891180848996            1.999955339953929            0.000018899956947  
         12.454835397174245            1.999951285287861            0.000024769736318  
         12.575779613499495            1.999956911866811            0.000021176130220  
         12.696723829824744            1.999947671118421            0.000032641871113  
         12.817668046149995            1.999957560487374            0.000025172300282  
         12.938612262475244            1.999957787230827            0.000027595156462  
         13.059556478800495            1.999966607749330            0.000021610105973  
         13.180500695125746            1.999970851006439            0.000020406003674  
         13.301444911450995            1.999979437653752            0.000014946647530  
         13.422389127776245            1.999972121747793            0.000025460653517  
         13.543333344101494            1.999989989548375            0.000010755624787  
         13.664277560426745            1.999968090326953            0.000035772068068  
         13.785221776751994            1.999998977461444            0.000007933328022  
         13.906165993077245            1.999976415673880            0.000033463833201  
         14.027110209402496            2.000004064237103            0.000008733399618  
         14.148054425727745            1.999997637301148            0.000017952091442  
         14.268998642052996            1.999997401868605            0.000020872324797  
         14.389942858378244            2.000016047261055            0.000004668097709  
         14.510887074703495            1.999981982365609            0.000040945175176  
         14.631831291028744            2.000024088830152            0.000000727724260  
         14.752775507353995            1.999976054233908            0.000050356581600  
         14.873719723679246            2.000026642380101            0.000001086170292  
         14.994663940004495            1.999990117547383            0.000038636562635  
         15.115608156329746            2.000023480159183            0.000006089624257  
         15.236552372654995            2.000011603360993            0.000018453795810  
         15.357496588980245            2.000009117493102            0.000021178655861  
         15.478440805305494            2.000023979209491            0.000006160768752  
         15.599385021630745            1.999991528374794            0.000038136545783  
         15.720329237955996            2.000026319218972            0.000002512755719  
         15.841273454281245            1.999989029136524            0.000038669936446  
         15.962217670606496            2.000021666471517            0.000004678755508  
         16.083161886931745            2.000003291419574            0.000021450522989  
         16.204106103256994            2.000004158400231            0.000018825510623  
         16.325050319582246            2.000015942358676            0.000005021388708  
         16.445994535907495            1.999975867665421            0.000042882810715  
         16.566938752232744            2.000015582038872            0.000000701427921  
         16.687882968557997            1.999958681595812            0.000054950157581  
         16.808827184883246            2.000007141388184            0.000003709588248  
         16.929771401208495            1.999967039107954            0.000040939802675  
         17.050715617533744            1.999994350261251            0.000010757447548  
         17.171659833858996            1.999983652102586            0.000018541044332  
         17.292604050184245            1.999976164870414            0.000023127101196  
         17.413548266509494            1.999984688267895            0.000011651458945  
         17.534492482834747            1.999961196617793            0.000032192954584  
         17.655436699159996            1.999972133244406            0.000018326690169  
         17.776380915485245            1.999960647174390            0.000026962994054  
         17.897325131810494            1.999961937190171            0.000022988319827  
         18.018269348135746            1.999966028137893            0.000016375325739  
         18.139213564460995            1.999956970419851            0.000023139673769  
         18.260157780786244            1.999958888771512            0.000019090435780  
         18.381101997111497            1.999952228884522            0.000023821685132  
         18.502046213436746            1.999941161808170            0.000033135154847  
         18.622990429761995            1.999950766356331            0.000021997899177  
         18.743934646087244            1.999932542882349            0.000038966397232  
         18.864878862412496            1.999954942077778            0.000015605343785  
         18.985823078737745            1.999939586886267            0.000030361509988  
         19.106767295062994            1.999956253270291            0.000013400852461  
         19.227711511388247            1.999949434804609            0.000020262649185  
         19.348655727713496            1.999949630082874            0.000020372771314  
         19.469599944038745            1.999953479140678            0.000017115799762  
         19.590544160363994            1.999944506441395            0.000026954339766  
         19.711488376689246            1.999956093458116            0.000016526747429  
         19.832432593014495            1.999949242479898            0.000024868006657  
         19.953376809339744            1.999960413410720            0.000015479551250  
         20.074321025664997            1.999956321402254            0.000021672354551  
         20.195265241990246            1.999963674803709            0.000016637300990  
         20.316209458315495            1.999955698244515            0.000027155028120  
         20.437153674640744            1.999967171268888            0.000018360574811  
         20.558097890965996            1.999952650056540            0.000035700364469  
         20.679042107291245            1.999975703552501            0.000015587337274  
         20.799986323616494            1.999959657918178            0.000034671898426  
         20.920930539941747            1.999985977062302            0.000011506313238  
         21.041874756266996            1.999977470304822            0.000023195991380  
         21.162818972592245            1.999988716249244            0.000015168073633  
         21.283763188917494            1.999995737106990            0.000011281687549  
         21.404707405242746            1.999984765036668            0.000025305770547  
         21.525651621567995            2.000007335055760            0.000005627386421  
         21.646595837893244            1.999986500687398            0.000029196489294  
         21.767540054218497            2.000011650067487            0.000006619709263  
         21.888484270543746            1.999999547408834            0.000021096128744  
         22.009428486868995            2.000007679066839            0.000015174326730  
         22.130372703194244            2.000014561698566            0.000010230106006  
         22.251316919519496            1.999995856159690            0.000030646761486  
         22.372261135844745            2.000022145921864            0.000005720105864  
         22.493205352169994            1.999985315826188            0.000043614174280  
         22.614149568495247            2.000024274049055            0.000005378400919  
         22.735093784820496            1.999987345701639            0.000042712391003  
         22.856038001145745            2.000024414768773            0.000005781362425  
         22.976982217470994            2.000000602490347            0.000029411916614  
         23.097926433796246            2.000018424646674            0.000011172595951  
         23.218870650121495            2.000013190895236            0.000015640342853  
         23.339814866446744            2.000005150407349            0.000022649974401  
         23.460759082771997            2.000018291353904            0.000008137941217  
         23.581703299097246            1.999995321118872            0.000029469675833  
         23.702647515422495            2.000016099967658            0.000006808884816  
         23.823591731747744            1.999998090757441            0.000022716302189  
         23.944535948072996            2.000004095338871            0.000014468482498  
         24.065480164398245            2.000006803978288            0.000009325800799  
         24.186424380723494            1.999981234235711            0.000032344684562  
         24.307368597048747            2.000009189560884            0.000001660246469  
         24.428312813373996            1.999959883790224            0.000048125326637  
         24.549257029699245            2.000002920132963            0.000002143469143  
         24.670201246024494            1.999956081556856            0.000045983764035  
         24.791145462349750            1.999992077146679            0.000007004924504  
         24.912089678674999            1.999967002116898            0.000029108460568  
         25.033033895000248            1.999978355124978            0.000014867300035  
         25.153978111325497            1.999974429805465            0.000015936710935  
         25.274922327650749            1.999964933163664            0.000022672991594  
         25.395866543975998            1.999969904022782            0.000015012566797  
         25.516810760301247            1.999958712161881            0.000023647124250  
         25.637754976626500            1.999960857139392            0.000019117437131  
         25.758699192951749            1.999959644480166            0.000018140951976  
         25.879643409276998            1.999953989542783            0.000021869813834  
         26.000587625602247            1.999957891818268            0.000016263160663  
         26.121531841927499            1.999948310336662            0.000024420586894  
         26.242476058252748            1.999948923024518            0.000022610073801  
         26.363420274577997            1.999944303654339            0.000026307675172  
         26.484364490903250            1.999941101658494            0.000028862516308  
         26.605308707228499            1.999945536115900            0.000024079825714  
         26.726252923553748            1.999942288250334            0.000027324378076  
         26.847197139878997            1.999950591566715            0.000019326242239  
         26.968141356204249            1.999948581587655            0.000022000478381  
         27.089085572529498            1.999954340034437            0.000017182151471  
         27.210029788854747            1.999952862696006            0.000019915762899  
         27.330974005180000            1.999956477139394            0.000017807042438  
         27.451918221505249            1.999955895769931            0.000020168325303  
         27.572862437830498            1.999960013163097            0.000018089598698  
         27.693806654155747            1.999962461302941            0.000017920685604  
         27.814750870480999            1.999963081102096            0.000019833924937  
         27.935695086806248            1.999972897926835            0.000012728344020  
         28.056639303131497            1.999961200176353            0.000027327083006  
         28.177583519456750            1.999984039334713            0.000007483222108  
         28.298527735781999            1.999957278939126            0.000037336229782  
         28.419471952107248            1.999993913814207            0.000003828530879  
         28.540416168432497            1.999960678275820            0.000040212867116  
         28.661360384757749            2.000001173291227            0.000002869890664  
         28.782304601082998            1.999974790585931            0.000032357060774  
         28.903248817408247            2.000003652704330            0.000006555468129  
         29.024193033733500            1.999992357537181            0.000020775835013  
         29.145137250058749            2.000001894604448            0.000014039969186  
         29.266081466383998            2.000004880370418            0.000013639342246  
         29.387025682709247            2.000001127959112            0.000019775001344  
         29.507969899034499            2.000010512650577            0.000012526241911  
         29.628914115359748            2.000005374906917            0.000019546688596  
         29.749858331684997            2.000010781938734            0.000015778770230  
         29.870802548010250            2.000011842641463            0.000016059698650  
         29.991746764335499            2.000006179625096            0.000022808074855  
         30.112690980660748            2.000015433457597            0.000014296965918  
         30.233635196985997            1.999998910564832            0.000031271772838  
         30.354579413311249            2.000016202002401            0.000014080373646  
         30.475523629636498            1.999994667249128            0.000035406226140  
         30.596467845961747            2.000016979501953            0.000012578513357  
         30.717412062287000            1.999996875795688            0.000031864549443  
         30.838356278612249            2.000016228764043            0.000011442189965  
         30.959300494937498            2.000002442707280            0.000023863214043  
         31.080244711262747            2.000010337128257            0.000014374935464  
         31.201188927587999            2.000006233858130            0.000016604642245  
         31.322133143913248            2.000001740759908            0.000019009734955  
         31.443077360238497            2.000005466449708            0.000012975860039  
         31.564021576563750            1.999997372605108            0.000018585232989  
         31.684965792888999            1.999997889485687            0.000015450686260  
         31.805910009214248            1.999998788580159            0.000011802697656  
         31.926854225539497            1.999982327683360            0.000025444309608  
         32.047798441864749            2.000000300335240            0.000004556252600  
         32.168742658189998            1.999964241144483            0.000037664846822  
         32.289686874515247            1.999997006701645            0.000001904745784  
         32.410631090840496            1.999954007016138            0.000041919141589  
         32.531575307165745            1.999988976243071            0.000004004690769  
         32.652519523491002            1.999955365070136            0.000034734994467  
         32.773463739816250            1.999978263681403            0.000009074814371  
         32.894407956141499            1.999960904955942            0.000023776427557  
         33.015352172466748            1.999967310178649            0.000014879530261  
         33.136296388791997            1.999962081373051            0.000017757320845  
         33.257240605117246            1.999959587598011            0.000018098584304  
         33.378184821442495            1.999957976763647            0.000017758754764  
         33.499129037767752            1.999956848641372            0.000017172368387  
         33.620073254093001            1.999951956437461            0.000020622562922  
         33.741017470418250            1.999956404684352            0.000014994862494  
         33.861961686743498            1.999945866798103            0.000024666084449  
         33.982905903068747            1.999954920694919            0.000015017827280  
         34.103850119393996            1.999940926671501            0.000028737134998  
         34.224794335719245            1.999953297899868            0.000016379463132  
         34.345738552044502            1.999939689009739            0.000030317890202  
         34.466682768369751            1.999954424395057            0.000016227748710  
         34.587626984695000            1.999943583773049            0.000028017857896  
         34.708571201020249            1.999958106287140            0.000014770482715  
         34.829515417345497            1.999950916208799            0.000023509732547  
         34.950459633670746            1.999961937755341            0.000014335175892  
         35.071403849995995            1.999958912148941            0.000019441921592  
         35.192348066321252            1.999965891411057            0.000014789738238  
         35.313292282646501            1.999965667244011            0.000017541465216  
         35.434236498971750            1.999972390530750            0.000013532965735  
         35.555180715296999            1.999969731811283            0.000019071833426  
         35.676124931622248            1.999982037779290            0.000009766289143  
         35.797069147947497            1.999970607945277            0.000024305978861  
         35.918013364272745            1.999992070481045            0.000005996420331  
         36.038957580598002            1.999970668384871            0.000030584740552  
         36.159901796923251            1.999999444264037            0.000004964154827  
         36.280846013248500            1.999974144842142            0.000033373271179  
         36.401790229573749            2.000003575811625            0.000006962040842  
         36.522734445898998            1.999982702276750            0.000030737019299  
         36.643678662224247            2.000005675609450            0.000010524934061  
         36.764622878549496            1.999993448358897            0.000025325886924  
         36.885567094874752            2.000006984795502            0.000014169959718  
         37.006511311200001            2.000002296752867            0.000020990179802  
         37.127455527525250            2.000008231711546            0.000016941513253  
         37.248399743850499            2.000007777651839            0.000018995857120  
         37.369343960175748            2.000009518658538            0.000018568779218  
         37.490288176500997            2.000010528763606            0.000018575002013  
         37.611232392826246            2.000010125593140            0.000019682569071  
         37.732176609151502            2.000010820239392            0.000019394743148  
         37.853120825476751            2.000009390415389            0.000020905173875  
         37.974065041802000            2.000008494529428            0.000021584710707  
         38.095009258127249            2.000008028418581            0.000021510669785  
         38.215953474452498            2.000004497192237            0.000024211733966  
         38.336897690777747            2.000007346639718            0.000020234939149  
         38.457841907102996            2.000000630693698            0.000025552703611  
         38.578786123428252            2.000006980011857            0.000017551093911  
         38.699730339753501            1.999997825584062            0.000024810242332  
         38.820674556078750            2.000005021309482            0.000015509321296  
         38.941618772403999            1.999995517970191            0.000022699956302  
         39.062562988729248            2.000000869802438            0.000014867428424  
         39.183507205054497            1.999992238476285            0.000020859588153  
         39.304451421379746            1.999996355548473            0.000013981087131  
         39.425395637705002            1.999986265978163            0.000021212323462  
         39.546339854030251            1.999993296480584            0.000011251115498  
         39.667284070355500            1.999976876915324            0.000024705417705  
         39.788228286680749            1.999991203873337            0.000007391223805  
         39.909172503005998            1.999965905178115            0.000029723973194  
         40.030116719331247            1.999988148559413            0.000004545934996  
         40.151060935656496            1.999957034732651            0.000032798557174  
         40.272005151981752            1.999982955993296            0.000004106748376  
         40.392949368307001            1.999952540886590            0.000031875033967  
         40.513893584632250            1.999976048993996            0.000005870817923  
         40.634837800957499            1.999951346662657            0.000028246349426  
         40.755782017282748            1.999968926753326            0.000008542142909  
         40.876726233607997            1.999950742387824            0.000024813073214  
         40.997670449933246            1.999963258530386            0.000010627221083  
         41.118614666258502            1.999949097739817            0.000023369457599  
         41.239558882583751            1.999959995888496            0.000011327420073  
         41.360503098909000            1.999946496271089            0.000023971285229  
         41.481447315234249            1.999959038492970            0.000010868337306  
         41.602391531559498            1.999943855948709            0.000025803557386  
         41.723335747884747            1.999959815008686            0.000009901814307  
         41.844279964209996            1.999942301169269            0.000027794677138  
         41.965224180535252            1.999961973630571            0.000008806499011  
         42.086168396860501            1.999942876574629            0.000028901564021  
         42.207112613185750            1.999965327610947            0.000007745406406  
         42.328056829510999            1.999946063509271            0.000028595682604  
         42.449001045836248            1.999969528905709            0.000006991387185  
         42.569945262161497            1.999951418925903            0.000027217957563  
         42.690889478486746            1.999974199462226            0.000006790683020  
         42.811833694812002            1.999957838994002            0.000025712862982  
         42.932777911137251            1.999979165652559            0.000007131759253  
         43.053722127462500            1.999964277474989            0.000024917876787  
         43.174666343787749            1.999984233775853            0.000007980126367  
         43.295610560112998            1.999970378952645            0.000024942201385  
         43.416554776438247            1.999988923195778            0.000009556116667  
         43.537498992763496            1.999976549984359            0.000025106988709  
         43.658443209088752            1.999992764823970            0.000012048529672  
         43.779387425414001            1.999983353872315            0.000024564295810  
         43.900331641739250            1.999995785367093            0.000015145843076  
         44.021275858064499            1.999990780048924            0.000023044124175  
         44.142220074389748            1.999998415547427            0.000018144663593  
         44.263164290714997            1.999998150941067            0.000020963470121  
         44.384108507040246            2.000000918592129            0.000020536130291  
         44.505052723365502            2.000004658603457            0.000018903042835  
         44.625996939690751            2.000003081660399            0.000022326680003  
         44.746941156016000            2.000009795525672            0.000017187319155  
         44.867885372341249            2.000004486323629            0.000023777315551  
         44.988829588666498            2.000013299094094            0.000015948063164  
         45.109773804991747            2.000004985036868            0.000024932658002  
         45.230718021316996            2.000014965475174            0.000015313946797  
         45.351662237642252            2.000004848113306            0.000025474949238  
         45.472606453967501            2.000014678383002            0.000015380514390  
         45.593550670292750            2.000004388607205            0.000025096591077  
         45.714494886617999            2.000012538917897            0.000016077956493  
         45.835439102943248            2.000003473889559            0.000023985864585  
         45.956383319268497            2.000008874868393            0.000017157459836  
         46.077327535593746            2.000001599293088            0.000022747401275  
         46.198271751919002            2.000004039107214            0.000018386367491  
         46.319215968244251            1.999998570677607            0.000021713934126  
         46.440160184569500            1.999998054695901            0.000019897392356  
         46.561104400894749            1.999994969880777            0.000020474777515  
         46.682048617219998            1.999990580179909            0.000022215198308  
         46.802992833545247            1.999991753168605            0.000018267277672  
         46.923937049870496            1.999981695311796            0.000025460631519  
         47.044881266195752            1.999989342606538            0.000014876716159  
         47.165825482521001            1.999972766635045            0.000028480161283  
         47.286769698846250            1.999987098446233            0.000011161401227  
         47.407713915171499            1.999965829563925            0.000029461845651  
         47.528658131496748            1.999983788484750            0.000008578923423  
         47.649602347821997            1.999961688658931            0.000027826390665  
         47.770546564147246            1.999978875813164            0.000007886988875  
         47.891490780472502            1.999959055240166            0.000025078459732  
         48.012434996797751            1.999973383208384            0.000008272378768  
         48.133379213123000            1.999955809670148            0.000023542988584  
         48.254323429448249            1.999969098269117            0.000008148200252  
         48.375267645773498            1.999950777879411            0.000024588669032  
         48.496211862098747            1.999966843712560            0.000006877793659  
         48.617156078423996            1.999944444433697            0.000027901127757  
         48.738100294749252            1.999965999040278            0.000005234814244  
         48.859044511074501            1.999938731887260            0.000031688387186  
         48.979988727399750            1.999965691811132            0.000004203299616  
         49.100932943724999            1.999936129234270            0.000033554231938  
         49.221877160050248            1.999965669039621            0.000004111232838  
         49.342821376375497            1.999938115182778            0.000032077626190  
         49.463765592700746            1.999965907136102            0.000005014827298  
         49.584709809026002            1.999943945559943            0.000028009603155  
         49.705654025351251            1.999966411279311            0.000006881982114  
         49.826598241676500            1.999951201571258            0.000023710756925  
         49.947542458001749            1.999967817741456            0.000008987757745  
         50.068486674326998            1.999957518212821            0.000021431313588  
         50.189430890652247            1.999971126347987            0.000010197887823  
         50.310375106977496            1.999961830216866            0.000022080800252  
         50.431319323302752            1.999976086314836            0.000010587524325  
         50.552263539628001            1.999964763250230            0.000024831567998  
         50.673207755953250            1.999980752834422            0.000011872682366  
         50.794151972278499            1.999968449058500            0.000027296932126  
         50.915096188603748            1.999983646838420            0.000015257811967  
         51.036040404928997            1.999975166714347            0.000026913575902  
         51.156984621254246            1.999985740214034            0.000019486340029  
         51.277928837579502            1.999985033673701            0.000023285758825  
         51.398873053904751            1.999989243843109            0.000022075758760  
         51.519817270230000            1.999995367977899            0.000018828998359  
         51.640761486555249            1.999994809763385            0.000022107708116  
         51.761705702880498            2.000003363243016            0.000016085141862  
         51.882649919205747            2.000000803706692            0.000020958204705  
         52.003594135530996            2.000009029031786            0.000014803555415  
         52.124538351856252            2.000004776889779            0.000020864508549  
         52.245482568181501            2.000014271422034            0.000012903025753  
         52.366426784506750            2.000004815093179            0.000023603664687  
         52.487371000831999            2.000019496575758            0.000009870407289  
         52.608315217157248            2.000000604433158            0.000029402126939  
         52.729259433482497            2.000022905969086            0.000007429768529  
         52.850203649807746            1.999994795804915            0.000035546636499  
         52.971147866133002            2.000023073514337            0.000006966027866  
         53.092092082458251            1.999992120997511            0.000037299122969  
         53.213036298783500            2.000020187140741            0.000008327198597  
         53.333980515108749            1.999994750385992            0.000032568870063  
         53.454924731433998            2.000014753186061            0.000011114995758  
         53.575868947759247            1.999999167879102            0.000024992589273  
         53.696813164084496            2.000007576173951            0.000014644690548  
         53.817757380409752            1.999999824827705            0.000020234762355  
         53.938701596735001            2.000000848337171            0.000016850733033  
         54.059645813060250            1.999995046956482            0.000020119906678  
         54.180590029385499            1.999995769939464            0.000016721376616  
         54.301534245710748            1.999987523076485            0.000022180946248  
         54.422478462035997            1.999989185298616            0.000017650248246  
         54.543422678361246            1.999980660487194            0.000023243390735  
         54.664366894686502            1.999977176683119            0.000023764302685  
         54.785311111011751            1.999976705065963            0.000021250663392  
         54.906255327337000            1.999962410598169            0.000032579819437  
         55.027199543662249            1.999976100387325            0.000015959559954  
         55.148143759987498            1.999952878139824            0.000036335298620  
         55.269087976312747            1.999975984186379            0.000010487088874  
         55.390032192637996            1.999952262877621            0.000031605554628  
         55.510976408963252            1.999972007972534            0.000009416192803  
         55.631920625288501            1.999956183047462            0.000022969211715  
         55.752864841613750            1.999964274398991            0.000012803305562  
         55.873809057938999            1.999958392313075            0.000016819311516  
         55.994753274264248            1.999958491417274            0.000015095059083  
         56.115697490589497            1.999955814577705            0.000016410463140  
         56.236641706914746            1.999958802819669            0.000012341196467  
         56.357585923240002            1.999947860650077            0.000022511983719  
         56.478530139565251            1.999962835649189            0.000007056971364  
         56.599474355890500            1.999936660234444            0.000033074666677  
         56.720418572215749            1.999966236047390            0.000003626822009  
         56.841362788540998            1.999928676857971            0.000041633574934  
         56.962307004866247            1.999968049594486            0.000003001220935  
         57.083251221191496            1.999930686280748            0.000041422949158  
         57.204195437516752            1.999968958242356            0.000004511473014  
         57.325139653842001            1.999942353223055            0.000032775350431  
         57.446083870167250            1.999968501756174            0.000008563354270  
         57.567028086492499            1.999956362016226            0.000022887027916  
         57.687972302817748            1.999967438007275            0.000014217663696  
         57.808916519142997            1.999966608137772            0.000017643314095  
         57.929860735468246            1.999968956230238            0.000018061353643  
         58.050804951793502            1.999973031707517            0.000016895224130  
         58.171749168118751            1.999973707884869            0.000019252035740  
         58.292693384444000            1.999978482095703            0.000017601329463  
         58.413637600769249            1.999977044700085            0.000022216820945  
         58.534581817094498            1.999984832072362            0.000017619597401  
         58.655526033419747            1.999975699461854            0.000029905456617  
         58.776470249744996            1.999992969999744            0.000015718089578  
         58.897414466070252            1.999974399277176            0.000037257297032  
         59.018358682395501            2.000002673914090            0.000011826151228  
         59.139302898720750            1.999980580366016            0.000036597723787  
         59.260247115045999            2.000010801413743            0.000008890223798  
         59.381191331371248            1.999994176622756            0.000027810578924  
         59.502135547696497            2.000013363744698            0.000010698782360  
         59.623079764021746            2.000007780077993            0.000018076498887  
         59.744023980347002            2.000011696381480            0.000015672678100  
         59.864968196672251            2.000015261812723            0.000013304895141  
         59.985912412997500            2.000012513210761            0.000016940891309  
         60.106856629322749            2.000014747062592            0.000015296318434  
         60.227800845647998            2.000018896241925            0.000011425719415  
         60.348745061973247            2.000005404681427            0.000024917508134  
         60.469689278298496            2.000025678483974            0.000004325201660  
         60.590633494623752            1.999989497365737            0.000039895835928  
         60.711577710949001            2.000027096447742            0.000001365485720  
         60.832521927274250            1.999976931724294            0.000050299666896  
         60.953466143599499            2.000023423124492            0.000002305015591  
         61.074410359924748            1.999977912790350            0.000046051370586  
         61.195354576249997            2.000016340095291            0.000005663052308  
         61.316298792575246            1.999989296398235            0.000030533589382  
         61.437243008900502            2.000005183099036            0.000012313646182  
         61.558187225225751            1.999997236168991            0.000017741228919  
         61.679131441551000            1.999992880049452            0.000019427084545  
         61.800075657876249            1.999994128475019            0.000015368225870  
         61.921019874201498            1.999986416797144            0.000020167733786  
         62.041964090526747            1.999984245794518            0.000019377424874  
         62.162908306851996            1.999984704393578            0.000015936578967  
         62.283852523177252            1.999973651917741            0.000024032117406  
         62.404796739502501            1.999976527156872            0.000018226983717  
         62.525740955827750            1.999965081695886            0.000026789102631  
         62.646685172152999            1.999958239693083            0.000030804368662  
         62.767629388478248            1.999961808902636            0.000024484551210  
         62.888573604803497            1.999942423458295            0.000041248368382  
         63.009517821128746            1.999964662921347            0.000016539223379  
         63.130462037454002            1.999940824694713            0.000038123460119  
         63.251406253779251            1.999966268168871            0.000010640147338  
         63.372350470104500            1.999949093783485            0.000026018188271  
         63.493294686429749            1.999959607323450            0.000013937506544  
         63.614238902754998            1.999956365404854            0.000015850704070  
         63.735183119080247            1.999950060772377            0.000021081476758  
         63.856127335405496            1.999958593509434            0.000011749515435  
         63.977071551730752            1.999948423174793            0.000021434711143  
         64.098015768056001            1.999955384823211            0.000014316599541  
         64.218959984381243            1.999954752864389            0.000015130397205  
         64.339904200706499            1.999945516255522            0.000024876129186  
         64.460848417031755            1.999960074035081            0.000011126229243  
         64.581792633356997            1.999933645556118            0.000038652073121  
         64.702736849682253            1.999961167741189            0.000012489422681  
         64.823681066007495            1.999931482940008            0.000043815867116  
         64.944625282332751            1.999962598579931            0.000014603226507  
         65.065569498657993            1.999943789000543            0.000035602204005  
         65.186513714983249            1.999966476843293            0.000015340626731  
         65.307457931308505            1.999960561107122            0.000023915641345  
         65.428402147633747            1.999970702401974            0.000016589171230  
         65.549346363959003            1.999970710419702            0.000019528860868  
         65.670290580284245            1.999975522342077            0.000017741723915  
         65.791234796609501            1.999976300940195            0.000020045904787  
         65.912179012934743            1.999981924001462            0.000017551956624  
         66.033123229259999            1.999985692600202            0.000016927295911  
         66.154067445585255            1.999984768939744            0.000021007634885  
         66.275011661910497            1.999999246103378            0.000009629507041  
         66.395955878235753            1.999978096887388            0.000033799977338  
         66.516900094560995            2.000010843284084            0.000003913234313  
         66.637844310886251            1.999968094136986            0.000049339666790  
         66.758788527211493            2.000018409955485            0.000001481317185  
         66.879732743536749            1.999969772162792            0.000052341846876  
         67.000676959862005            2.000023097158798            0.000001030562898  
         67.121621176187247            1.999987447772618            0.000038432066680  
         67.242565392512503            2.000021934599245            0.000005485476597  
         67.363509608837745            2.000008690387240            0.000019947476641  
         67.484453825163001            2.000012958572180            0.000016621993480  
         67.605398041488243            2.000021086612121            0.000009062904988  
         67.726342257813499            2.000004726130133            0.000025666043190  
         67.847286474138755            2.000023209751390            0.000007093594510  
         67.968230690463997            2.000007884538872            0.000022018121231  
         68.089174906789253            2.000015209177923            0.000014051719483  
         68.210119123114495            2.000018751740928            0.000009571568997  
         68.331063339439751            1.999994321955919            0.000032841527333  
         68.452007555764993            2.000024551524596            0.000001137343688  
         68.572951772090249            1.999968670851212            0.000055285896745  
         68.693895988415505            2.000021761823036            0.000000181552221  
         68.814840204740747            1.999958920323387            0.000060778416628  
         68.935784421066003            2.000015001826657            0.000002292841966  
         69.056728637391245            1.999972320955626            0.000042415887862  
         69.177672853716501            2.000003436773115            0.000008672637042  
         69.298617070041743            1.999989801120439            0.000019554617415  
         69.419561286366999            1.999985938744109            0.000020587916007  
         69.540505502692255            1.999991931876119            0.000011648985806  
         69.661449719017497            1.999973110319768            0.000027460489985  
         69.782393935342753            1.999981499929904            0.000016040754757  
         69.903338151667995            1.999973381693888            0.000021157514426  
         70.024282367993251            1.999969940880461            0.000021706969925  
         70.145226584318493            1.999974128115293            0.000014725715629  
         70.266170800643749            1.999959453037120            0.000026751031763  
         70.387115016969005            1.999959372456587            0.000024277347278  
         70.508059233294247            1.999951136799617            0.000030084802307  
         70.629003449619503            1.999937767544752            0.000041164243307  
         70.749947665944745            1.999951579747737            0.000025241695170  
         70.870891882270001            1.999930829399781            0.000044142738420  
         70.991836098595243            1.999958502220022            0.000014883989173  
         71.112780314920499            1.999940619242537            0.000031509128891  
         71.233724531245755            1.999958363941491            0.000012774167956  
         71.354668747570997            1.999951458748663            0.000018978901211  
         71.475612963896253            1.999948215772471            0.000021765629559  
         71.596557180221495            1.999956048467280            0.000013746874614  
         71.717501396546751            1.999942099912441            0.000027807624664  
         71.838445612871993            1.999958007588746            0.000012331880229  
         71.959389829197249            1.999947773350603            0.000023366634700  
         72.080334045522505            1.999956508566563            0.000015759265606  
         72.201278261847747            1.999954348580680            0.000019382957795  
         72.322222478173003            1.999949308910767            0.000026137087418  
         72.443166694498245            1.999952507737556            0.000024894298660  
         72.564110910823501            1.999945192510347            0.000034365603199  
