#  GS molecular orbital populations, spin channel : 1
#          time (fs)            |   population (orb 1)       |    population (orb 2)      |           ...              |    population (orb N)      |
          0.118525331998745            1.993900600060264            0.006154222810519  
          0.239469548323995            1.991048126344231            0.009008822636174  
          0.360413764649245            1.995685035669168            0.004375271159215  
          0.481357980974495            1.997552732689704            0.002506916038805  
          0.602302197299745            1.993466464409828            0.006590865104510  
          0.723246413624995            1.989881225522276            0.010176589933458  
          0.844190629950245            1.995893794119950            0.004164730615786  
          0.965134846275495            1.998776826915567            0.001279176084388  
          1.086079062600745            1.994542748594982            0.005508657321280  
          1.207023278925995            1.988285020026777            0.011764816078839  
          1.327967495251245            1.995032308782218            0.005015833514789  
          1.448911711576495            1.999847902411842            0.000196854580331  
          1.569855927901745            1.996497155972858            0.003541634228311  
          1.690800144226995            1.987903046523360            0.012131857726123  
          1.811744360552245            1.991820639115908            0.008210660178242  
          1.932688576877495            1.996212595903176            0.003815197925776  
          2.053632793202745            1.997967837852816            0.002053563968679  
          2.174577009527995            1.991567418614422            0.008448215864053  
          2.295521225853245            1.989137394373127            0.010873389806480  
          2.416465442178495            1.990233843660587            0.009773327917307  
          2.537409658503745            1.999121457906296            0.000879681907194  
          2.658353874828995            1.998369899206892            0.001624727572407  
          2.779298091154245            1.991107645546240            0.008881392399881  
          2.900242307479495            1.987632311761217            0.012353326391248  
          3.021186523804745            1.995800399163248            0.004180232565432  
          3.142130740129995            1.999030896091704            0.000943506903812  
          3.263074956455245            1.994222809672614            0.005745666854085  
          3.384019172780495            1.989111604065196            0.010854322401444  
          3.504963389105745            1.990268207192444            0.009694093964698  
          3.625907605430995            1.995985637117128            0.003971920311333  
          3.746851821756245            1.997556604854660            0.002395555813279  
          3.867796038081495            1.993373463963326            0.006577148190265  
          3.988740254406745            1.988468459597613            0.011480187673460  
          4.109684470731995            1.994794446542290            0.005152047059168  
          4.230628687057245            1.999330980248808            0.000611458387722  
          4.351572903382495            1.995857411811921            0.004084708337147  
          4.472517119707745            1.988772397149203            0.011169833268994  
          4.593461336032996            1.995052503564013            0.004890273241555  
          4.714405552358246            1.999505600845128            0.000435123619066  
          4.835349768683495            1.995882877544276            0.004059469944060  
          4.956293985008745            1.989425419876041            0.010519461042994  
          5.077238201333995            1.996229937841816            0.003717487649535  
          5.198182417659245            1.999269830534061            0.000678161661465  
          5.319126633984495            1.994545795681703            0.005406210723473  
          5.440070850309746            1.990479142424668            0.009477554634215  
          5.561015066634996            1.997751277812315            0.002209165007695  
          5.681959282960245            1.997894043290543            0.002069894891451  
          5.802903499285495            1.992723294051387            0.007246588117158  
          5.923847715610745            1.992662638780746            0.007313284378803  
          6.044791931935995            1.997947782394755            0.002032663543648  
          6.165736148261245            1.994649298547514            0.005336934085629  
          6.286680364586495            1.992431669407722            0.007561275916076  
          6.407624580911745            1.995917870761055            0.004081627143066  
          6.528568797236995            1.995844354897023            0.004159897579374  
          6.649513013562244            1.992092528381051            0.007918274763366  
          6.770457229887494            1.995117741408626            0.004899619658252  
          6.891401446212745            1.998353813832415            0.001669250515634  
          7.012345662537995            1.992935893932188            0.007091315396378  
          7.133289878863245            1.992417599880665            0.007615747395603  
          7.254234095188495            1.998167232888318            0.001871604220925  
          7.375178311513745            1.998251840467115            0.001790227041801  
          7.496122527838994            1.990759114405189            0.009286138469317  
          7.617066744164244            1.994065848458153            0.005984216521866  
          7.738010960489495            1.999384813687866            0.000668652987783  
          7.858955176814745            1.996917348797724            0.003136292385634  
          7.979899393139995            1.989493713187386            0.010561874501668  
          8.100843609465246            1.995270951532479            0.004787171389903  
          8.221787825790495            1.999649678702281            0.000409524727891  
          8.342732042115745            1.996075815873789            0.003980874604268  
          8.463676258440994            1.988609578049627            0.011447134628540  
          8.584620474766245            1.995142887864030            0.004913739364326  
          8.705564691091494            1.999325935342553            0.000730056266995  
          8.826508907416745            1.996102659037067            0.003948876860311  
          8.947453123741996            1.988374289092126            0.011674695695128  
          9.068397340067245            1.992647425368344            0.007399157416648  
          9.189341556392495            1.996838081005633            0.003206895858846  
          9.310285772717744            1.997163634299475            0.002875753325977  
          9.431229989042995            1.990896621442561            0.009137750777282  
          9.552174205368244            1.989035671127645            0.010994494472376  
          9.673118421693495            1.992684513492307            0.007343188380047  
          9.794062638018746            1.999349204568554            0.000672598421592  
          9.915006854343995            1.997042655818359            0.002972827583842  
         10.035951070669245            1.988738597445244            0.011271364153976  
         10.156895286994494            1.989568564267037            0.010438078281067  
         10.277839503319745            1.997319641529262            0.002681559672769  
         10.398783719644994            1.999397812962044            0.000597039952362  
         10.519727935970245            1.991835695269497            0.008152780839569  
         10.640672152295496            1.988962629483351            0.011022294737492  
         10.761616368620745            1.990479559133706            0.009500699066135  
         10.882560584945995            1.996970021028755            0.003004882693873  
         11.003504801271244            1.997270725159737            0.002697697693175  
         11.124449017596495            1.992962617285388            0.007002429348954  
         11.245393233921744            1.987682214579680            0.012279309813069  
         11.366337450246995            1.995025345399859            0.004932923679607  
         11.487281666572246            1.999815617017045            0.000136880851643  
         11.608225882897495            1.996169206291708            0.003780200896860  
         11.729170099222745            1.988460382126652            0.011487248796097  
         11.850114315547994            1.993494884945429            0.006452009589199  
         11.971058531873245            1.998336652069357            0.001605991134321  
         12.092002748198494            1.996636895701089            0.003303702585852  
         12.212946964523745            1.989994352192533            0.009946842582793  
         12.333891180848996            1.993014353965633            0.006928265567003  
         12.454835397174245            1.997238517796366            0.002702122207385  
         12.575779613499495            1.996137616682315            0.003802946103776  
         12.696723829824744            1.990924341474925            0.009019556908444  
         12.817668046149995            1.993790984438768            0.006155918240325  
         12.938612262475244            1.997759737738969            0.002187776493584  
         13.059556478800495            1.994867291158024            0.005082656213209  
         13.180500695125746            1.991329968832824            0.008625791466103  
         13.301444911450995            1.995925474326260            0.004034331858510  
         13.422389127776245            1.998670015928370            0.001292945722940  
         13.543333344101494            1.992873033050666            0.007094803808033  
         13.664277560426745            1.992640497870579            0.007334502711005  
         13.785221776751994            1.998503634125961            0.001476121244228  
         13.906165993077245            1.997808759513151            0.002176093841259  
         14.027110209402496            1.991309232882819            0.008682026982075  
         14.148054425727745            1.995131144952497            0.004867409884454  
         14.268998642052996            1.998472721992904            0.001530878027020  
         14.389942858378244            1.994712814801448            0.005296369346774  
         14.510887074703495            1.991855348971153            0.008160806059749  
         14.631831291028744            1.997055017025142            0.002967487042247  
         14.752775507353995            1.995460815771960            0.004566058042874  
         14.873719723679246            1.992671203931781            0.007360449008788  
         14.994663940004495            1.994493478142345            0.005544817549597  
         15.115608156329746            1.997418767434672            0.002623508952059  
         15.236552372654995            1.992606869614686            0.007438366355019  
         15.357496588980245            1.992986335768727            0.007062300573478  
         15.478440805305494            1.996798225105950            0.003255461180388  
         15.599385021630745            1.996642121591263            0.003412516865180  
         15.720329237955996            1.991174198290083            0.008881614840037  
         15.841273454281245            1.993548205945665            0.006509187750022  
         15.962217670606496            1.997487025124988            0.002573105998726  
         16.083161886931745            1.995883705413986            0.004174721796755  
         16.204106103256994            1.990795146287911            0.009262125677402  
         16.325050319582246            1.992650496825748            0.007406347588348  
         16.445994535907495            1.996691204884961            0.003366219267869  
         16.566938752232744            1.996319150611239            0.003734613574528  
         16.687882968557997            1.991751607399234            0.008298406104413  
         16.808827184883246            1.990240403664593            0.009807303331076  
         16.929771401208495            1.994907593722133            0.005138851580161  
         17.050715617533744            1.998640572260747            0.001401069358095  
         17.171659833858996            1.995080691669572            0.004955250468208  
         17.292604050184245            1.988605661292683            0.011426222640347  
         17.413548266509494            1.992749102574831            0.007279851369680  
         17.534492482834747            1.999383569736293            0.000640367066567  
         17.655436699159996            1.998277432594237            0.001740085562686  
         17.776380915485245            1.989627897437842            0.010384052771994  
         17.897325131810494            1.990060763496017            0.009947123471416  
         18.018269348135746            1.993799297943796            0.006203835200271  
         18.139213564460995            1.998339927621679            0.001656977569296  
         18.260157780786244            1.994469014758013            0.005521467201434  
         18.381101997111497            1.990818851503172            0.009167140530221  
         18.502046213436746            1.988680308308557            0.011301465749301  
         18.622990429761995            1.997594138934379            0.002382463602367  
         18.743934646087244            1.999394755155957            0.000575445396515  
         18.864878862412496            1.994213777078582            0.005751801552110  
         18.985823078737745            1.988087535914887            0.011875026589013  
         19.106767295062994            1.994904558818390            0.005054575592556  
         19.227711511388247            1.998565875302558            0.001387681427477  
         19.348655727713496            1.995781856317565            0.004167476277646  
         19.469599944038745            1.989922434822404            0.010025708227824  
         19.590544160363994            1.992297101907910            0.007649553365919  
         19.711488376689246            1.996363430016192            0.003579506083943  
         19.832432593014495            1.996502791275427            0.003437305832859  
         19.953376809339744            1.992069840984088            0.007871250918295  
         20.074321025664997            1.991597271712920            0.008344208562086  
         20.195265241990246            1.995966093394364            0.003974165606396  
         20.316209458315495            1.996558234418306            0.003381366282072  
         20.437153674640744            1.992795506535762            0.007147564439433  
         20.558097890965996            1.992221510415429            0.007723724272308  
         20.679042107291245            1.996718818259251            0.003227636248733  
         20.799986323616494            1.995416191672906            0.004532340323422  
         20.920930539941747            1.992517564895134            0.007436744088037  
         21.041874756266996            1.994252240283885            0.005705736144409  
         21.162818972592245            1.997406819430819            0.002554521117214  
         21.283763188917494            1.993282513993668            0.006683680980620  
         21.404707405242746            1.993255998013735            0.006717212611611  
         21.525651621567995            1.997502645780704            0.002475412753817  
         21.646595837893244            1.996836567900696            0.003146477577832  
         21.767540054218497            1.991841021103600            0.008148707576179  
         21.888484270543746            1.995902815937904            0.004093919143966  
         22.009428486868995            1.999025068455590            0.000977073710201  
         22.130372703194244            1.994574413588095            0.005433162382378  
         22.251316919519496            1.992365758430745            0.007649162204715  
         22.372261135844745            1.997731938020301            0.002289037767264  
         22.493205352169994            1.996741674199731            0.003283957258915  
         22.614149568495247            1.992659488541408            0.007371010525303  
         22.735093784820496            1.994350607196981            0.005686801625833  
         22.856038001145745            1.997355700981402            0.002685639538278  
         22.976982217470994            1.993783881000097            0.006260335237939  
         23.097926433796246            1.992696564890908            0.007351493575012  
         23.218870650121495            1.996238704866256            0.003814355551205  
         23.339814866446744            1.996160891529972            0.003893379041809  
         23.460759082771997            1.992360291999672            0.007694676892305  
         23.581703299097246            1.993041950654586            0.007015373618041  
         23.702647515422495            1.997033361370178            0.003026252734806  
         23.823591731747744            1.995519140207109            0.004539167061031  
         23.944535948072996            1.992052587214368            0.008003951847262  
         24.065480164398245            1.992086904808169            0.007970173620234  
         24.186424380723494            1.997045952116652            0.003010889072073  
         24.307368597048747            1.996478596020062            0.003574889034289  
         24.428312813373996            1.992758680933612            0.007290648549141  
         24.549257029699245            1.990060882779928            0.009987019088339  
         24.670201246024494            1.996784771699657            0.003260881892996  
         24.791145462349750            1.998999297678758            0.001041727539817  
         24.912089678674999            1.994873797993319            0.005161401202441  
         25.033033895000248            1.988705875217225            0.011325855716133  
         25.153978111325497            1.995024355537729            0.005003676554769  
         25.274922327650749            1.998968267694383            0.001054824449794  
         25.395866543975998            1.996744515323788            0.003271981350999  
         25.516810760301247            1.989709775074426            0.010301586958618  
         25.637754976626500            1.991109788987872            0.008897077287213  
         25.758699192951749            1.994397847425098            0.005604247866206  
         25.879643409276998            1.998185059284086            0.001810429357343  
         26.000587625602247            1.994877250082184            0.005112309993218  
         26.121531841927499            1.990253560742546            0.009731274079320  
         26.242476058252748            1.991224925684570            0.008755816526417  
         26.363420274577997            1.998644109110787            0.001330855274226  
         26.484364490903250            1.999062479368331            0.000906569775270  
         26.605308707228499            1.992060372848082            0.007904084238245  
         26.726252923553748            1.990405431367387            0.009556455173621  
         26.847197139878997            1.995605696619407            0.004351816770063  
         26.968141356204249            1.998337714866491            0.001614747828136  
         27.089085572529498            1.993866417703950            0.006082233635541  
         27.210029788854747            1.991205201579709            0.008742905118516  
         27.330974005180000            1.992903194383355            0.007042349088223  
         27.451918221505249            1.997111154810738            0.002831247126380  
         27.572862437830498            1.995370795225613            0.004569469263538  
         27.693806654155747            1.992390688065609            0.007551161556037  
         27.814750870480999            1.992394406108407            0.007546973274388  
         27.935695086806248            1.997025365967194            0.002915260800751  
         28.056639303131497            1.995622516381604            0.004318459186576  
         28.177583519456750            1.992724902665945            0.007219834542914  
         28.298527735781999            1.993353476835402            0.006592898288172  
         28.419471952107248            1.997217208247943            0.002730732875541  
         28.540416168432497            1.994369390423980            0.005581918258778  
         28.661360384757749            1.992945933040566            0.007010930815215  
         28.782304601082998            1.995502295534260            0.004458038680272  
         28.903248817408247            1.996694128745588            0.003269935024313  
         29.024193033733500            1.992607725366209            0.007362376423821  
         29.145137250058749            1.994820865503886            0.005155619458071  
         29.266081466383998            1.998020975781823            0.001960430577741  
         29.387025682709247            1.995117430902172            0.004869351828109  
         29.507969899034499            1.992492037037177            0.007502085125432  
         29.628914115359748            1.997733793358508            0.002266648606534  
         29.749858331684997            1.998102445205900            0.001903440570666  
         29.870802548010250            1.993180429933000            0.006831380684463  
         29.991746764335499            1.994188690806169            0.005830489624621  
         30.112690980660748            1.998099592534331            0.001924920603121  
         30.233635196985997            1.995298988055130            0.004730073911015  
         30.354579413311249            1.992706367281123            0.007328338165925  
         30.475523629636498            1.996136260975417            0.003904518430848  
         30.596467845961747            1.996144737093686            0.003899305556767  
         30.717412062287000            1.993194941543667            0.006851951916147  
         30.838356278612249            1.993896720448675            0.006154809633232  
         30.959300494937498            1.997249851694891            0.002805064368851  
         31.080244711262747            1.994309913301930            0.005745835738317  
         31.201188927587999            1.992603402225194            0.007453170732244  
         31.322133143913248            1.994711562607023            0.005347900014761  
         31.443077360238497            1.997495819775074            0.002564023314743  
         31.564021576563750            1.993603809426110            0.006454499973418  
         31.684965792888999            1.992182057188225            0.007874788129677  
         31.805910009214248            1.994068709152168            0.005989010786657  
         31.926854225539497            1.997683648776400            0.002372014036714  
         32.047798441864749            1.994656018069497            0.005395928629971  
         32.168742658189998            1.991650209710091            0.008398080354648  
         32.289686874515247            1.992369809487087            0.007677348643236  
         32.410631090840496            1.998367245459858            0.001676217827170  
         32.531575307165745            1.997681244095843            0.002356993049609  
         32.652519523491002            1.992131743939709            0.007901146605781  
         32.773463739816250            1.990794391545798            0.009235415315480  
         32.894407956141499            1.997520291836191            0.002504988949268  
         33.015352172466748            1.999251188869124            0.000768384814211  
         33.136296388791997            1.993653211805870            0.006359961667661  
         33.257240605117246            1.990151466896637            0.009857175190083  
         33.378184821442495            1.992895407088855            0.007108474809054  
         33.499129037767752            1.996843005281423            0.003155380816103  
         33.620073254093001            1.996621008885056            0.003370613319642  
         33.741017470418250            1.993035041814037            0.006951477722715  
         33.861961686743498            1.989878018505910            0.010103924092992  
         33.982905903068747            1.994680409921888            0.005296973894920  
         34.103850119393996            1.999363622787712            0.000607461021747  
         34.224794335719245            1.996927244704106            0.003038779709328  
         34.345738552044502            1.990276251104366            0.009685883541221  
         34.466682768369751            1.993137985266533            0.006821347769066  
         34.587626984695000            1.997870114862146            0.002084038829597  
         34.708571201020249            1.997613805055793            0.002335969580226  
         34.829515417345497            1.991691578451434            0.008255685859236  
         34.950459633670746            1.992283632109197            0.007662946961486  
         35.071403849995995            1.995487935193840            0.004455263218112  
         35.192348066321252            1.997266112709103            0.002674322913196  
         35.313292282646501            1.993075800797013            0.006864233360151  
         35.434236498971750            1.992410964255215            0.007530439553236  
         35.555180715296999            1.994975209226575            0.004965091521219  
         35.676124931622248            1.996973820647773            0.002965978643874  
         35.797069147947497            1.993357296907472            0.006584799755942  
         35.918013364272745            1.993001469288333            0.006943845926057  
         36.038957580598002            1.995974436628811            0.003972109611589  
         36.159901796923251            1.996153267390619            0.003795350421265  
         36.280846013248500            1.992764144660423            0.007189527044658  
         36.401790229573749            1.994626554879366            0.005331711144654  
         36.522734445898998            1.997559679305858            0.002401995397124  
         36.643678662224247            1.994560473671116            0.005405795937034  
         36.764622878549496            1.992987035208767            0.006986085374505  
         36.885567094874752            1.997433516881714            0.002544992050553  
         37.006511311200001            1.997943893935186            0.002039751809142  
         37.127455527525250            1.992974892142338            0.007015008616118  
         37.248399743850499            1.994807885526841            0.005189307451658  
         37.369343960175748            1.998421845977499            0.001580933212722  
         37.490288176500997            1.995637189849228            0.004371235989243  
         37.611232392826246            1.992728582258586            0.007286637951531  
         37.732176609151502            1.996501353115744            0.003520471888475  
         37.853120825476751            1.996100292149351            0.003926288429335  
         37.974065041802000            1.993437451524880            0.006594044348443  
         38.095009258127249            1.994586103736801            0.005451735269579  
         38.215953474452498            1.997096686545144            0.002945625130737  
         38.336897690777747            1.993546706152063            0.006498733489747  
         38.457841907102996            1.993536253045837            0.006512746863491  
         38.578786123428252            1.996681753115975            0.003371887440545  
         38.699730339753501            1.996693405933188            0.003361752248821  
         38.820674556078750            1.992220168420873            0.007836210221517  
         38.941618772403999            1.994174087585769            0.005883983837801  
         39.062562988729248            1.997463910331502            0.002596380690323  
         39.183507205054497            1.996062764460671            0.003996304122051  
         39.304451421379746            1.991738026178005            0.008319995556922  
         39.425395637705002            1.993695517659410            0.006362057867026  
         39.546339854030251            1.996946639727664            0.003110904618961  
         39.667284070355500            1.996135311589004            0.003918862384023  
         39.788228286680749            1.992187125840920            0.007863551690527  
         39.909172503005998            1.991825538449098            0.008222700060363  
         40.030116719331247            1.995542443605720            0.004503953939148  
         40.151060935656496            1.997775689062469            0.002265892163463  
         40.272005151981752            1.994669135008067            0.005367014341003  
         40.392949368307001            1.990321167525973            0.009710838057277  
         40.513893584632250            1.994050009078506            0.005978669979357  
         40.634837800957499            1.999314582955675            0.000708699680698  
         40.755782017282748            1.997795754179499            0.002221207911795  
         40.876726233607997            1.990680837641464            0.009330681678595  
         40.997670449933246            1.991885342487908            0.008121932893359  
         41.118614666258502            1.996021200467090            0.003980770418685  
         41.239558882583751            1.997991479687931            0.002004127895238  
         41.360503098909000            1.993446977776962            0.006542522711850  
         41.481447315234249            1.991232844657028            0.008752267994656  
         41.602391531559498            1.991485314902978            0.008495052919818  
         41.723335747884747            1.997511498770159            0.002463315128560  
         41.844279964209996            1.997947503699138            0.002021335956925  
         41.965224180535252            1.993578784065605            0.006385990225867  
         42.086168396860501            1.990327069319342            0.009634255657230  
         42.207112613185750            1.996607176300303            0.003350235924205  
         42.328056829510999            1.999221105878986            0.000731157189031  
         42.449001045836248            1.995007605715612            0.004941343580913  
         42.569945262161497            1.990813561072729            0.009133990467678  
         42.690889478486746            1.995103797577971            0.004841861776842  
         42.811833694812002            1.998117826951231            0.001824338666900  
         42.932777911137251            1.995174166872661            0.004766279018360  
         43.053722127462500            1.991689114982535            0.008252444333748  
         43.174666343787749            1.994650798221753            0.005290883784525  
         43.295610560112998            1.997597612994980            0.002342938368351  
         43.416554776438247            1.994715033753828            0.005226205491446  
         43.537498992763496            1.992352797928614            0.007592115524371  
         43.658443209088752            1.995626824479168            0.004320034674842  
         43.779387425414001            1.997813849521056            0.002134548648078  
         43.900331641739250            1.993624530392115            0.006327345626477  
         44.021275858064499            1.993349426115278            0.006608087155689  
         44.142220074389748            1.997662252780875            0.002298793995573  
         44.263164290714997            1.997539665005477            0.002425524701060  
         44.384108507040246            1.992558789824311            0.007412192559336  
         44.505052723365502            1.995342210373732            0.004635263476493  
         44.625996939690751            1.998575977881772            0.001406363725424  
         44.746941156016000            1.995526043885997            0.004462197721957  
         44.867885372341249            1.992691774902093            0.007303414541482  
         44.988829588666498            1.996872419120890            0.003129190199679  
         45.109773804991747            1.996210875684216            0.003796174736028  
         45.230718021316996            1.993502400554570            0.006510857083009  
         45.351662237642252            1.994852669493188            0.005167602012187  
         45.472606453967501            1.996815899022223            0.003209595094139  
         45.593550670292750            1.993344729547042            0.006685674140489  
         45.714494886617999            1.994307496676745            0.005728375346104  
         45.835439102943248            1.997539683959312            0.002501810220853  
         45.956383319268497            1.995684198406046            0.004360244723433  
         46.077327535593746            1.992339667536323            0.007708542297499  
         46.198271751919002            1.996217077205343            0.003835045354741  
         46.319215968244251            1.998618992532227            0.001436059818799  
         46.440160184569500            1.994245398121599            0.005810155830836  
         46.561104400894749            1.992327411430211            0.007730171377108  
         46.682048617219998            1.997207750102578            0.002851558188395  
         46.802992833545247            1.998651577695865            0.001407786157685  
         46.923937049870496            1.993214368438399            0.006843247050075  
         47.044881266195752            1.992202794406560            0.007854437544297  
         47.165825482521001            1.996750824208386            0.003306007813996  
         47.286769698846250            1.998356292819201            0.001698365337839  
         47.407713915171499            1.993069860050008            0.006980999209047  
         47.528658131496748            1.991619333903037            0.008428531618228  
         47.649602347821997            1.994240754338773            0.005805057648787  
         47.770546564147246            1.997622968818962            0.002419233328530  
         47.891490780472502            1.994957767126488            0.005079005398425  
         48.012434996797751            1.991976980144038            0.008054694885910  
         48.133379213123000            1.990989137099526            0.009039119701388  
         48.254323429448249            1.996961886996249            0.003061914516472  
         48.375267645773498            1.998765578633780            0.001252042986938  
         48.496211862098747            1.994627211947134            0.005384175802998  
         48.617156078423996            1.989701792682811            0.010305091143641  
         48.738100294749252            1.994909321090674            0.005092899220243  
         48.859044511074501            1.998655460104431            0.001340728578206  
         48.979988727399750            1.996556144270782            0.003433481546653  
         49.100932943724999            1.990876478209271            0.009108196887578  
         49.221877160050248            1.991529145843757            0.008451305118623  
         49.342821376375497            1.994461066585742            0.005514164378642  
         49.463765592700746            1.997869848643985            0.002099303738492  
         49.584709809026002            1.995003235235617            0.004961250043693  
         49.705654025351251            1.991208068213450            0.008753039207162  
         49.826598241676500            1.992317255678387            0.007640364563584  
         49.947542458001749            1.998715659614103            0.001237216228773  
         50.068486674326998            1.998055157784407            0.001893876895282  
         50.189430890652247            1.992248176894684            0.007698678294413  
         50.310375106977496            1.992100563702910            0.007845274336471  
         50.431319323302752            1.998073979596939            0.001868935810217  
         50.552263539628001            1.998354085266949            0.001586560960158  
         50.673207755953250            1.992666478321901            0.007273860984866  
         50.794151972278499            1.992664158711719            0.007277762374702  
         50.915096188603748            1.997707576480039            0.002233465079298  
         51.036040404928997            1.997826468669423            0.002114691494682  
         51.156984621254246            1.992503442790108            0.007439900435601  
         51.277928837579502            1.993814868578517            0.006132208524529  
         51.398873053904751            1.998386747724357            0.001561587816678  
         51.519817270230000            1.996943750860507            0.003007520379840  
         51.640761486555249            1.992209920159024            0.007745994191991  
         51.761705702880498            1.995636260534480            0.004324706743416  
         51.882649919205747            1.998773002817457            0.001191422425510  
         52.003594135530996            1.995153760782224            0.004816092971435  
         52.124538351856252            1.992682943281052            0.007293164907658  
         52.245482568181501            1.997109636484282            0.002872098390256  
         52.366426784506750            1.996640976059207            0.003346061488155  
         52.487371000831999            1.993378538764211            0.006615160158278  
         52.608315217157248            1.994684313136185            0.005316251547602  
         52.729259433482497            1.996814961937300            0.003191127843975  
         52.850203649807746            1.993436257478495            0.006575815666836  
         52.971147866133002            1.994401388974161            0.005617273317963  
         53.092092082458251            1.997452259984883            0.002572646486445  
         53.213036298783500            1.995330283322495            0.004699032818828  
         53.333980515108749            1.992490123431474            0.007544784532392  
         53.454924731433998            1.997105032086794            0.002935393583301  
         53.575868947759247            1.998409700568512            0.001634748338740  
         53.696813164084496            1.993585648129084            0.006461566169376  
         53.817757380409752            1.993218107743992            0.006833566104406  
         53.938701596735001            1.998598752680015            0.001456331070942  
         54.059645813060250            1.997712425572923            0.002343688678832  
         54.180590029385499            1.992275296635697            0.007781851231300  
         54.301534245710748            1.994038486273320            0.006021085364947  
         54.422478462035997            1.999082739263527            0.000977749381900  
         54.543422678361246            1.997182954699300            0.002875799091373  
         54.664366894686502            1.991411723282094            0.008646114592208  
         54.785311111011751            1.994153106584710            0.005904577209179  
         54.906255327337000            1.998998877243720            0.001057700063763  
         55.027199543662249            1.997279351004397            0.002773431819278  
         55.148143759987498            1.991012560312101            0.009037132790946  
         55.269087976312747            1.992936845737561            0.007110217009828  
         55.390032192637996            1.996954078417401            0.003090592405415  
         55.510976408963252            1.997505980191466            0.002533671561220  
         55.631920625288501            1.992253570432079            0.007780975788688  
         55.752864841613750            1.991158225594079            0.008871785918446  
         55.873809057938999            1.992872322447615            0.007154366594800  
         55.994753274264248            1.998237338127415            0.001783812396413  
         56.115697490589497            1.996624385907816            0.003390474204088  
         56.236641706914746            1.991991393884067            0.008017793423786  
         56.357585923240002            1.990162026704222            0.009843132441567  
         56.478530139565251            1.997669640016647            0.002330150451537  
         56.599474355890500            1.999322670525877            0.000670689232838  
         56.720418572215749            1.994200805516376            0.005786362618301  
         56.841362788540998            1.989746333633565            0.010236755037719  
         56.962307004866247            1.993299211551262            0.006679254216479  
         57.083251221191496            1.996963723582955            0.003008978148384  
         57.204195437516752            1.996404306024213            0.003562382546139  
         57.325139653842001            1.992495705330389            0.007467506949914  
         57.446083870167250            1.990448539724715            0.009511256410405  
         57.567028086492499            1.995001011455493            0.004954715381810  
         57.687972302817748            1.998562549765500            0.001388192712972  
         57.808916519142997            1.995833794737544            0.004114432374998  
         57.929860735468246            1.990378682467543            0.009567768598751  
         58.050804951793502            1.994631086321062            0.005313749113673  
         58.171749168118751            1.999074583918257            0.000866921233428  
         58.292693384444000            1.996874469267119            0.003066082975488  
         58.413637600769249            1.990834565566232            0.009106375728701  
         58.534581817094498            1.995071777104147            0.004870016965617  
         58.655526033419747            1.998956865483330            0.000983774387822  
         58.776470249744996            1.996382197014981            0.003559835226718  
         58.897414466070252            1.991224157215104            0.008720718655982  
         59.018358682395501            1.996245928146857            0.003701725157160  
         59.139302898720750            1.998789196325497            0.001159914907723  
         59.260247115045999            1.995039392195631            0.004913768419482  
         59.381191331371248            1.991996580020041            0.007961478463011  
         59.502135547696497            1.997497782614336            0.002464363592526  
         59.623079764021746            1.997290777325588            0.002675558610442  
         59.744023980347002            1.993401003056731            0.006571400568999  
         59.864968196672251            1.993857414490021            0.006121082850365  
         59.985912412997500            1.997204766159997            0.002778733409733  
         60.106856629322749            1.994251009642712            0.005738627520682  
         60.227800845647998            1.993632038839686            0.006364407315018  
         60.348745061973247            1.996720364496700            0.003282502054999  
         60.469689278298496            1.995276903604654            0.004731157556316  
         60.590633494623752            1.992809538991720            0.007205190106075  
         60.711577710949001            1.996497961063101            0.003523216607465  
         60.832521927274250            1.998373959634680            0.001652553687718  
         60.953466143599499            1.993176031552967            0.006854969087919  
         61.074410359924748            1.993804081810921            0.006233108699397  
         61.195354576249997            1.998567975711437            0.001474132177104  
         61.316298792575246            1.997418359073881            0.002626635387639  
         61.437243008900502            1.991782645815884            0.008265764803143  
         61.558187225225751            1.995260231789502            0.004792860216546  
         61.679131441551000            1.998810198805109            0.001245292159503  
         61.800075657876249            1.995898765589241            0.004156802820185  
         61.921019874201498            1.991058975414299            0.008998562219758  
         62.041964090526747            1.996233206518753            0.003826581956258  
         62.162908306851996            1.998898937861584            0.001160664406645  
         62.283852523177252            1.995298477648765            0.004758663425412  
         62.404796739502501            1.990332985582161            0.009724116012897  
         62.525740955827750            1.996463841738721            0.003592915141999  
         62.646685172152999            1.999398617413873            0.000656018965807  
         62.767629388478248            1.995641542728402            0.004408650526450  
         62.888573604803497            1.989638477395994            0.010409268423998  
         63.009517821128746            1.994960919328121            0.005084291431758  
         63.130462037454002            1.998437308425954            0.001604744666675  
         63.251406253779251            1.996420351875490            0.003615988874308  
         63.372350470104500            1.990336755663151            0.009694867531323  
         63.493294686429749            1.991415655386147            0.008611827697621  
         63.614238902754998            1.994900699724538            0.005123085635540  
         63.735183119080247            1.998076939993081            0.001940585112547  
         63.856127335405496            1.994798763458325            0.005212652278283  
         63.977071551730752            1.989949138258688            0.010057122999272  
         64.098015768056001            1.991957452721371            0.008044817196452  
         64.218959984381243            1.998814457231948            0.001181823340235  
         64.339904200706499            1.999023472544638            0.000966378982289  
         64.460848417031755            1.991556279990138            0.008427918980338  
         64.581792633356997            1.990383951495054            0.009596634809589  
         64.702736849682253            1.994717478721608            0.005257995630374  
         64.823681066007495            1.998002550943202            0.001967059528110  
         64.944625282332751            1.994511583121116            0.005452483700630  
         65.065569498657993            1.991419766071632            0.008541705646423  
         65.186513714983249            1.990999011772925            0.008958734753071  
         65.307457931308505            1.996390619326442            0.003562954472692  
         65.428402147633747            1.997773168261306            0.002175761306041  
         65.549346363959003            1.993927935289888            0.006019624243860  
         65.670290580284245            1.990370241126754            0.009575541514079  
         65.791234796609501            1.996031341170093            0.003912679753285  
         65.912179012934743            1.999080247431639            0.000860757491582  
         66.033123229259999            1.994914656881039            0.005026609237046  
         66.154067445585255            1.990865125488263            0.009076774692514  
         66.275011661910497            1.996417172462218            0.003525297105008  
         66.395955878235753            1.999071861084092            0.000869944733609  
         66.516900094560995            1.994411857751842            0.005532459982006  
         66.637844310886251            1.991697735227576            0.008249641246583  
         66.758788527211493            1.997373512878350            0.002576259030440  
         66.879732743536749            1.998281720079918            0.001670287195232  
         67.000676959862005            1.993193111624326            0.006763749184320  
         67.121621176187247            1.993124713004831            0.006837016259066  
         67.242565392512503            1.997869719851738            0.002095824210180  
         67.363509608837745            1.995896005760145            0.004074601181116  
         67.484453825163001            1.992565653992182            0.007411325444695  
         67.605398041488243            1.995350908729526            0.004631955563936  
         67.726342257813499            1.996531433856132            0.003456348303184  
         67.847286474138755            1.993057999309425            0.006936492976961  
         67.968230690463997            1.994571239505984            0.005430030585725  
         68.089174906789253            1.997587437640697            0.002419812145687  
         68.210119123114495            1.994167449987627            0.005845029579321  
         68.331063339439751            1.992853683524357            0.007165648910727  
         68.452007555764993            1.997945909249666            0.002079622431705  
         68.572951772090249            1.997765733985054            0.002264362253915  
         68.693895988415505            1.992342552120218            0.007692335512425  
         68.814840204740747            1.994617969463371            0.005422908333905  
         68.935784421066003            1.999113456684378            0.000931773132003  
         69.056728637391245            1.995957512160878            0.004089796194550  
         69.177672853716501            1.991561419193414            0.008489851421797  
         69.298617070041743            1.996212423379569            0.003842880351470  
         69.419561286366999            1.998641556155158            0.001415420298681  
         69.540505502692255            1.994328774523508            0.005727675173061  
         69.661449719017497            1.991259838288195            0.008799134124777  
         69.782393935342753            1.997134009331562            0.002926357501797  
         69.903338151667995            1.998665272213097            0.001394218743970  
         70.024282367993251            1.993618830520131            0.006437775981776  
         70.145226584318493            1.990656033572408            0.009400969644037  
         70.266170800643749            1.997321186103700            0.002734750735710  
         70.387115016969005            1.999495379989973            0.000557879455145  
         70.508059233294247            1.993802009912323            0.006246462674774  
         70.629003449619503            1.989811072923277            0.010235232973669  
         70.749947665944745            1.995482741874112            0.004560675891332  
         70.870891882270001            1.998798131586986            0.001241750719620  
         70.991836098595243            1.994984227986052            0.005049604789654  
         71.112780314920499            1.990133066403003            0.009896200289443  
         71.233724531245755            1.991202780595695            0.008822367438456  
         71.354668747570997            1.995377197325535            0.004644052618517  
         71.475612963896253            1.997982511653430            0.002032185613340  
         71.596557180221495            1.994369968762248            0.005638721694867  
         71.717501396546751            1.989194055059583            0.010809668637382  
         71.838445612871993            1.992276127826646            0.007723643534869  
         71.959389829197249            1.999340321863437            0.000653259830882  
         72.080334045522505            1.998501470266522            0.001485741114349  
         72.201278261847747            1.990654551953869            0.009327225238357  
         72.322222478173003            1.990172979092462            0.009805468831695  
         72.443166694498245            1.994540422374852            0.005432788998467  
         72.564110910823501            1.998143330952007            0.001824043245190  
