#             time (fs)      |   total net charge (e)  |   charge (atom_1) (e)   |   charge (atom_2) (e)   |        ...        |   charge (atom_N) (e)   |
          0.000000000000000       -0.000000000000000       -0.000000000000000        0.000000000000000
          0.120944216325250       -0.000000000003481       -0.000041226879454        0.000041226875974
          0.241888432650500       -0.000000000006954       -0.000453676225320        0.000453676218366
          0.362832648975750       -0.000000000010460       -0.000275564210956        0.000275564200496
          0.483776865301000       -0.000000000013730       -0.000224958804935        0.000224958791205
          0.604721081626250       -0.000000000016952        0.000803418129365       -0.000803418146317
          0.725665297951500       -0.000000000019264        0.000813670316182       -0.000813670335446
          0.846609514276750       -0.000000000021604        0.001241694439808       -0.001241694461413
          0.967553730602000       -0.000000000022852       -0.000247808901144        0.000247808878292
          1.088497946927250       -0.000000000023703       -0.000673043726775        0.000673043703071
          1.209442163252500       -0.000000000023756       -0.002212361113854        0.002212361090098
          1.330386379577750       -0.000000000022759       -0.001024039914327        0.001024039891568
          1.451330595903000       -0.000000000021527       -0.000666538760091        0.000666538738564
          1.572274812228250       -0.000000000019378        0.002053262465536       -0.002053262484914
          1.693219028553500       -0.000000000016781        0.001930369107161       -0.001930369123942
          1.814163244878750       -0.000000000012283        0.002659553078576       -0.002659553090859
          1.935107461204000       -0.000000000009941       -0.000377686551451        0.000377686541510
          2.056051677529250       -0.000000000005096       -0.001304204243152        0.001304204238056
          2.176995893854500       -0.000000000001746       -0.003899207282406        0.003899207280660
          2.297940110179750        0.000000000004421       -0.001954197978649        0.001954197983070
          2.418884326505000        0.000000000007713       -0.001071015133763        0.001071015141476
          2.539828542830250        0.000000000011392        0.003105221463338       -0.003105221451946
          2.660772759155500        0.000000000014766        0.003223340699017       -0.003223340684251
          2.781716975480750        0.000000000021952        0.003989655307008       -0.003989655285057
          2.902661191806000        0.000000000021140       -0.000244485062615        0.000244485083755
          3.023605408131250        0.000000000024678       -0.002055179209972        0.002055179234650
          3.144549624456500        0.000000000025494       -0.005436791563369        0.005436791588862
          3.265493840781750        0.000000000030169       -0.003125426487216        0.003125426517385
          3.386438057107000        0.000000000029881       -0.001412825097169        0.001412825127050
          3.507382273432250        0.000000000028577        0.003957325007452       -0.003957324978874
          3.628326489757500        0.000000000028795        0.004665261614051       -0.004665261585256
          3.749270706082750        0.000000000033261        0.005267098964142       -0.005267098930881
          3.870214922408000        0.000000000028623        0.000095965896546       -0.000095965867923
          3.991159138733250        0.000000000027884       -0.002850612752443        0.002850612780327
          4.112103355058500        0.000000000026955       -0.006875798211316        0.006875798238271
          4.233047571383750        0.000000000028773       -0.004449133652729        0.004449133681501
          4.353991787709000        0.000000000027313       -0.001757448781058        0.001757448808371
          4.474936004034250        0.000000000025216        0.004654741618948       -0.004654741593732
          4.595880220359500        0.000000000025415        0.006168887780158       -0.006168887754743
          4.716824436684750        0.000000000027408        0.006512290845948       -0.006512290818540
          4.837768653010000        0.000000000026744        0.000599057442566       -0.000599057415822
          4.958712869335250        0.000000000027079       -0.003636626261033        0.003636626288111
          5.079657085660500        0.000000000028824       -0.008203812629958        0.008203812658782
          5.200601301985750        0.000000000029534       -0.005871645322588        0.005871645352123
          5.321545518311000        0.000000000031122       -0.002118172428224        0.002118172459345
          5.442489734636251        0.000000000034951        0.005196681625980       -0.005196681591029
          5.563433950961501        0.000000000036849        0.007671546044788       -0.007671546007939
          5.684378167286750        0.000000000034431        0.007726459958753       -0.007726459924321
          5.805322383612000        0.000000000039991        0.001216700348196       -0.001216700308205
          5.926266599937250        0.000000000044297       -0.004344807573448        0.004344807617745
          6.047210816262500        0.000000000045920       -0.009456496323974        0.009456496369894
          6.168155032587750        0.000000000041999       -0.007295004509705        0.007295004551704
          6.289099248913001        0.000000000043656       -0.002578653100867        0.002578653144523
          6.410043465238251        0.000000000051357        0.005676232407856       -0.005676232356499
          6.530987681563500        0.000000000050160        0.009049767017504       -0.009049766967344
          6.651931897888750        0.000000000038928        0.009023484733168       -0.009023484694240
          6.772876114214000        0.000000000044104        0.001819936315967       -0.001819936271863
          6.893820330539250        0.000000000048063       -0.004848748507300        0.004848748555363
          7.014764546864500        0.000000000044915       -0.010774401747156        0.010774401792071
          7.135708763189751        0.000000000033476       -0.008605177359501        0.008605177392977
          7.256652979515001        0.000000000031216       -0.003262461969058        0.003262462000274
          7.377597195840250        0.000000000037093        0.006218393287022       -0.006218393249929
          7.498541412165500        0.000000000031529        0.010240894622419       -0.010240894590890
          7.619485628490750        0.000000000016790        0.010514572056764       -0.010514572039973
          7.740429844816000        0.000000000018806        0.002360545755855       -0.002360545737049
          7.861374061141250        0.000000000019846       -0.005138538391477        0.005138538411324
          7.982318277466501        0.000000000016159       -0.012220765380137        0.012220765396295
          8.103262493791750        0.000000000007935       -0.009867709134022        0.009867709141956
          8.224206710117000        0.000000000006513       -0.004143568995007        0.004143569001520
          8.345150926442249        0.000000000008970        0.006784596824545       -0.006784596815575
          8.466095142767500        0.000000000007692        0.011405304700178       -0.011405304692486
          8.587039359092751        0.000000000006838        0.012138229629412       -0.012138229622574
          8.707983575418000        0.000000000009179        0.003004354214362       -0.003004354205183
          8.828927791743251        0.000000000009716       -0.005409182320025        0.005409182329741
          8.949872008068500        0.000000000011690       -0.013679736319226        0.013679736330916
          9.070816224393750        0.000000000022515       -0.011332747350711        0.011332747373226
          9.191760440718999        0.000000000027806       -0.005049029935650        0.005049029963456
          9.312704657044250        0.000000000023007        0.007204511592171       -0.007204511569164
          9.433648873369501        0.000000000030991        0.012781092330684       -0.012781092299692
          9.554593089694750        0.000000000052447        0.013769091171504       -0.013769091119057
          9.675537306020001        0.000000000054854        0.003924020580922       -0.003924020526069
          9.796481522345250        0.000000000050207       -0.005799333882382        0.005799333932589
          9.917425738670500        0.000000000054206       -0.015079693089884        0.015079693144090
         10.038369954995749        0.000000000083500       -0.013088531110617        0.013088531194117
         10.159314171321000        0.000000000090910       -0.005960559553607        0.005960559644516
         10.280258387646251        0.000000000072596        0.007478755981482       -0.007478755908886
         10.401202603971500        0.000000000082594        0.014321902006511       -0.014321901923917
         10.522146820296751        0.000000000114792        0.015471027481402       -0.015471027366611
         10.643091036622000        0.000000000113679        0.005019317022326       -0.005019316908647
         10.764035252947250        0.000000000099057       -0.006163022777104        0.006163022876161
         10.884979469272501        0.000000000098966       -0.016521202853639        0.016521202952605
         11.005923685597750        0.000000000130759       -0.014937407246528        0.014937407377287
         11.126867901923001        0.000000000134872       -0.007025507191744        0.007025507326616
         11.247812118248250        0.000000000110608        0.007732975457404       -0.007732975346796
         11.368756334573501        0.000000000116376        0.015800363377121       -0.015800363260745
         11.489700550898750        0.000000000142171        0.017314308422283       -0.017314308280111
         11.610644767224001        0.000000000139232        0.006136920506229       -0.006136920366997
         11.731588983549251        0.000000000126656       -0.006349854155355        0.006349854282011
         11.852533199874500        0.000000000126588       -0.017995779044977        0.017995779171565
         11.973477416199751        0.000000000143032       -0.016725537492408        0.016725537635440
         12.094421632525000        0.000000000145046       -0.008244901095001        0.008244901240047
         12.215365848850251        0.000000000138016        0.007935949425072       -0.007935949287056
         12.336310065175500        0.000000000141638        0.017127296417676       -0.017127296276038
         12.457254281500751        0.000000000146125        0.019170245564562       -0.019170245418437
         12.578198497826001        0.000000000146738        0.007286993630120       -0.007286993483382
         12.699142714151250        0.000000000153268       -0.006387274981929        0.006387275135197
         12.820086930476501        0.000000000160899       -0.019338249270935        0.019338249431834
         12.941031146801750        0.000000000149395       -0.018452608139819        0.018452608289214
         13.061975363127001        0.000000000147383       -0.009494252190585        0.009494252337968
         13.182919579452250        0.000000000172554        0.007973141727494       -0.007973141554939
         13.303863795777501        0.000000000176539        0.018326132340176       -0.018326132163637
         13.424808012102751        0.000000000149746        0.020903329060421       -0.020903328910674
         13.545752228428000        0.000000000151736        0.008513390657670       -0.008513390505934
         13.666696444753251        0.000000000179238       -0.006322221784994        0.006322221964232
         13.787640661078500        0.000000000192498       -0.020483546212862        0.020483546405360
         13.908584877403751        0.000000000152185       -0.020129839746262        0.020129839898447
         14.029529093729000        0.000000000140935       -0.010754640217712        0.010754640358647
         14.150473310054251        0.000000000186778        0.007853878005821       -0.007853877819043
         14.271417526379501        0.000000000188965        0.019404793253243       -0.019404793064279
         14.392361742704750        0.000000000139705        0.022568631419266       -0.022568631279562
         14.513305959030001        0.000000000136394        0.009799922459418       -0.009799922323024
         14.634250175355250        0.000000000169020       -0.006142028911787        0.006142029080807
         14.755194391680501        0.000000000180456       -0.021535410740592        0.021535410921048
         14.876138608005750        0.000000000132141       -0.021799824698805        0.021799824830946
         14.997082824331001        0.000000000117073       -0.012093931639037        0.012093931756110
         15.118027040656251        0.000000000155867        0.007632003709149       -0.007632003553282
         15.238971256981500        0.000000000155732        0.020458293421531       -0.020458293265799
         15.359915473306751        0.000000000118357        0.024272512175488       -0.024272512057131
         15.480859689632000        0.000000000115203        0.011230818260731       -0.011230818145528
         15.601803905957251        0.000000000133554       -0.005928768807803        0.005928768941358
         15.722748122282500        0.000000000138082       -0.022555043415603        0.022555043553685
         15.843692338607751        0.000000000122230       -0.023675219523650        0.023675219645879
         15.964636554933001        0.000000000122251       -0.013492379246192        0.013492379368443
         16.085580771258250        0.000000000129146        0.007241184206400       -0.007241184077254
         16.206524987583499        0.000000000128854        0.021717139939181       -0.021717139810327
         16.327469203908752        0.000000000140549        0.026037658108697       -0.026037657968148
         16.448413420234001        0.000000000153656        0.012988034066013       -0.012988033912357
         16.569357636559250        0.000000000141771       -0.005808969908713        0.005808970050484
         16.690301852884499        0.000000000134050       -0.023552907305092        0.023552907439143
         16.811246069209751        0.000000000177706       -0.025933586476760        0.025933586654466
         16.932190285535000        0.000000000203968       -0.014964864591764        0.014964864795733
         17.053134501860249        0.000000000167451        0.006673148256257       -0.006673148088805
         17.174078718185502        0.000000000160530        0.023224859359142       -0.023224859198612
         17.295022934510751        0.000000000225121        0.027969561263684       -0.027969561038562
         17.415967150836000        0.000000000260754        0.015029875148386       -0.015029874887633
         17.536911367161249        0.000000000210257       -0.005665506489775        0.005665506700033
         17.657855583486501        0.000000000185388       -0.024666561242823        0.024666561428211
         17.778799799811750        0.000000000272687       -0.028409260066237        0.028409260338923
         17.899744016136999        0.000000000314385       -0.016694882012947        0.016694882327332
         18.020688232462252        0.000000000246017        0.006101202914570       -0.006101202668553
         18.141632448787501        0.000000000226793        0.024715567552790       -0.024715567325997
         18.262576665112750        0.000000000310023        0.030207701916266       -0.030207701606243
         18.383520881437999        0.000000000352900        0.017110256091768       -0.017110255738868
         18.504465097763251        0.000000000286933       -0.005261510134411        0.005261510421344
         18.625409314088500        0.000000000254083       -0.025972331744712        0.025972331998795
         18.746353530413749        0.000000000337082       -0.030800274912030        0.030800275249112
         18.867297746739002        0.000000000373068       -0.018757965555934        0.018757965929001
         18.988241963064251        0.000000000313359        0.005609639852461       -0.005609639539101
         19.109186179389500        0.000000000297210        0.025942676997107       -0.025942676699897
         19.230130395714749        0.000000000352322        0.032652412513690       -0.032652412161368
         19.351074612040001        0.000000000376005        0.019083149750301       -0.019083149374296
         19.472018828365250        0.000000000344267       -0.004537396384466        0.004537396728732
         19.592963044690499        0.000000000334491       -0.027305869634647        0.027305869969138
         19.713907261015752        0.000000000362458       -0.032949132921949        0.032949133284407
         19.834851477341001        0.000000000369753       -0.020991667899147        0.020991668268900
         19.955795693666250        0.000000000368015        0.005092335892544       -0.005092335524529
         20.076739909991499        0.000000000380032        0.026855182237556       -0.026855181857523
         20.197684126316751        0.000000000372045        0.035019996042159       -0.035019995670114
         20.318628342642000        0.000000000355972        0.020975585549483       -0.020975585193511
         20.439572558967249        0.000000000388534       -0.003614225600921        0.003614225989456
         20.560516775292502        0.000000000429497       -0.028409852204403        0.028409852633900
         20.681460991617751        0.000000000378849       -0.034885041484003        0.034885041862852
         20.802405207943000        0.000000000339046       -0.023165944474711        0.023165944813757
         20.923349424268253        0.000000000410031        0.004387205905250       -0.004387205495219
         21.044293640593501        0.000000000458034        0.027553547711001       -0.027553547252966
         21.165237856918750        0.000000000383283        0.037105044797720       -0.037105044414437
         21.286182073243999        0.000000000325041        0.022898402550721       -0.022898402225680
         21.407126289569252        0.000000000405693       -0.002631010298507        0.002631010704200
         21.528070505894501        0.000000000486931       -0.029176499023452        0.029176499510383
         21.649014722219750        0.000000000381841       -0.036740397134301        0.036740397516142
         21.769958938545003        0.000000000304735       -0.025209915749849        0.025209916054584
         21.890903154870252        0.000000000407878        0.003430418017796       -0.003430417609918
         22.011847371195501        0.000000000471120        0.028182355265260       -0.028182354794140
         22.132791587520749        0.000000000371958        0.038957775757976       -0.038957775386019
         22.253735803846002        0.000000000299357        0.024977587700783       -0.024977587401426
         22.374680020171251        0.000000000380277       -0.001651268618291        0.001651268998567
         22.495624236496500        0.000000000454920       -0.029697600663984        0.029697601118904
         22.616568452821753        0.000000000362631       -0.038729413163874        0.038729413526505
         22.737512669147002        0.000000000300385       -0.027211949640459        0.027211949940844
         22.858456885472251        0.000000000370776        0.002204888073033       -0.002204887702258
         22.979401101797500        0.000000000410098        0.028941150731720       -0.028941150321622
         23.100345318122752        0.000000000357945        0.040763528423911       -0.040763528065966
         23.221289534448001        0.000000000330848        0.027404135186099       -0.027404134855251
         23.342233750773250        0.000000000362627       -0.000722195153546        0.000722195516174
         23.463177967098503        0.000000000377761       -0.030108520478735        0.030108520856496
         23.584122183423752        0.000000000370123       -0.041112158794244        0.041112159164367
         23.705066399749001        0.000000000387273       -0.029310744841567        0.029310745228839
         23.826010616074250        0.000000000382059        0.000700289594513       -0.000700289212453
         23.946954832399502        0.000000000356443        0.029970321416446       -0.029970321060003
         24.067899048724751        0.000000000400090        0.042745819154583       -0.042745818754493
         24.188843265050000        0.000000000472917        0.030270749373090       -0.030270748900173
         24.309787481375253        0.000000000424819        0.000237855500426       -0.000237855075607
         24.430731697700502        0.000000000352734       -0.030597378992818        0.030597379345552
         24.551675914025751        0.000000000448339       -0.043900114454544        0.043900114902882
         24.672620130351000        0.000000000565514       -0.031736999573373        0.031737000138888
         24.793564346676252        0.000000000485424       -0.000941763094152        0.000941763579576
         24.914508563001501        0.000000000377174        0.031113370678570       -0.031113370301396
         25.035452779326750        0.000000000500522        0.045132539230384       -0.045132538729862
         25.156396995652003        0.000000000665465        0.033390569932260       -0.033390569266796
         25.277341211977252        0.000000000550125        0.001465991424828       -0.001465990874703
         25.398285428302501        0.000000000409996       -0.031324219371811        0.031324219781808
         25.519229644627750        0.000000000558011       -0.046805916438452        0.046805916996463
         25.640173860953002        0.000000000726003       -0.034630638193338        0.034630638919341
         25.761118077278251        0.000000000613983       -0.002555059336742        0.002555059950725
         25.882062293603500        0.000000000469160        0.032076297456301       -0.032076296987141
         26.003006509928753        0.000000000601783        0.047893526219875       -0.047893525618092
         26.123950726254002        0.000000000774775        0.036498613040688       -0.036498612265913
         26.244894942579251        0.000000000661431        0.003081352935413       -0.003081352273981
         26.365839158904500        0.000000000531079       -0.032199573607505        0.032199574138585
         26.486783375229752        0.000000000648751       -0.049506261400175        0.049506262048926
         26.607727591555001        0.000000000771811       -0.037844020839417        0.037844021611228
         26.728671807880250        0.000000000696825       -0.004111375529552        0.004111376226377
         26.849616024205503        0.000000000618250        0.032652426997361       -0.032652426379111
         26.970560240530752        0.000000000686116        0.050722432538287       -0.050722431852171
         27.091504456856001        0.000000000753971        0.039402902469743       -0.039402901715773
         27.212448673181250        0.000000000720470        0.005022701619260       -0.005022700898790
         27.333392889506502        0.000000000707459       -0.032971141794256        0.032971142501716
         27.454337105831751        0.000000000727769       -0.051790688285522        0.051790689013292
         27.575281322157000        0.000000000715295       -0.041076101210575        0.041076101925870
         27.696225538482253        0.000000000730901       -0.005686140488039        0.005686141218940
         27.817169754807502        0.000000000799766        0.032802479964071       -0.032802479164305
         27.938113971132751        0.000000000770372        0.053262300266765       -0.053262299496394
         28.059058187458000        0.000000000667353        0.042074541428342       -0.042074540760989
         28.180002403783252        0.000000000731391        0.007108679601469       -0.007108678870078
         28.300946620108501        0.000000000889055       -0.033386371038737        0.033386371927792
         28.421890836433750        0.000000000802098       -0.053691975296597        0.053691976098695
         28.542835052759003        0.000000000629975       -0.044061243549853        0.044061244179828
         28.663779269084252        0.000000000729300       -0.007427359176132        0.007427359905432
         28.784723485409501        0.000000000933212        0.032682448888076       -0.032682447954864
         28.905667701734750        0.000000000830300        0.055327940942519       -0.055327940112218
         29.026611918060002        0.000000000595874        0.044678159068260       -0.044678158472386
         29.147556134385251        0.000000000708061        0.009169580793942       -0.009169580085882
         29.268500350710500        0.000000000966276       -0.033359255069636        0.033359256035912
         29.389444567035753        0.000000000831779       -0.055457265323376        0.055457266155155
         29.510388783361002        0.000000000587826       -0.046775519043684        0.046775519631510
         29.631332999686251        0.000000000703415       -0.009455336767756        0.009455337471170
         29.752277216011500        0.000000000931101        0.032521777117049       -0.032521776185948
         29.873221432336752        0.000000000823964        0.057054167664857       -0.057054166840893
         29.994165648662001        0.000000000601481        0.047480899382503       -0.047480898781022
         30.115109864987250        0.000000000693500        0.011172724563409       -0.011172723869908
         30.236054081312503        0.000000000889555       -0.033013450762388        0.033013451651943
         30.356998297637752        0.000000000798899       -0.057430922534876        0.057430923333775
         30.477942513963001        0.000000000655569       -0.049443070793334        0.049443071448903
         30.598886730288250        0.000000000718774       -0.011846894539523        0.011846895258297
         30.719830946613502        0.000000000815996        0.032526454511855       -0.032526453695859
         30.840775162938751        0.000000000778012        0.058772528626528       -0.058772527848516
         30.961719379264000        0.000000000745734        0.050754561106006       -0.050754560360271
         31.082663595589253        0.000000000771356        0.013212305990626       -0.013212305219270
         31.203607811914502        0.000000000756770       -0.032564165560851        0.032564166317621
         31.324552028239751        0.000000000766209       -0.059865362677838        0.059865363444046
         31.445496244565000        0.000000000868980       -0.052397084448734        0.052397085317714
         31.566440460890252        0.000000000861908       -0.014584692836523        0.014584693698431
         31.687384677215501        0.000000000717184        0.032712964043120       -0.032712963325935
         31.808328893540750        0.000000000772240        0.060840105626411       -0.060840104854171
         31.929273109866003        0.000000001020899        0.054539747060167       -0.054539746039268
         32.050217326191252        0.000000000971432        0.015517928026905       -0.015517927055473
         32.171161542516501        0.000000000708960       -0.032244994496728        0.032244995205688
         32.292105758841750        0.000000000798959       -0.062671340090367        0.062671340889326
         32.413049975166999        0.000000001148888       -0.055912574574388        0.055912575723276
         32.533994191492248        0.000000001098474       -0.017506358087925        0.017506359186400
         32.654938407817504        0.000000000735623        0.032852880080795       -0.032852879345172
         32.775882624142753        0.000000000840709        0.063401964573363       -0.063401963732654
         32.896826840468002        0.000000001280410        0.058594319071800       -0.058594317791391
         33.017771056793251        0.000000001192534        0.018264038734463       -0.018264037541928
         33.138715273118500        0.000000000797042       -0.032107556292974        0.032107557090016
         33.259659489443749        0.000000000904389       -0.065506255171728        0.065506256076117
         33.380603705768998        0.000000001329487       -0.059924466755434        0.059924468084920
         33.501547922094254        0.000000001275599       -0.020460089008229        0.020460090283828
         33.622492138419503        0.000000000890344        0.032688693871231       -0.032688692980886
         33.743436354744752        0.000000000978956        0.066207314633628       -0.066207313654673
         33.864380571070001        0.000000001366736        0.062565024950353       -0.062565023583617
         33.985324787395250        0.000000001300416        0.021401316479963       -0.021401315179547
         34.106269003720499        0.000000001007364       -0.031974460955884        0.031974461963248
         34.227213220045748        0.000000001081327       -0.067963445534006        0.067963446615334
         34.348157436371004        0.000000001327305       -0.064068855705550        0.064068857032854
         34.469101652696253        0.000000001296389       -0.023335439540876        0.023335440837265
         34.590045869021502        0.000000001149924        0.032037382312427       -0.032037381162503
         34.710990085346751        0.000000001193478        0.068820863726737       -0.068820862533259
         34.831934301672000        0.000000001276171        0.066119185084099       -0.066119183807928
         34.952878517997249        0.000000001258618        0.024743690018505       -0.024743688759887
         35.073822734322498        0.000000001292710       -0.031608869677844        0.031608870970554
         35.194766950647754        0.000000001317560       -0.069769719789906        0.069769721107465
         35.315711166973003        0.000000001208066       -0.067930380984882        0.067930382192948
         35.436655383298252        0.000000001198989       -0.026115974693136        0.026115975892125
         35.557599599623501        0.000000001422058        0.030905955824331       -0.030905954402273
         35.678543815948750        0.000000001440894        0.070863431723092       -0.070863430282198
         35.799488032273999        0.000000001134394        0.069186066807462       -0.069186065673068
         35.920432248599248        0.000000001134896        0.028040215500701       -0.028040214365806
         36.041376464924504        0.000000001532464       -0.030800064271716        0.030800065804181
         36.162320681249753        0.000000001527698       -0.071004537774671        0.071004539302369
         36.283264897575002        0.000000001095194       -0.071253344692307        0.071253345787501
         36.404209113900251        0.000000001086912       -0.028942444535827        0.028942445622740
         36.525153330225500        0.000000001569588        0.029506370643356       -0.029506369073768
         36.646097546550749        0.000000001590091        0.072231412083348       -0.072231410493257
         36.767041762875998        0.000000001065062        0.072010866596204       -0.072010865531142
         36.887985979201254        0.000000001049985        0.031163472796005       -0.031163471746019
         37.008930195526503        0.000000001585762       -0.029512874945828        0.029512876531589
         37.129874411851752        0.000000001582046       -0.072015457480477        0.072015459062523
         37.250818628177001        0.000000001088054       -0.074163081529097        0.074163082617151
         37.371762844502250        0.000000001071681       -0.031999483615023        0.031999484686705
         37.492707060827499        0.000000001519307        0.028069891620751       -0.028069890101444
         37.613651277152748        0.000000001539731        0.073206093756728       -0.073206092216997
         37.734595493478004        0.000000001138397        0.074997404537160       -0.074997403398763
         37.855539709803253        0.000000001129776        0.034223756119259       -0.034223754989484
         37.976483926128502        0.000000001450911       -0.027898041592127        0.027898043043038
         38.097428142453751        0.000000001447662       -0.073227036786462        0.073227038234124
         38.218372358779000        0.000000001240978       -0.077077110344334        0.077077111585312
         38.339316575104249        0.000000001258658       -0.035460214153452        0.035460215412110
         38.460260791429498        0.000000001360818        0.026742027929819       -0.026742026569001
         38.581205007754754        0.000000001345925        0.074229964396740       -0.074229963050815
         38.702149224080003        0.000000001378466        0.078515022227526       -0.078515020849060
         38.823093440405252        0.000000001436243        0.037466920201250       -0.037466918765007
         38.944037656730501        0.000000001297258       -0.026155493478738        0.026155494775997
         39.064981873055750        0.000000001248720       -0.074889353375492        0.074889354624212
         39.185926089380999        0.000000001532746       -0.080431714383937        0.080431715916683
         39.306870305706248        0.000000001652366       -0.039364963709421        0.039364965361787
         39.427814522031504        0.000000001271560        0.025459753668633       -0.025459752397072
         39.548758738356753        0.000000001177634        0.075649935356220       -0.075649934178586
         39.669702954682002        0.000000001708173        0.082594435080563       -0.082594433372390
         39.790647171007251        0.000000001864911        0.041156268308816       -0.041156266443905
         39.911591387332500        0.000000001287716       -0.024462962368228        0.024462963655945
         40.032535603657749        0.000000001154612       -0.076842748271948        0.076842749426560
         40.153479819982998        0.000000001828453       -0.084413977442956        0.084413979271409
         40.274424036308254        0.000000002056116       -0.043529959448584        0.043529961504700
         40.395368252633503        0.000000001351007        0.023974618908383       -0.023974617557376
         40.516312468958752        0.000000001179959        0.077478582529392       -0.077478581349433
         40.637256685284001        0.000000001950692        0.086870504781773       -0.086870502831082
         40.758200901609250        0.000000002165230        0.045345351893871       -0.045345349728640
         40.879145117934499        0.000000001446657       -0.022843785348608        0.022843786795265
         41.000089334259748        0.000000001279395       -0.078633884272432        0.078633885551826
         41.121033550585004        0.000000001973810       -0.088756739997692        0.088756741971502
         41.241977766910253        0.000000002204153       -0.047663219881761        0.047663222085914
         41.362921983235502        0.000000001579663        0.022062958449040       -0.022062956869378
         41.483866199560751        0.000000001428086        0.079337887647817       -0.079337886219731
         41.604810415886000        0.000000001994900        0.090796048898727       -0.090796046903827
         41.725754632211249        0.000000002148401        0.049795377594675       -0.049795375446275
         41.846698848536505        0.000000001713698       -0.021166230406526        0.021166232120224
         41.967643064861754        0.000000001646950       -0.079781355735424        0.079781357382374
         42.088587281187003        0.000000001949554       -0.092891614137070        0.092891616086623
         42.209531497512252        0.000000002019111       -0.051501251645944        0.051501253665056
         42.330475713837501        0.000000001864501        0.019660617154572       -0.019660615290072
         42.451419930162750        0.000000001891474        0.080698861363091       -0.080698859471618
         42.572364146487999        0.000000001902812        0.093956279767088       -0.093956277864277
         42.693308362813255        0.000000001851211        0.054103540295059       -0.054103538443848
         42.814252579138504        0.000000001992874       -0.019218476144040        0.019218478136913
         42.935196795463753        0.000000002137558       -0.080085513551390        0.080085515688948
         43.056141011789002        0.000000001857656       -0.096259064044933        0.096259065902589
         43.177085228114251        0.000000001672298       -0.054996626528193        0.054996628200491
         43.298029444439500        0.000000002078190        0.016933690661682       -0.016933688583492
         43.418973660764749        0.000000002365204        0.081166651418884       -0.081166649053680
         43.539917877090005        0.000000001812286        0.096338166520146       -0.096338164707860
         43.660862093415254        0.000000001505697        0.057940056099507       -0.057940054593810
         43.781806309740503        0.000000002152523       -0.016834708112603        0.016834710265126
         43.902750526065752        0.000000002495320       -0.079717141761954        0.079717144257275
         44.023694742391001        0.000000001799051       -0.098689834076028        0.098689835875079
         44.144638958716250        0.000000001427359       -0.058293662405529        0.058293663832887
         44.265583175041499        0.000000002126061        0.014084807658937       -0.014084805532876
         44.386527391366755        0.000000002560299        0.080807041100429       -0.080807038540130
         44.507471607692004        0.000000001795091        0.098239627328558       -0.098239625533466
         44.628415824017253        0.000000001386636        0.061367660572935       -0.061367659186299
         44.749360040342502        0.000000002119747       -0.014081883202644        0.014081885322391
         44.870304256667751        0.000000002487424       -0.079020232172172        0.079020234659596
         44.991248472993000        0.000000001817738       -0.100588123280364        0.100588125098103
         45.112192689318249        0.000000001489912       -0.061609025508201        0.061609026998113
         45.233136905643505        0.000000002031742        0.011194044494693       -0.011194042462951
         45.354081121968754        0.000000002347543        0.080095859032287       -0.080095856684744
         45.475025338294003        0.000000001860199        0.100136657595208       -0.100136655735009
         45.595969554619252        0.000000001650358        0.064751247799681       -0.064751246149323
         45.716913770944501        0.000000001990982       -0.011112912254519        0.011112914245502
         45.837857987269750        0.000000002126146       -0.078413344931058        0.078413347057204
         45.958802203594999        0.000000001919720       -0.102561051024622        0.102561052944342
         46.079746419920255        0.000000001920322       -0.065242391463529        0.065242393383852
         46.200690636245504        0.000000001952560        0.008298376658665       -0.008298374706105
         46.321634852570753        0.000000001890477        0.079490830268515       -0.079490828378039
         46.442579068896002        0.000000002004382        0.102499013180149       -0.102499011175767
         46.563523285221251        0.000000002236355        0.068431944449174       -0.068431942212819
         46.684467501546500        0.000000001956366       -0.008001664545159        0.008001666501525
         46.805411717871749        0.000000001682844       -0.078161502075244        0.078161503758088
         46.926355934197005        0.000000002082174       -0.105009440087887        0.105009442170061
         47.047300150522254        0.000000002550289       -0.069349918347930        0.069349920898220
         47.168244366847503        0.000000002026549        0.005332934177498       -0.005332932150949
         47.289188583172752        0.000000001518527        0.079203154614415       -0.079203153095889
         47.410132799498001        0.000000002182949        0.105374155703512       -0.105374153520563
         47.531077015823250        0.000000002842801        0.072578411792189       -0.072578408949388
         47.652021232148499        0.000000002091219       -0.004829164562755        0.004829166653974
         47.772965448473755        0.000000001473917       -0.078087359914286        0.078087361388203
         47.893909664799004        0.000000002239802       -0.107941852640122        0.107941854879924
         48.014853881124253        0.000000003010419       -0.073702232608398        0.073702235618817
         48.135798097449502        0.000000002225681        0.002125448222705       -0.002125445997024
         48.256742313774751        0.000000001499113        0.079117294790737       -0.079117293291624
         48.377686530100000        0.000000002319131        0.108283887825791       -0.108283885506660
         48.498630746425249        0.000000003093440        0.077037584243222       -0.077037581149783
         48.619574962750505        0.000000002295746       -0.001655925209854        0.001655927505599
         48.740519179075754        0.000000001675417       -0.077723750573319        0.077723752248736
         48.861463395401003        0.000000002350734       -0.110876533281127        0.110876535631861
         48.982407611726252        0.000000002997643       -0.077860007770588        0.077860010768231
         49.103351828051501        0.000000002409093       -0.001360520256961        0.001360522666054
         49.224296044376750        0.000000001912400        0.078762480057898       -0.078762478145498
         49.345240260701999        0.000000002401929        0.110617101500878       -0.110617099098949
         49.466184477027255        0.000000002831381        0.081272462941701       -0.081272460110321
         49.587128693352504        0.000000002439141        0.001600406724897       -0.001600404285756
         49.708072909677753        0.000000002239658       -0.076725829443739        0.076725831683396
         49.829017126003002        0.000000002441674       -0.113023310859494        0.113023313301168
         49.949961342328251        0.000000002548265       -0.081509418132692        0.081509420680957
         50.070905558653500        0.000000002463340       -0.004904193398955        0.004904195862295
         50.191849774978749        0.000000002584487        0.077552763606038       -0.077552761021551
         50.312793991304005        0.000000002487109        0.112029399927761       -0.112029397440653
         50.433738207629254        0.000000002249956        0.084666014206454       -0.084666011956498
         50.554682423954503        0.000000002452488        0.005083391629185       -0.005083389176697
         50.675626640279752        0.000000002888191       -0.075033195525092        0.075033198413283
         50.796570856605001        0.000000002529712       -0.113833720097968        0.113833722627680
         50.917515072930250        0.000000001987582       -0.084536966975674        0.084536968963256
         51.038459289255499        0.000000002380771       -0.008295277373167        0.008295279753938
         51.159403505580755        0.000000003128610        0.075296768393924       -0.075296765265314
         51.280347721906004        0.000000002568292        0.112461278276205       -0.112461275707913
         51.401291938231253        0.000000001749218        0.087085811118264       -0.087085809369046
         51.522236154556502        0.000000002340780        0.008714827075490       -0.008714824734711
         51.643180370881751        0.000000003229898       -0.072695677106059        0.072695680335957
         51.764124587207000        0.000000002565673       -0.113514658258725        0.113514660824398
         51.885068803532249        0.000000001672387       -0.086926235701989        0.086926237374376
         52.006013019857505        0.000000002240380       -0.011619289006567        0.011619291246947
         52.126957236182754        0.000000003201098        0.072417813581454       -0.072417810380356
         52.247901452508003        0.000000002553322        0.112094527762981       -0.112094525209659
         52.368845668833252        0.000000001646595        0.089004135903402       -0.089004134256807
         52.489789885158501        0.000000002211785        0.012265148831676       -0.012265146619891
         52.610734101483750        0.000000003034633       -0.069891530723945        0.069891533758578
         52.731678317808999        0.000000002482134       -0.112809420837492        0.112809423319627
         52.852622534134255        0.000000001798400       -0.088909160729606        0.088909162528006
         52.973566750459504        0.000000002176367       -0.015053652993223        0.015053655169590
         53.094510966784753        0.000000002769788        0.069508725180425       -0.069508722410636
         53.215455183110002        0.000000002406533        0.111444843349327       -0.111444840942794
         53.336399399435251        0.000000002008507        0.091015668790497       -0.091015666781989
         53.457343615760500        0.000000002225297        0.015697297973758       -0.015697295748461
         53.578287832085749        0.000000002456221       -0.067004172062775        0.067004174518996
         53.699232048411005        0.000000002302756       -0.112378800066458        0.112378802369214
         53.820176264736254        0.000000002311546       -0.090969382196225        0.090969384507771
         53.941120481061503        0.000000002318051       -0.018636834828651        0.018636837146703
         54.062064697386752        0.000000002147360        0.066880358613451       -0.066880356466091
         54.183008913712001        0.000000002218092        0.111101525033839       -0.111101522815748
         54.303953130037250        0.000000002643505        0.093427398810419       -0.093427396166914
         54.424897346362499        0.000000002448464        0.019177348805787       -0.019177346357322
         54.545841562687755        0.000000001905888       -0.064369102287378        0.064369104193267
         54.666785779013004        0.000000002147321       -0.112426636957858        0.112426639105178
         54.787729995338253        0.000000002918978       -0.093452275896729        0.093452278815707
         54.908674211663502        0.000000002629385       -0.022295732214399        0.022295734843784
         55.029618427988751        0.000000001745198        0.064474002136883       -0.064474000391685
         55.150562644314000        0.000000002115702        0.111247467970878       -0.111247465855176
         55.271506860639249        0.000000003171298        0.096136165153447       -0.096136161982150
         55.392451076964505        0.000000002745665        0.022825953698688       -0.022825950953024
         55.513395293289754        0.000000001720283       -0.061988962585594        0.061988964305878
         55.634339509615003        0.000000002126947       -0.112653098915503        0.112653101042450
         55.755283725940252        0.000000003237787       -0.096232713606737        0.096232716844525
         55.876227942265501        0.000000002873644       -0.025906233794352        0.025906236667996
         55.997172158590750        0.000000001793906        0.061976675124617       -0.061976673330711
         56.118116374915999        0.000000002178588        0.111517762637435       -0.111517760458847
         56.239060591241255        0.000000003251506        0.098665791915732       -0.098665788664226
         56.360004807566504        0.000000002872315        0.026609357029399       -0.026609354157084
         56.480949023891753        0.000000001980697       -0.059607240007687        0.059607241988384
         56.601893240217002        0.000000002289236       -0.112395542529241        0.112395544818476
         56.722837456542251        0.000000003070653       -0.098841793628206        0.098841796698859
         56.843781672867500        0.000000002831752       -0.029243776778596        0.029243779610348
         56.964725889192749        0.000000002239606        0.058965728422981       -0.058965726183375
         57.085670105518005        0.000000002422219        0.111330338305048       -0.111330335882829
         57.206614321843254        0.000000002850204        0.100367320985557       -0.100367318135353
         57.327558538168503        0.000000002697576        0.030397618340189       -0.030397615642612
         57.448502754493752        0.000000002519497       -0.056950219100799        0.056950221620296
         57.569446970819001        0.000000002586415       -0.111023512131604        0.111023514718019
         57.690391187144250        0.000000002553069       -0.100753668718997        0.100753671272066
         57.811335403469499        0.000000002509605       -0.032126112189338        0.032126114698943
         57.932279619794755        0.000000002784933        0.055242336071932       -0.055242333286999
         58.053223836120004        0.000000002746029        0.110169978933179       -0.110169976187150
         58.174168052445253        0.000000002255556        0.100919140839650       -0.100919138584094
         58.295112268770502        0.000000002300740        0.033909845215756       -0.033909842915016
         58.416056485095751        0.000000002995388       -0.053763231385207        0.053763234380595
         58.537000701421000        0.000000002853268       -0.108465444462661        0.108465447315929
         58.657944917746249        0.000000002007793       -0.101562385401850        0.101562387409643
         58.778889134071505        0.000000002101031       -0.034652446037714        0.034652448138745
         58.899833350396754        0.000000003066669        0.051056237752752       -0.051056234686083
         59.020777566722003        0.000000002920175        0.107814935673029       -0.107814932752854
         59.141721783047252        0.000000001816642        0.100566015142870       -0.100566013326228
         59.262665999372501        0.000000001912011        0.036881220850373       -0.036881218938362
         59.383610215697750        0.000000003072846       -0.049986254634168        0.049986257707014
         59.504554432022999        0.000000002871726       -0.105177896561275        0.105177899433002
         59.625498648348255        0.000000001714254       -0.101327811230597        0.101327812944850
         59.746442864673504        0.000000001822880       -0.037025515292735        0.037025517115615
         59.867387080998753        0.000000002892556        0.046797831051477       -0.046797828158921
         59.988331297324002        0.000000002759012        0.104626207354158       -0.104626204595145
         60.109275513649251        0.000000001705568        0.099818476089934       -0.099818474384366
         60.230219729974500        0.000000001760917        0.039383393587589       -0.039383391826672
         60.351163946299749        0.000000002689567       -0.045914308565196        0.045914311254763
         60.472108162625005        0.000000002550729       -0.101768419097815        0.101768421648543
         60.593052378950254        0.000000001767110       -0.100623079348115        0.100623081115226
         60.713996595275503        0.000000001827145       -0.039399659788941        0.039399661616087
         60.834940811600752        0.000000002386899        0.042759459307200       -0.042759456920301
         60.955885027926001        0.000000002310089        0.101300840814722       -0.101300838504633
         61.076829244251250        0.000000001905802        0.099221123391757       -0.099221121485955
         61.197773460576499        0.000000001942092        0.041688130814196       -0.041688128872104
         61.318717676901755        0.000000002123437       -0.041904747512133        0.041904749635570
         61.439661893227004        0.000000002059163       -0.098764186998114        0.098764189057276
         61.560606109552253        0.000000002073739       -0.100058291381287        0.100058293455026
         61.681550325877502        0.000000002127787       -0.041908575101764        0.041908577229551
         61.802494542202751        0.000000001899602        0.039084084076010       -0.039084082176409
         61.923438758528000        0.000000001837768        0.098358821625354       -0.098358819787586
         62.044382974853249        0.000000002263586        0.099089688580980       -0.099089686317394
         62.165327191178505        0.000000002344093        0.044038012407897       -0.044038010063804
         62.286271407503754        0.000000001744291       -0.038162207048241        0.038162208792532
         62.407215623829003        0.000000001692217       -0.096290939919302        0.096290941611519
         62.528159840154252        0.000000002415884       -0.099930855447967        0.099930857863851
         62.649104056479501        0.000000002524640       -0.044502475650760        0.044502478175400
         62.770048272804750        0.000000001707623        0.035641332728726       -0.035641331021103
         62.890992489129999        0.000000001607705        0.095921011789569       -0.095921010181864
         63.011936705455255        0.000000002533793        0.099225566242907       -0.099225563709114
         63.132880921780504        0.000000002672443        0.046546368678434       -0.046546366005990
         63.253825138105753        0.000000001713432       -0.034733525061817        0.034733526775249
         63.374769354431002        0.000000001637654       -0.093960435889129        0.093960437526783
         63.495713570756251        0.000000002560060       -0.100090988264356        0.100090990824415
         63.616657787081500        0.000000002695716       -0.046914477774262        0.046914480469979
         63.737602003406749        0.000000001832326        0.032147498083880       -0.032147496251555
         63.858546219732006        0.000000001717936        0.093668432771478       -0.093668431053543
         63.979490436057254        0.000000002527944        0.099074990618348       -0.099074988090404
         64.100434652382503        0.000000002653478        0.049058200916999       -0.049058198263521
         64.221378868707745        0.000000001939613       -0.031474127797539        0.031474129737152
         64.342323085033001        0.000000001887619       -0.091224759838715        0.091224761726334
         64.463267301358258        0.000000002420086       -0.099979332623969        0.099979335044055
         64.584211517683499        0.000000002474357       -0.048888385946884        0.048888388421242
         64.705155734008756        0.000000002095512        0.028467445515054       -0.028467443419541
         64.826099950333997        0.000000002074415        0.091000618111352       -0.091000616036937
         64.947044166659254        0.000000002267804        0.098172916251570       -0.098172913983766
         65.067988382984495        0.000000002253506        0.051164656536847       -0.051164654283341
         65.188932599309751        0.000000002207756       -0.028101439901849        0.028101442109605
         65.309876815635008        0.000000002264093       -0.087800186587360        0.087800188851454
         65.430821031960249        0.000000002094306       -0.098949150167815        0.098949152262122
         65.551765248285506        0.000000001980880       -0.050361244134853        0.050361246115733
         65.672709464610747        0.000000002266361        0.024718086297260       -0.024718084030899
         65.793653680936004        0.000000002420220        0.087433408331359       -0.087433405911139
         65.914597897261245        0.000000001921252        0.096402947106816       -0.096402945185565
         66.035542113586502        0.000000001691627        0.052516566069473       -0.052516564377846
         66.156486329911758        0.000000002289295       -0.024449551800363        0.024449554089659
         66.277430546236999        0.000000002488842       -0.083736051395906        0.083736053884748
         66.398374762562256        0.000000001746036       -0.096788727094659        0.096788728840695
         66.519318978887497        0.000000001475003       -0.051364897161237        0.051364898636239
         66.640263195212754        0.000000002186289        0.021028014415793       -0.021028012229504
         66.761207411537995        0.000000002468598        0.083052247885320       -0.083052245416722
         66.882151627863252        0.000000001618569        0.093896565134833       -0.093896563516264
         67.003095844188508        0.000000001255784        0.053210589006847       -0.053210587751064
         67.124040060513749        0.000000002074927       -0.020707000346845        0.020707002421771
         67.244984276839006        0.000000002335994       -0.079242176756948        0.079242179092942
         67.365928493164247        0.000000001482671       -0.093953931669987        0.093953933152658
         67.486872709489504        0.000000001178397       -0.051945120682971        0.051945121861368
         67.607816925814745        0.000000001856465        0.017409168205160       -0.017409166348696
         67.728761142140002        0.000000002116595        0.078448130250137       -0.078448128133542
         67.849705358465258        0.000000001412671        0.091001353688054       -0.091001352275383
         67.970649574790500        0.000000001121272        0.053659448451843       -0.053659447330571
         68.091593791115756        0.000000001675064       -0.017171825780725        0.017171827455789
         68.212538007440997        0.000000001839320       -0.074707670823466        0.074707672662787
         68.333482223766254        0.000000001346491       -0.091127974370916        0.091127975717407
         68.454426440091495        0.000000001195526       -0.052332736181917        0.052332737377443
         68.575370656416752        0.000000001475084        0.013939988719901       -0.013939987244816
         68.696314872742008        0.000000001551946        0.074164376638696       -0.074164375086750
         68.817259089067250        0.000000001341121        0.088269222273937       -0.088269220932816
         68.938203305392506        0.000000001309914        0.054171502125347       -0.054171500815432
         69.059147521717748        0.000000001347368       -0.013916661545674        0.013916662893042
         69.180091738043004        0.000000001302147       -0.070599743199421        0.070599744501567
         69.301035954368245        0.000000001358787       -0.088716015396167        0.088716016754953
         69.421980170693502        0.000000001476562       -0.052866612891857        0.052866614368419
         69.542924387018758        0.000000001288138        0.010756627000107       -0.010756625711969
         69.663868603344000        0.000000001114234        0.070385685748422       -0.070385684634188
         69.784812819669256        0.000000001410599        0.086085618244918       -0.086085616834318
         69.905757035994498        0.000000001671918        0.054828775458023       -0.054828773786106
         70.026701252319754        0.000000001273327       -0.010867272734587        0.010867274007915
         70.147645468644996        0.000000001030348       -0.067074951916248        0.067074952946596
         70.268589684970252        0.000000001476877       -0.086751754109390        0.086751755586266
         70.389533901295508        0.000000001805777       -0.053618254548999        0.053618256354775
         70.510478117620750        0.000000001350312        0.007836345549198       -0.007836344198886
         70.631422333946006        0.000000001015065        0.067022693781088       -0.067022692766023
         70.752366550271248        0.000000001537177        0.084295047046690       -0.084295045509513
         70.873310766596504        0.000000001928532        0.055570329439313       -0.055570327510781
         70.994254982921746        0.000000001401880       -0.008007938684462        0.008007940086342
         71.115199199247002        0.000000001102868       -0.063831680928953        0.063831682031822
         71.236143415572258        0.000000001587940       -0.084972885276859        0.084972886864799
         71.357087631897500        0.000000001917904       -0.054311038469883        0.054311040387787
         71.478031848222756        0.000000001508329        0.005049825583544       -0.005049824075215
         71.598976064547998        0.000000001222665        0.063784208177562       -0.063784206954896
         71.719920280873254        0.000000001605455        0.082401933959528       -0.082401932354073
         71.840864497198496        0.000000001873911        0.056138990154215       -0.056138988280304
         71.961808713523752        0.000000001546199       -0.005303344500673        0.005303346046872
         72.082752929849008        0.000000001386345       -0.060483054034273        0.060483055420618
         72.203697146174250        0.000000001605514       -0.082874067951896        0.082874069557411
         72.324641362499506        0.000000001715803       -0.054655480971363        0.054655482687167
         72.445585578824748        0.000000001578209        0.002412913915879       -0.002412912337670
         72.566529795150004        0.000000001537839        0.060253500967266       -0.060253499429427
