#  GS molecular orbital populations, spin channel : 1
#          time (fs)            |   population (orb 1)       |    population (orb 2)      |           ...              |    population (orb N)      |
          0.118525331998745            1.998023374778674            0.002013854287981  
          0.239469548323995            1.994286628165671            0.005752646368139  
          0.360413764649245            1.998468911019107            0.001571713620872  
          0.481357980974495            2.000033321584370            0.000007923049024  
          0.602302197299745            1.997585440518327            0.002454562190655  
          0.723246413624995            1.993967932233798            0.006072652830613  
          0.844190629950245            1.998381521690567            0.001658741465680  
          0.965134846275495            2.000001801299900            0.000037639207133  
          1.086079062600745            1.997584865934250            0.002451816565220  
          1.207023278925995            1.993720988866306            0.006314622452355  
          1.327967495251245            1.997513774631038            0.002520078698290  
          1.448911711576495            1.999513768488493            0.000518194010391  
          1.569855927901745            1.998086581684547            0.001941478064381  
          1.690800144226995            1.994083532701740            0.005941911614936  
          1.811744360552245            1.995852639918929            0.004169973729363  
          1.932688576877495            1.998059288948497            0.001960771346959  
          2.053632793202745            1.999052496543998            0.000963007356905  
          2.174577009527995            1.995758229120664            0.004253552644419  
          2.295521225853245            1.994391262088079            0.005617005022697  
          2.416465442178495            1.996139577461379            0.003865853860420  
          2.537409658503745            1.999931615072186            0.000069166365476  
          2.658353874828995            1.998296714536724            0.001699859989069  
          2.779298091154245            1.994253934496099            0.005738826876826  
          2.900242307479495            1.994762032721352            0.005228084916907  
          3.021186523804745            1.999546770568146            0.000439139072496  
          3.142130740129995            1.999834555205346            0.000147269987202  
          3.263074956455245            1.995176387500438            0.004801730908529  
          3.384019172780495            1.994372873500169            0.005603330854161  
          3.504963389105745            1.997912470359204            0.002060405550585  
          3.625907605430995            1.999809954454585            0.000159556212635  
          3.746851821756245            1.996387301576519            0.003579092120884  
          3.867796038081495            1.994879692624403            0.005085932447699  
          3.988740254406745            1.996451700557893            0.003511823585980  
          4.109684470731995            1.999338979504483            0.000622455621157  
          4.230628687057245            1.997328354148095            0.002631069579283  
          4.351572903382495            1.995628399774168            0.004331658158078  
          4.472517119707745            1.995901430402681            0.004057998377263  
          4.593461336032996            1.999169320254781            0.000789619020405  
          4.714405552358246            1.997661201331697            0.002297266878919  
          4.835349768683495            1.996050454052023            0.003910185299741  
          4.956293985008745            1.996155876254034            0.003805687938382  
          5.077238201333995            1.999307288074653            0.000655386720324  
          5.198182417659245            1.997310243808217            0.002653738426864  
          5.319126633984495            1.996179175057859            0.003788408471321  
          5.440070850309746            1.997065329230806            0.002904595621051  
          5.561015066634996            1.999452783849886            0.000519603913411  
          5.681959282960245            1.996412185838930            0.003563201127403  
          5.802903499285495            1.996499552733151            0.003480415414595  
          5.923847715610745            1.998451714543383            0.001531665184819  
          6.044791931935995            1.999242339835769            0.000744395923056  
          6.165736148261245            1.995447393198302            0.004543547327482  
          6.286680364586495            1.997417988043534            0.002577838973059  
          6.407624580911745            1.999680116105675            0.000319624534957  
          6.528568797236995            1.998482391587467            0.001520903103268  
          6.649513013562244            1.995012302208765            0.004995693693994  
          6.770457229887494            1.998614991381980            0.001397502640594  
          6.891401446212745            1.999952882270038            0.000063236198242  
          7.012345662537995            1.997407135720212            0.002611985178414  
          7.133289878863245            1.995239490619119            0.004784132023375  
          7.254234095188495            1.999432814772348            0.000594245204543  
          7.375178311513745            1.999351537816352            0.000678080022636  
          7.496122527838994            1.996507139661754            0.003524387071758  
          7.617066744164244            1.995750222028929            0.004284950416999  
          7.738010960489495            1.999749143275695            0.000287884314912  
          7.858955176814745            1.998681361911327            0.001356679924996  
          7.979899393139995            1.995922183996664            0.004116370183046  
          8.100843609465246            1.996055595304237            0.003985222853832  
          8.221787825790495            1.999863157700382            0.000177776808873  
          8.342732042115745            1.998529506249449            0.001510758813774  
          8.463676258440994            1.995478679180368            0.004560579749800  
          8.584620474766245            1.995910809559088            0.004129081260813  
          8.705564691091494            1.999963600238453            0.000074868746824  
          8.826508907416745            1.999026952068232            0.001009323539609  
          8.947453123741996            1.995202375715943            0.004831437460465  
          9.068397340067245            1.995377624734447            0.004655218791412  
          9.189341556392495            1.999728695150220            0.000301599995151  
          9.310285772717744            1.999778899708753            0.000248105091219  
          9.431229989042995            1.995416385919565            0.004606938937172  
          9.552174205368244            1.994774346624973            0.005246673484181  
          9.673118421693495            1.998399536239737            0.001618263306298  
          9.794062638018746            1.999911641670585            0.000102314700012  
          9.915006854343995            1.996420771827558            0.003588681295733  
         10.035951070669245            1.994783161292933            0.005223139415202  
         10.156895286994494            1.996076945060004            0.003925866547108  
         10.277839503319745            1.999144110695855            0.000854841784576  
         10.398783719644994            1.998140768573986            0.001853386329700  
         10.519727935970245            1.996031249379537            0.003959486137656  
         10.640672152295496            1.994284123055108            0.005703249903651  
         10.761616368620745            1.998157746423047            0.001826313768238  
         10.882560584945995            1.999630350915608            0.000349198140047  
         11.003504801271244            1.997797849911021            0.002178522203843  
         11.124449017596495            1.993853763327095            0.006119815769206  
         11.245393233921744            1.997396173159697            0.002575185246683  
         11.366337450246995            1.999947116906973            0.000020544843032  
         11.487281666572246            1.998858275832206            0.001106919043770  
         11.608225882897495            1.994257814776798            0.005705625346731  
         11.729170099222745            1.997005272328024            0.002957402258000  
         11.850114315547994            1.999557612704175            0.000402627329764  
         11.971058531873245            1.999117854410642            0.000841104443189  
         12.092002748198494            1.994791699020766            0.005166972350866  
         12.212946964523745            1.997054708674921            0.002904761227041  
         12.333891180848996            1.999362692605800            0.000595923508560  
         12.454835397174245            1.998969012738697            0.000989867130876  
         12.575779613499495            1.995082640510890            0.004877688267362  
         12.696723829824744            1.997510805861781            0.002451754496690  
         12.817668046149995            1.999608634607044            0.000354762871075  
         12.938612262475244            1.998535640156105            0.001429667710072  
         13.059556478800495            1.995194958641332            0.004773485465404  
         13.180500695125746            1.998337548029950            0.001634217189263  
         13.301444911450995            1.999906541977666            0.000067620324271  
         13.422389127776245            1.997792059170258            0.002185424726370  
         13.543333344101494            1.995516711884031            0.004465165292344  
         13.664277560426745            1.999237392288319            0.000748409943730  
         13.785221776751994            1.999550448731565            0.000438873563084  
         13.906165993077245            1.996926976027140            0.003066485290841  
         14.027110209402496            1.996350675711607            0.003647770038497  
         14.148054425727745            1.999577426613399            0.000424962368901  
         14.268998642052996            1.998330340441772            0.001675942181651  
         14.389942858378244            1.996499210209116            0.003511278442156  
         14.510887074703495            1.997576676327625            0.002438628827722  
         14.631831291028744            1.999140542860106            0.000878034408006  
         14.752775507353995            1.997020217389325            0.003001819468663  
         14.873719723679246            1.996823669308871            0.003201967470096  
         14.994663940004495            1.998703042283762            0.001326421770615  
         15.115608156329746            1.998348913207470            0.001682552083792  
         15.236552372654995            1.996289870749919            0.003744012313151  
         15.357496588980245            1.997422230799520            0.002614107160599  
         15.478440805305494            1.999335661804152            0.000702884153664  
         15.599385021630745            1.997655475937470            0.002383498879527  
         15.720329237955996            1.996035654660424            0.004004285603799  
         15.841273454281245            1.997668520413531            0.002372405483715  
         15.962217670606496            1.999512453264853            0.000528874637400  
         16.083161886931745            1.997324543921810            0.002715601537192  
         16.204106103256994            1.995956521907936            0.004082919347595  
         16.325050319582246            1.997269107606651            0.002769816410946  
         16.445994535907495            1.999387079832285            0.000650643811673  
         16.566938752232744            1.997561868029166            0.002473219069890  
         16.687882968557997            1.996053310555642            0.003979468932698  
         16.808827184883246            1.996240986030598            0.003789964205134  
         16.929771401208495            1.999005075137560            0.001023478238202  
         17.050715617533744            1.998502034900439            0.001522780588429  
         17.171659833858996            1.996669957518310            0.003351312022457  
         17.292604050184245            1.995094876372308            0.004923544995920  
         17.413548266509494            1.998405259858197            0.001610042312757  
         17.534492482834747            1.999693788167540            0.000317180356903  
         17.655436699159996            1.997871698503076            0.002135029992096  
         17.776380915485245            1.994581424688618            0.005421820570782  
         17.897325131810494            1.997547266541173            0.002452670299812  
         18.018269348135746            1.999898679496674            0.000096868676859  
         18.139213564460995            1.998908358470528            0.001082814047164  
         18.260157780786244            1.994959217649981            0.005028334742041  
         18.381101997111497            1.996593410401941            0.003391198093553  
         18.502046213436746            1.998727759093446            0.001252913427966  
         18.622990429761995            1.999306724982816            0.000669979550740  
         18.743934646087244            1.996021886134629            0.003951623376857  
         18.864878862412496            1.996126741743109            0.003844656457451  
         18.985823078737745            1.997375487283260            0.002592936137490  
         19.106767295062994            1.999394945871440            0.000570458401080  
         19.227711511388247            1.997192176577163            0.002770998714350  
         19.348655727713496            1.996211671038525            0.003750568466085  
         19.469599944038745            1.996751648195396            0.003209020614477  
         19.590544160363994            1.999423148206712            0.000535873028439  
         19.711488376689246            1.997866362017310            0.002091870437347  
         19.832432593014495            1.996404612717059            0.003554112720289  
         19.953376809339744            1.996845340753898            0.003113459544872  
         20.074321025664997            1.999393038771283            0.000565694699342  
         20.195265241990246            1.997879095201474            0.002080625466051  
         20.316209458315495            1.996531594315949            0.003430141806599  
         20.437153674640744            1.997437276622315            0.002526141527151  
         20.558097890965996            1.999166971686388            0.000797957202274  
         20.679042107291245            1.997362272280706            0.002605462870645  
         20.799986323616494            1.996838879287566            0.003132198984334  
         20.920930539941747            1.998371550227309            0.001602535319077  
         21.041874756266996            1.998561252532274            0.001415712643198  
         21.162818972592245            1.996738829451118            0.003242371933483  
         21.283763188917494            1.997705540721059            0.002279841657822  
         21.404707405242746            1.999327801457651            0.000661425889676  
         21.525651621567995            1.997652718782912            0.002340268436120  
         21.646595837893244            1.996649387654150            0.003348525865716  
         21.767540054218497            1.998947711528123            0.001054565314584  
         21.888484270543746            1.999660244366284            0.000345991331056  
         22.009428486868995            1.996788499720617            0.003221675461891  
         22.130372703194244            1.997207187831117            0.002807804204605  
         22.251316919519496            1.999685761405159            0.000333038129268  
         22.372261135844745            1.999073121719556            0.000948923270743  
         22.493205352169994            1.996289752830519            0.003735749413426  
         22.614149568495247            1.997942276652092            0.002087180480856  
         22.735093784820496            1.999610671618523            0.000421346194107  
         22.856038001145745            1.998182060522391            0.001851872373228  
         22.976982217470994            1.996188710916514            0.003847669509282  
         23.097926433796246            1.998498972342282            0.001539870133181  
         23.218870650121495            1.999260487024709            0.000779266934804  
         23.339814866446744            1.997603689525275            0.002436352318542  
         23.460759082771997            1.996144173301031            0.003896934194745  
         23.581703299097246            1.998790847190107            0.001250945212024  
         23.702647515422495            1.999154653678555            0.000886350272948  
         23.823591731747744            1.997450796673048            0.002588828188188  
         23.944535948072996            1.995861696071164            0.004177463416473  
         24.065480164398245            1.998858892195752            0.001179275461238  
         24.186424380723494            1.999468950081012            0.000566947316734  
         24.307368597048747            1.997707357758405            0.002325694182273  
         24.428312813373996            1.995415443128548            0.004615700350954  
         24.549257029699245            1.998666378047719            0.001362449089426  
         24.670201246024494            1.999912143449219            0.000113349140980  
         24.791145462349750            1.998286846366284            0.001734739718392  
         24.912089678674999            1.995162013067639            0.004856512077054  
         25.033033895000248            1.997999046179339            0.002016316795194  
         25.153978111325497            1.999707245527492            0.000304220888608  
         25.274922327650749            1.998841306561658            0.001165694285372  
         25.395866543975998            1.995486679452633            0.004516576525499  
         25.516810760301247            1.996945112209291            0.003054676777570  
         25.637754976626500            1.998564846210152            0.001430981754205  
         25.758699192951749            1.999175670992614            0.000815671160209  
         25.879643409276998            1.996594094313719            0.003393395183401  
         26.000587625602247            1.996258396554109            0.003725859072442  
         26.121531841927499            1.997347072516588            0.002633680444499  
         26.242476058252748            1.999408750047250            0.000568063084782  
         26.363420274577997            1.998026155711782            0.001947269704326  
         26.484364490903250            1.996271911901487            0.003698990555444  
         26.605308707228499            1.996758687570628            0.003209715306880  
         26.726252923553748            1.999501171361700            0.000464346979923  
         26.847197139878997            1.998976737784781            0.000986380524712  
         26.968141356204249            1.996515385704025            0.003446345566198  
         27.089085572529498            1.996723006095440            0.003237669883861  
         27.210029788854747            1.999488188217543            0.000471016419161  
         27.330974005180000            1.999267521151525            0.000690738838636  
         27.451918221505249            1.996615178486504            0.003343192661981  
         27.572862437830498            1.997008728060674            0.002950243000019  
         27.693806654155747            1.999523002729541            0.000436078020394  
         27.814750870480999            1.999102980234982            0.000856928631898  
         27.935695086806248            1.996558082092067            0.003403601483765  
         28.056639303131497            1.997513801314477            0.002450052034444  
         28.177583519456750            1.999506821924931            0.000458697152157  
         28.298527735781999            1.998520210346939            0.001447934766879  
         28.419471952107248            1.996572278960953            0.003399133863276  
         28.540416168432497            1.998168455325280            0.001806354010258  
         28.661360384757749            1.999080116387050            0.000897686569296  
         28.782304601082998            1.997627419323883            0.002354415617514  
         28.903248817408247            1.997070442412305            0.002915646250041  
         29.024193033733500            1.998818133573989            0.001172049161250  
         29.145137250058749            1.998180129236759            0.001813881464508  
         29.266081466383998            1.997068335197219            0.002930356532888  
         29.387025682709247            1.998232447664606            0.001770787178096  
         29.507969899034499            1.999204206292686            0.000803098972341  
         29.628914115359748            1.997298976799879            0.002712289866641  
         29.749858331684997            1.997332567932923            0.002683197360414  
         29.870802548010250            1.999383070459686            0.000636735632281  
         29.991746764335499            1.999042293146873            0.000980754116969  
         30.112690980660748            1.996777353391913            0.003249121703895  
         30.233635196985997            1.997985128807421            0.002044935113474  
         30.354579413311249            1.999806508235904            0.000226347925527  
         30.475523629636498            1.998492139641870            0.001542541218679  
         30.596467845961747            1.996573114424371            0.003463932499065  
         30.717412062287000            1.998503941129978            0.001535211049938  
         30.838356278612249            1.999743023088735            0.000297230302175  
         30.959300494937498            1.998007608289809            0.002032800580225  
         31.080244711262747            1.996483268948618            0.003558070238247  
         31.201188927587999            1.998775069766968            0.001266627499934  
         31.322133143913248            1.999721919860031            0.000319140105120  
         31.443077360238497            1.997795229534186            0.002244328830341  
         31.564021576563750            1.996335223803869            0.003703679585051  
         31.684965792888999            1.998794483222528            0.001243127207740  
         31.805910009214248            1.999869961908609            0.000165526320179  
         31.926854225539497            1.997867434662338            0.002165126694960  
         32.047798441864749            1.996146167156193            0.003884262855698  
         32.168742658189998            1.998419321525717            0.001608521551265  
         32.289686874515247            1.999799106774060            0.000225564227107  
         32.410631090840496            1.998157839831757            0.001862883243175  
         32.531575307165745            1.996126612291572            0.003890846958915  
         32.652519523491002            1.997543825331795            0.002470238593593  
         32.773463739816250            1.999055034706839            0.000955297842324  
         32.894407956141499            1.998607793984114            0.001398068305045  
         33.015352172466748            1.996644780787773            0.003357213323782  
         33.136296388791997            1.996652567821912            0.003345750267797  
         33.257240605117246            1.997954674947874            0.002039871772771  
         33.378184821442495            1.999200287636033            0.000789819543844  
         33.499129037767752            1.997766687191551            0.002219548904125  
         33.620073254093001            1.996394132217986            0.003588670313231  
         33.741017470418250            1.997192187619877            0.002787378951111  
         33.861961686743498            1.999622627020431            0.000353089537751  
         33.982905903068747            1.998807806132589            0.001164597966195  
         34.103850119393996            1.996609750262631            0.003359963497172  
         34.224794335719245            1.996912140203727            0.003055425465202  
         34.345738552044502            1.999634700307369            0.000330092839905  
         34.466682768369751            1.999248332099173            0.000714218709283  
         34.587626984695000            1.996835111219464            0.003125967917892  
         34.708571201020249            1.996967555228655            0.002992863396627  
         34.829515417345497            1.999524752785748            0.000434331225983  
         34.950459633670746            1.999251673910354            0.000706683617513  
         35.071403849995995            1.996899753390056            0.003058730327588  
         35.192348066321252            1.997258916507002            0.002700551155508  
         35.313292282646501            1.999581665873177            0.000378085084001  
         35.434236498971750            1.999026960259384            0.000933845201321  
         35.555180715296999            1.996843043265497            0.003119621718740  
         35.676124931622248            1.997753716314231            0.002211444403994  
         35.797069147947497            1.999660347853156            0.000306687769731  
         35.918013364272745            1.998525977575842            0.001443852318149  
         36.038957580598002            1.996844238987329            0.003128964713345  
         36.159901796923251            1.998357380225990            0.001619442306086  
         36.280846013248500            1.999257467340070            0.000722558315157  
         36.401790229573749            1.997776059667322            0.002208050924573  
         36.522734445898998            1.997203440008271            0.002785011809825  
         36.643678662224247            1.998833098024954            0.001159532960935  
         36.764622878549496            1.998212325591798            0.001784279504423  
         36.885567094874752            1.997345215417909            0.002655994412624  
         37.006511311200001            1.998120413555653            0.001885371517866  
         37.127455527525250            1.999023897037782            0.000985907724305  
         37.248399743850499            1.997185626567424            0.002828169199765  
         37.369343960175748            1.997720442723334            0.002297661377000  
         37.490288176500997            1.999151412802555            0.000870664918818  
         37.611232392826246            1.998846501662281            0.001178674671786  
         37.732176609151502            1.996674781929566            0.003353721113393  
         37.853120825476751            1.998434380953365            0.001597425749693  
         37.974065041802000            1.999643284443365            0.000391144850805  
         38.095009258127249            1.998400751040610            0.001635324301318  
         38.215953474452498            1.996540484540443            0.003497738439344  
         38.336897690777747            1.998932688940652            0.001107304184955  
         38.457841907102996            1.999688293436489            0.000352571377933  
         38.578786123428252            1.997993126718731            0.002047717327539  
         38.699730339753501            1.996497734753581            0.003543733686432  
         38.820674556078750            1.999138906206066            0.000902599598867  
         38.941618772403999            1.999690119435702            0.000350509609620  
         39.062562988729248            1.997792408599190            0.002246569555206  
         39.183507205054497            1.996382184291415            0.003655793264716  
         39.304451421379746            1.999032229616915            0.001004202472780  
         39.425395637705002            1.999719013562123            0.000315090161467  
         39.546339854030251            1.997822692138467            0.002208373461848  
         39.667284070355500            1.996226828101892            0.003801790643978  
         39.788228286680749            1.998411357506906            0.001614514826752  
         39.909172503005998            1.999485496535752            0.000537056092317  
         40.030116719331247            1.998095088969295            0.001923442707676  
         40.151060935656496            1.996311131586826            0.003703926011162  
         40.272005151981752            1.997297239508141            0.002714350688782  
         40.392949368307001            1.998861160849319            0.001146625358583  
         40.513893584632250            1.998675260831977            0.001328036422041  
         40.634837800957499            1.997032259433073            0.002967103567942  
         40.755782017282748            1.996355219537241            0.003640476158106  
         40.876726233607997            1.998219082493237            0.001772870354630  
         40.997670449933246            1.999386851775820            0.000600719191153  
         41.118614666258502            1.998191208255136            0.001792551596977  
         41.239558882583751            1.996083493723259            0.003896936470289  
         41.360503098909000            1.997805829550310            0.002171504114926  
         41.481447315234249            1.999694611486741            0.000278998518301  
         41.602391531559498            1.999000441028299            0.000970013674656  
         41.723335747884747            1.996226913674492            0.003741072259105  
         41.844279964209996            1.997585638847735            0.002380422194528  
         41.965224180535252            1.999541029268179            0.000422436583403  
         42.086168396860501            1.999218338650409            0.000743126952427  
         42.207112613185750            1.996423700947719            0.003536631858436  
         42.328056829510999            1.997588632602174            0.002371296172012  
         42.449001045836248            1.999386865177442            0.000571950578330  
         42.569945262161497            1.999132174998456            0.000826207608040  
         42.690889478486746            1.996510691056840            0.003448233799913  
         42.811833694812002            1.997850124495218            0.002110016191624  
         42.932777911137251            1.999480168592598            0.000480514945269  
         43.053722127462500            1.998889799248628            0.001072219229285  
         43.174666343787749            1.996512993791733            0.003451306927053  
         43.295610560112998            1.998359006347009            0.001607950625856  
         43.416554776438247            1.999612463676287            0.000356644465428  
         43.537498992763496            1.998409213710999            0.001562884683175  
         43.658443209088752            1.996640855761623            0.003334961632933  
         43.779387425414001            1.998907447743126            0.001072052040756  
         43.900331641739250            1.999251695879926            0.000731243274379  
         44.021275858064499            1.997711631306860            0.002275450658702  
         44.142220074389748            1.997153129710506            0.002838503425857  
         44.263164290714997            1.999084582154320            0.000911181212766  
         44.384108507040246            1.998247418712268            0.001752445670934  
         44.505052723365502            1.997334275237950            0.002670103692752  
         44.625996939690751            1.998135994388879            0.001873015062654  
         44.746941156016000            1.998811652017417            0.001201205860030  
         44.867885372341249            1.997318009051507            0.002698836387788  
         44.988829588666498            1.997747355284907            0.002273572304157  
         45.109773804991747            1.999153441280328            0.000871356769643  
         45.230718021316996            1.998313523023044            0.001714118183752  
         45.351662237642252            1.996955316895824            0.003075536322581  
         45.472606453967501            1.998485802086632            0.001548014556075  
         45.593550670292750            1.999644638432007            0.000391570764047  
         45.714494886617999            1.997774056641632            0.002263529405736  
         45.835439102943248            1.996936646582136            0.003102881139187  
         45.956383319268497            1.998980606053668            0.001060300710270  
         46.077327535593746            1.999711508679095            0.000329980810728  
         46.198271751919002            1.997353002339412            0.002688227239922  
         46.319215968244251            1.996944106507653            0.003097484082995  
         46.440160184569500            1.999126999214593            0.000914269431275  
         46.561104400894749            1.999703553735862            0.000336559628100  
         46.682048617219998            1.997134453241077            0.002903811341692  
         46.802992833545247            1.996818870477546            0.003218126563988  
         46.923937049870496            1.998865040294444            0.001170146037056  
         47.044881266195752            1.999647362691988            0.000385276246293  
         47.165825482521001            1.997206331399453            0.002823116639391  
         47.286769698846250            1.996598729129445            0.003428059540756  
         47.407713915171499            1.998044039342099            0.001979854012991  
         47.528658131496748            1.999335281121382            0.000685151445498  
         47.649602347821997            1.997741025766000            0.002275290144308  
         47.770546564147246            1.996632287688083            0.003380438873685  
         47.891490780472502            1.996914327543688            0.003094884014929  
         48.012434996797751            1.998810288503381            0.001195074485966  
         48.133379213123000            1.998769246082356            0.001231606610093  
         48.254323429448249            1.997297574338851            0.002699337529993  
         48.375267645773498            1.996174788937574            0.003818487676156  
         48.496211862098747            1.998316011458227            0.001673604204035  
         48.617156078423996            1.999684307426551            0.000300970860165  
         48.738100294749252            1.998220083598718            0.001761464102876  
         48.859044511074501            1.996046862212373            0.003931466499188  
         48.979988727399750            1.997870367970589            0.002105065361435  
         49.100932943724999            1.999819316086084            0.000152482266701  
         49.221877160050248            1.998737461725484            0.001231328143271  
         49.342821376375497            1.996234576408808            0.003731948392839  
         49.463765592700746            1.997554571167785            0.002410291412638  
         49.584709809026002            1.999469421713855            0.000492977583126  
         49.705654025351251            1.998822409993477            0.001138186887691  
         49.826598241676500            1.996467995188520            0.003491760792962  
         49.947542458001749            1.997521567516688            0.002438040817028  
         50.068486674326998            1.999276099180765            0.000682569604339  
         50.189430890652247            1.998691294134393            0.001267159713661  
         50.310375106977496            1.996585706250670            0.003373631577192  
         50.431319323302752            1.997805567741610            0.002155188068163  
         50.552263539628001            1.999443795760443            0.000517695077466  
         50.673207755953250            1.998384169377048            0.001578855347770  
         50.794151972278499            1.996631068041359            0.003334570563191  
         50.915096188603748            1.998404669887766            0.001563746243464  
         51.036040404928997            1.999698438416406            0.000272306135787  
         51.156984621254246            1.997862149812918            0.002111722384126  
         51.277928837579502            1.996843590211793            0.003134260269399  
         51.398873053904751            1.999086402560649            0.000895155139495  
         51.519817270230000            1.999421486628496            0.000563628987446  
         51.640761486555249            1.997241738409528            0.002747565360674  
         51.761705702880498            1.997388639100401            0.002605368284575  
         51.882649919205747            1.999288111851985            0.000709946021072  
         52.003594135530996            1.998347299672278            0.001654866727202  
         52.124538351856252            1.997013697584387            0.002992955334912  
         52.245482568181501            1.998217073457083            0.001794241682649  
         52.366426784506750            1.998848653369320            0.001166343728506  
         52.487371000831999            1.997234369761078            0.002784482252979  
         52.608315217157248            1.997550962280769            0.002471916517453  
         52.729259433482497            1.999025919290647            0.001000732317477  
         52.850203649807746            1.998170301547167            0.001858996806994  
         52.971147866133002            1.996753967716292            0.003278279200326  
         53.092092082458251            1.998373333984173            0.001661824015279  
         53.213036298783500            1.999443708777077            0.000593644648447  
         53.333980515108749            1.997558959013568            0.002479598893402  
         53.454924731433998            1.996706908262738            0.003333233681804  
         53.575868947759247            1.998872840992076            0.001168665473291  
         53.696813164084496            1.999519687977819            0.000522170111159  
         53.817757380409752            1.997135344240111            0.002906121241570  
         53.938701596735001            1.996691451238412            0.003349973471301  
         54.059645813060250            1.998872512911106            0.001168649473284  
         54.180590029385499            1.999494484015447            0.000545319312001  
         54.301534245710748            1.996981120322666            0.003056728980945  
         54.422478462035997            1.996531621840165            0.003504570748939  
         54.543422678361246            1.998275764246564            0.001758759816165  
         54.664366894686502            1.999423906893801            0.000607931031318  
         54.785311111011751            1.997271614906131            0.002756943746842  
         54.906255327337000            1.996385058328501            0.003640518880997  
         55.027199543662249            1.997094241710212            0.002928628620813  
         55.148143759987498            1.999280435017366            0.000738912938530  
         55.269087976312747            1.998204398810795            0.001810774486651  
         55.390032192637996            1.996718492277532            0.003292860931742  
         55.510976408963252            1.995869105217951            0.004138928194438  
         55.631920625288501            1.999057495712952            0.000946714716772  
         55.752864841613750            1.999419543791476            0.000580151849838  
         55.873809057938999            1.997615347809851            0.002380237966264  
         55.994753274264248            1.995244029771702            0.004748125667421  
         56.115697490589497            1.998551123135508            0.001437479659469  
         56.236641706914746            1.999907725817611            0.000076580897547  
         56.357585923240002            1.998410668023744            0.001569759655290  
         56.478530139565251            1.995296460656933            0.004680986480657  
         56.599474355890500            1.997777307610028            0.002197397150357  
         56.720418572215749            1.999445526428874            0.000525622539278  
         56.841362788540998            1.998751851446049            0.001216164775750  
         56.962307004866247            1.995774319821352            0.004191706600834  
         57.083251221191496            1.997206040647754            0.002758470841678  
         57.204195437516752            1.998843287510479            0.001118888545546  
         57.325139653842001            1.998822195173840            0.001138080768160  
         57.446083870167250            1.996265132881577            0.003694599374338  
         57.567028086492499            1.997061217305402            0.002898477235963  
         57.687972302817748            1.998668478763282            0.001290444615095  
         57.808916519142997            1.998715415942074            0.001243188353945  
         57.929860735468246            1.996443623500201            0.003516180247986  
         58.050804951793502            1.997311415810333            0.002649873467292  
         58.171749168118751            1.998945701894439            0.001016489192322  
         58.292693384444000            1.998368064875763            0.001595517335990  
         58.413637600769249            1.996368625142215            0.003597902475611  
         58.534581817094498            1.998010457534039            0.001958878585623  
         58.655526033419747            1.999419242307187            0.000552532884218  
         58.776470249744996            1.997753440567402            0.002221284812232  
         58.897414466070252            1.996453301755372            0.003525715290804  
         59.018358682395501            1.999048169215679            0.000934555630807  
         59.139302898720750            1.999564008338574            0.000422283588591  
         59.260247115045999            1.997029868728522            0.002960436530494  
         59.381191331371248            1.997022784385651            0.002972463668099  
         59.502135547696497            1.999707224896572            0.000292044845864  
         59.623079764021746            1.998887399884713            0.001115850458847  
         59.744023980347002            1.996560174108093            0.003447441880802  
         59.864968196672251            1.997897210833629            0.002115224229646  
         59.985912412997500            1.999370261013318            0.000645790257919  
         60.106856629322749            1.997762164900780            0.002257458433317  
         60.227800845647998            1.996698756657103            0.003324878403757  
         60.348745061973247            1.998701693637428            0.001325826396534  
         60.469689278298496            1.998443825905925            0.001586225202748  
         60.590633494623752            1.996998425736381            0.003034152136458  
         60.711577710949001            1.997238219656664            0.002797391632881  
         60.832521927274250            1.999191086915278            0.000846807154433  
         60.953466143599499            1.997611845321542            0.002427090245095  
         61.074410359924748            1.996696143405996            0.003343871022899  
         61.195354576249997            1.997583349311686            0.002458291637537  
         61.316298792575246            1.999372105616301            0.000669961420071  
         61.437243008900502            1.997196374176960            0.002845111757044  
         61.558187225225751            1.996514012612985            0.003526907351889  
         61.679131441551000            1.997373971431235            0.002667050159971  
         61.800075657876249            1.999413356916541            0.000626386629399  
         61.921019874201498            1.997378263881850            0.002659349000779  
         62.041964090526747            1.996327944720959            0.003707515417413  
         62.162908306851996            1.996581095580260            0.003453081570780  
         62.283852523177252            1.999420067758483            0.000611524698142  
         62.404796739502501            1.998301276703095            0.001726937326502  
         62.525740955827750            1.996417533876435            0.003607259651309  
         62.646685172152999            1.995550145045497            0.004472252585808  
         62.767629388478248            1.999265174312315            0.000753835201727  
         62.888573604803497            1.999562477788917            0.000452401136192  
         63.009517821128746            1.997039337297834            0.002971332959640  
         63.130462037454002            1.994851225643275            0.005156320525890  
         63.251406253779251            1.998510232808688            0.001493668850214  
         63.372350470104500            1.999956049303586            0.000043524818791  
         63.493294686429749            1.997878103081900            0.002116992114438  
         63.614238902754998            1.994894636723595            0.005097130774005  
         63.735183119080247            1.997164204831702            0.002824195541227  
         63.856127335405496            1.999020353147891            0.000964060718513  
         63.977071551730752            1.998608356510396            0.001371837755156  
         64.098015768056001            1.995798453769558            0.004178787711721  
         64.218959984381243            1.996113973398308            0.003860639271172  
         64.339904200706499            1.997815258486094            0.002156267363678  
         64.460848417031755            1.999188527075666            0.000779578953592  
         64.581792633356997            1.997028862567761            0.002937186909331  
         64.702736849682253            1.995773663686832            0.004190864249763  
         64.823681066007495            1.997210150316438            0.002752685274631  
         64.944625282332751            1.999510099224838            0.000450568126191  
         65.065569498657993            1.997824132460214            0.002135826736961  
         65.186513714983249            1.995784105782541            0.004175732227564  
         65.307457931308505            1.997246774171948            0.002713031579889  
         65.428402147633747            1.999559599719338            0.000399573315424  
         65.549346363959003            1.997944597433570            0.002015563368911  
         65.670290580284245            1.995882635033427            0.004078953830395  
         65.791234796609501            1.997731514202942            0.002231658426939  
         65.912179012934743            1.999303408744166            0.000660759294764  
         66.033123229259999            1.997505953321220            0.002460979443708  
         66.154067445585255            1.996196759169874            0.003773031418563  
         66.275011661910497            1.998474413837438            0.001498276235368  
         66.395955878235753            1.998540975129249            0.001434218965720  
         66.516900094560995            1.996857621641672            0.003121770060546  
         66.637844310886251            1.997064994905523            0.002918280938215  
         66.758788527211493            1.999193066635727            0.000793940486610  
         66.879732743536749            1.997308208705431            0.002682395823437  
         67.000676959862005            1.996669152326254            0.003326358330545  
         67.121621176187247            1.998481824790708            0.001518001015408  
         67.242565392512503            1.999465193471189            0.000538501679068  
         67.363509608837745            1.996129429320284            0.003878292966099  
         67.484453825163001            1.997274207439113            0.002738321361039  
         67.605398041488243            1.999660503114153            0.000356031847202  
         67.726342257813499            1.999016196857319            0.001003523041041  
         67.847286474138755            1.995450761966485            0.004572756121436  
         67.968230690463997            1.998177359685007            0.001850135462661  
         68.089174906789253            1.999960061515892            0.000070369087887  
         68.210119123114495            1.998170562905425            0.001861726836837  
         68.331063339439751            1.995234451096969            0.004800857576756  
         68.452007555764993            1.998850282634571            0.001187560663967  
         68.572951772090249            1.999739641579853            0.000299568885716  
         68.693895988415505            1.997464948326455            0.002574488451289  
         68.814840204740747            1.995114911280427            0.004926308986244  
         68.935784421066003            1.999192560270324            0.000849447094789  
         69.056728637391245            1.999648766233970            0.000392931519351  
         69.177672853716501            1.997100167133544            0.002940085309631  
         69.298617070041743            1.994790606624252            0.005249907696279  
         69.419561286366999            1.999205317652024            0.000834318339261  
         69.540505502692255            1.999893314140933            0.000144550091375  
         69.661449719017497            1.997119774572248            0.002915156093239  
         69.782393935342753            1.994321861744505            0.005711758599324  
         69.903338151667995            1.998628465926581            0.001402959939085  
         70.024282367993251            1.999995576669291            0.000033052710125  
         70.145226584318493            1.997566889931842            0.002457686084991  
         70.266170800643749            1.994178425890429            0.005843472540391  
         70.387115016969005            1.997134889626065            0.002883946525890  
         70.508059233294247            1.999164850118856            0.000850658877178  
         70.629003449619503            1.998424382613178            0.001586436351844  
         70.749947665944745            1.995096867459054            0.004910367922892  
         70.870891882270001            1.995333270853736            0.004670487803195  
         70.991836098595243            1.997551772161088            0.002448600078293  
         71.112780314920499            1.999484227370316            0.000511376836304  
         71.233724531245755            1.997188947400670            0.002802760998160  
         71.354668747570997            1.994505859341095            0.005482386820073  
         71.475612963896253            1.996166743254950            0.003818588734716  
         71.596557180221495            1.999958921838369            0.000022130458198  
         71.717501396546751            1.999106369931272            0.000871034268562  
         71.838445612871993            1.994777126830814            0.005197240356269  
         71.959389829197249            1.995483156267277            0.004489332025070  
         72.080334045522505            1.999397353248450            0.000571818035372  
         72.201278261847747            1.999818614174226            0.000147686491706  
         72.322222478173003            1.995413276727495            0.004550851984928  
         72.443166694498245            1.995440113407129            0.004523586902145  
         72.564110910823501            1.998563220797032            0.001398472626154  
