#             time (fs)      |   total net charge (e)  |   charge (atom_1) (e)   |   charge (atom_2) (e)   |        ...        |   charge (atom_N) (e)   |
          0.000000000000000       -0.000000000000000       -0.000000000000000        0.000000000000000
          0.120944216325250       -0.000000016540122       -0.125322051887429        0.125322035347307
          0.241888432650500        0.000000025502626       -0.013780020165378        0.013780045668004
          0.362832648975750        0.000000060522389        0.130208793915315       -0.130208733392926
          0.483776865301000        0.000000043099279        0.018242415227801       -0.018242372128522
          0.604721081626250        0.000000026178225       -0.125108163598323        0.125108189776548
          0.725665297951500        0.000000076111997       -0.036121864281375        0.036121940393372
          0.846609514276750        0.000000106554642        0.141002711608356       -0.141002605053714
          0.967553730602000        0.000000092463010        0.021067227064678       -0.021067134601668
          1.088497946927250        0.000000074722340       -0.107482383907683        0.107482458630024
          1.209442163252500        0.000000119151090       -0.073308884092235        0.073309003243325
          1.330386379577750        0.000000142793274        0.162364209345217       -0.162364066551943
          1.451330595903000        0.000000139697024        0.013144845076515       -0.013144705379490
          1.572274812228250        0.000000124320918       -0.079397740738839        0.079397865059757
          1.693219028553500        0.000000149425077       -0.114267230157703        0.114267379582780
          1.814163244878750        0.000000163155225        0.180024450778024       -0.180024287622799
          1.935107461204000        0.000000173030046        0.010765130952671       -0.010764957922624
          2.056051677529250        0.000000164513169       -0.060291934826542        0.060292099339711
          2.176995893854500        0.000000168913520       -0.136281401889244        0.136281570802765
          2.297940110179750        0.000000172537851        0.170952653814724       -0.170952481276873
          2.418884326505000        0.000000180442783        0.035214563564452       -0.035214383121669
          2.539828542830250        0.000000178778801       -0.069512456428122        0.069512635206922
          2.660772759155500        0.000000178873599       -0.123627834353881        0.123628013227480
          2.781716975480750        0.000000179181083        0.126715383433690       -0.126715204252606
          2.902661191806000        0.000000165868292        0.086879416585055       -0.086879250716763
          3.023605408131250        0.000000166881436       -0.100455273169180        0.100455440050616
          3.144549624456500        0.000000174948646       -0.090152548439208        0.090152723387854
          3.265493840781750        0.000000180729924        0.069021612253402       -0.069021431523478
          3.386438057107000        0.000000148325271        0.139082380359789       -0.139082232034518
          3.507382273432250        0.000000146533234       -0.124945028229270        0.124945174762504
          3.628326489757500        0.000000154832355       -0.064396333571317        0.064396488403672
          3.749270706082750        0.000000170086990        0.025215287579438       -0.025215117492448
          3.870214922408000        0.000000137692738        0.169233307763830       -0.169233170071093
          3.991159138733250        0.000000130359139       -0.127056008592412        0.127056138951550
          4.112103355058500        0.000000129882715       -0.056892852223055        0.056892982105771
          4.233047571383750        0.000000153730002        0.000280496733984       -0.000280343003982
          4.353991787709000        0.000000133047601        0.179080647159254       -0.179080514111653
          4.474936004034250        0.000000121583287       -0.113995346292021        0.113995467875308
          4.595880220359500        0.000000117056437       -0.058255995702408        0.058256112758844
          4.716824436684750        0.000000144715821       -0.016738468166281        0.016738612882102
          4.837768653010000        0.000000132834832        0.181407346976745       -0.181407214141912
          4.958712869335250        0.000000121441940       -0.098267096751336        0.098267218193276
          5.079657085660500        0.000000123709424       -0.058683629440138        0.058683753149561
          5.200601301985750        0.000000147293798       -0.033411796793011        0.033411944086809
          5.321545518311000        0.000000136805611        0.182223788163349       -0.182223651357738
          5.442489734636251        0.000000131510661       -0.082663487712075        0.082663619222735
          5.563433950961501        0.000000144064045       -0.059405991636649        0.059406135700694
          5.684378167286750        0.000000155487142       -0.045921796994604        0.045921952481746
          5.805322383612000        0.000000145562457        0.176043284270509       -0.176043138708052
          5.926266599937250        0.000000148617361       -0.059061402761930        0.059061551379291
          6.047210816262500        0.000000160904926       -0.070433960525340        0.070434121430266
          6.168155032587750        0.000000160887693       -0.044401035950406        0.044401196838099
          6.289099248913001        0.000000158013789        0.154171995494542       -0.154171837480753
          6.410043465238251        0.000000159644086       -0.019903387890011        0.019903547534097
          6.530987681563500        0.000000157665597       -0.096637345422068        0.096637503087665
          6.651931897888750        0.000000159528356       -0.028201985227093        0.028202144755449
          6.772876114214000        0.000000162784105        0.120048743551318       -0.120048580767212
          6.893820330539250        0.000000148784246        0.027590383148800       -0.027590234364554
          7.014764546864500        0.000000132088698       -0.126932881743103        0.126933013831800
          7.135708763189751        0.000000144929684       -0.011645853898433        0.011645998828117
          7.256652979515001        0.000000140317019        0.089202486882628       -0.089202346565608
          7.377597195840250        0.000000109041583        0.067634304362333       -0.067634195320750
          7.498541412165500        0.000000085876498       -0.146236663560209        0.146236749436707
          7.619485628490750        0.000000104739722       -0.007757101142190        0.007757205881912
          7.740429844816000        0.000000082533776        0.071336891408780       -0.071336808875003
          7.861374061141250        0.000000041767561        0.093387351674182       -0.093387309906621
          7.982318277466501        0.000000015645347       -0.150227823437088        0.150227839082436
          8.103262493791750        0.000000034546506       -0.017889232805468        0.017889267351974
          8.224206710117000       -0.000000001594527        0.065579929258027       -0.065579930852554
          8.345150926442249       -0.000000047356342        0.106179629259961       -0.106179676616302
          8.466095142767500       -0.000000076989267       -0.140086119922555        0.140086042933287
          8.587039359092751       -0.000000058180149       -0.040427106243407        0.040427048063258
          8.707983575418000       -0.000000097924683        0.071038412948130       -0.071038510872813
          8.828927791743251       -0.000000146060438        0.104922141161938       -0.104922287222376
          8.949872008068500       -0.000000177770321       -0.113658082014946        0.113657904244625
          9.070816224393750       -0.000000160659673       -0.077164180443937        0.077164019784264
          9.191760440718999       -0.000000193550810        0.089793949301760       -0.089794142852570
          9.312704657044250       -0.000000234496076        0.087166301712961       -0.087166536209037
          9.433648873369501       -0.000000262731571       -0.070541414430374        0.070541151698802
          9.554593089694750       -0.000000254334711       -0.124915162766110        0.124914908431399
          9.675537306020001       -0.000000273148367        0.115764292057740       -0.115764565206107
          9.796481522345250       -0.000000293780596        0.062118906995840       -0.062119200776436
          9.917425738670500       -0.000000309882263       -0.025117618152559        0.025117308270296
         10.038369954995749       -0.000000310881813       -0.164420876377758        0.164420565495945
         10.159314171321000       -0.000000314811879        0.127113381468416       -0.127113696280294
         10.280258387646251       -0.000000315675407        0.053257391174652       -0.053257706850059
         10.401202603971500       -0.000000310925972       -0.002315537466796        0.002315226540824
         10.522146820296751       -0.000000304800980       -0.172098326516823        0.172098021715843
         10.643091036622000       -0.000000297611761        0.104917939789919       -0.104918237401680
         10.764035252947250       -0.000000292741831        0.074219607119949       -0.074219899861780
         10.884979469272501       -0.000000262715767       -0.010036788130811        0.010036525415045
         11.005923685597750       -0.000000230482986       -0.147802883417113        0.147802652934127
         11.126867901923001       -0.000000213452244        0.057537648820358       -0.057537862272602
         11.247812118248250       -0.000000209469414        0.110634184205824       -0.110634393675238
         11.368756334573501       -0.000000159127834       -0.029508353743873        0.029508194616039
         11.489700550898750       -0.000000099976234       -0.114407219109062        0.114407119132829
         11.610644767224001       -0.000000072284661        0.009933910922022       -0.009933983206683
         11.731588983549251       -0.000000063978261        0.139080376233708       -0.139080440211969
         11.852533199874500       -0.000000004054490       -0.039898883601637        0.039898879547147
         11.973477416199751        0.000000070207595       -0.090513802592685        0.090513872800280
         12.094421632525000        0.000000105128447       -0.023074625442989        0.023074730571435
         12.215365848850251        0.000000121629226        0.150041020944455       -0.150040899315229
         12.336310065175500        0.000000183495304       -0.035469107280386        0.035469290775691
         12.457254281500751        0.000000261019349       -0.079939628302175        0.079939889321524
         12.578198497826001        0.000000293305312       -0.040201646958942        0.040201940264254
         12.699142714151250        0.000000314960212        0.144751762556799       -0.144751447596587
         12.820086930476501        0.000000374579570       -0.017624085601264        0.017624460180834
         12.941031146801750        0.000000443027094       -0.082381049886388        0.082381492913482
         13.061975363127001        0.000000462824016       -0.041744525035407        0.041744987859423
         13.182919579452250        0.000000485133212        0.123610260230074       -0.123609775096862
         13.303863795777501        0.000000534724375        0.014482509244030       -0.014481974519654
         13.424808012102751        0.000000579638164       -0.099509959803764        0.099510539441928
         13.545752228428000        0.000000586815332       -0.027161452147680        0.027162038963012
         13.666696444753251        0.000000604700049        0.087652552885161       -0.087651948185112
         13.787640661078500        0.000000630165785        0.058423325133372       -0.058422694967587
         13.908584877403751        0.000000644417136       -0.126402261068912        0.126402905486048
         14.029529093729000        0.000000645596918       -0.005327337422193        0.005327983019111
         14.150473310054251        0.000000646455673        0.049093760113943       -0.049093113658270
         14.271417526379501        0.000000640655001        0.099379554714126       -0.099378914059125
         14.392361742704750        0.000000630930756       -0.145975725597680        0.145976356528436
         14.513305959030001        0.000000621970725        0.005196705672096       -0.005196083701371
         14.634250175355250        0.000000592209388        0.025695731855694       -0.025695139646306
         14.755194391680501        0.000000566769504        0.121975087909625       -0.121974521140121
         14.876138608005750        0.000000541288354       -0.146062025102679        0.146062566391033
         14.997082824331001        0.000000509819429       -0.003231154103469        0.003231663922898
         15.118027040656251        0.000000451599394        0.019614245699822       -0.019613794100427
         15.238971256981500        0.000000422584856        0.129152005888945       -0.129151583304089
         15.359915473306751        0.000000383273627       -0.133634680980575        0.133635064254202
         15.480859689632000        0.000000328726465       -0.019722597801749        0.019722926528214
         15.601803905957251        0.000000256009619        0.017401367272361       -0.017401111262742
         15.722748122282500        0.000000228329960        0.134908428259283       -0.134908199929323
         15.843692338607751        0.000000179301056       -0.122147071724712        0.122147251025767
         15.964636554933001        0.000000115082139       -0.031437784645612        0.031437899727751
         16.085580771258250        0.000000040795501        0.008225570967805       -0.008225530172304
         16.206524987583499        0.000000012020829        0.146719155458966       -0.146719143438137
         16.327469203908752       -0.000000036064297       -0.116193585719139        0.116193549654841
         16.448413420234001       -0.000000092433445       -0.036122550108163        0.036122457674718
         16.569357636559250       -0.000000159139286       -0.006752580715051        0.006752421575765
         16.690301852884499       -0.000000191035581        0.159490001114003       -0.159490192149584
         16.811246069209751       -0.000000226859274       -0.108137375316614        0.108137148457341
         16.932190285535000       -0.000000262548765       -0.043381528699861        0.043381266151096
         17.053134501860249       -0.000000313605587       -0.015045293385362        0.015044979779774
         17.174078718185502       -0.000000344163833        0.158398521854242       -0.158398866018075
         17.295022934510751       -0.000000363157020       -0.083050058699438        0.083049695542418
         17.415967150836000       -0.000000377421926       -0.067433709491501        0.067433332069575
         17.536911367161249       -0.000000404073703       -0.003004627090851        0.003004223017148
         17.657855583486501       -0.000000419482679        0.132199937007810       -0.132200356490489
         17.778799799811750       -0.000000423759786       -0.034641492024559        0.034641068264773
         17.899744016136999       -0.000000425137532       -0.109387956517672        0.109387531380140
         18.020688232462252       -0.000000422694951        0.025671626862142       -0.025672049557093
         18.141632448787501       -0.000000410677290        0.090549378486524       -0.090549789163813
         18.262576665112750       -0.000000401037972        0.020994113301222       -0.020994514339194
         18.383520881437999       -0.000000393875926       -0.148974693471319        0.148974299595393
         18.504465097763251       -0.000000370436174        0.048477406297028       -0.048477776733203
         18.625409314088500       -0.000000334199240        0.057556801742910       -0.057557135942150
         18.746353530413749       -0.000000307114752        0.060004048086431       -0.060004355201183
         18.867297746739002       -0.000000287639547       -0.165890899465498        0.165890611825951
         18.988241963064251       -0.000000258998388        0.049851652386947       -0.049851911385335
         19.109186179389500       -0.000000210661533        0.044298618658025       -0.044298829319558
         19.230130395714749       -0.000000165627196        0.076962168120035       -0.076962333747231
         19.351074612040001       -0.000000132725969       -0.161477212515841        0.161477079789872
         19.472018828365250       -0.000000108942171        0.036297664821290       -0.036297773763462
         19.592963044690499       -0.000000056990901        0.041238709075434       -0.041238766066335
         19.713907261015752       -0.000000002613724        0.084428202515967       -0.084428205129692
         19.834851477341001        0.000000035484675       -0.150816153739459        0.150816189224133
         19.955795693666250        0.000000053052410        0.022853726547378       -0.022853673494968
         20.076739909991499        0.000000104536254        0.035060717022397       -0.035060612486142
         20.197684126316751        0.000000154109032        0.094573449063850       -0.094573294954818
         20.318628342642000        0.000000185726018       -0.144557924043520        0.144558109769537
         20.439572558967249        0.000000200798526        0.016726552946832       -0.016726352148305
         20.560516775292502        0.000000247101871        0.022300221170380       -0.022299974068509
         20.681460991617751        0.000000278783940        0.108284783190600       -0.108284504406660
         20.802405207943000        0.000000297879049       -0.140738291386061        0.140738589265111
         20.923349424268253        0.000000313924992        0.011849127021703       -0.011848813096711
         21.044293640593501        0.000000346048059        0.012435028991841       -0.012434682943782
         21.165237856918750        0.000000355952814        0.114094380263570       -0.114094024310756
         21.286182073243999        0.000000364879401       -0.125954866165640        0.125955231045041
         21.407126289569252        0.000000376492646       -0.007005757711450        0.007006134204096
         21.528070505894501        0.000000386535816        0.020590467531432       -0.020590080995616
         21.649014722219750        0.000000386377800        0.098992599505682       -0.098992213127882
         21.769958938545003        0.000000386987350       -0.089927940183510        0.089928327170860
         21.890903154870252        0.000000382399628       -0.046153125229512        0.046153507629140
         22.011847371195501        0.000000376065196        0.047497567147649       -0.047497191082453
         22.132791587520749        0.000000379961611        0.068435260589309       -0.068434880627698
         22.253735803846002        0.000000367132332       -0.043405318258450        0.043405685390783
         22.374680020171251        0.000000346326974       -0.090003296115180        0.090003642442154
         22.495624236496500        0.000000337661298        0.073844389907673       -0.073844052246375
         22.616568452821753        0.000000344221914        0.043292929109040       -0.043292584887125
         22.737512669147002        0.000000316642239       -0.006668883324205        0.006669199966444
         22.858456885472251        0.000000292398579       -0.120174905277643        0.120175197676222
         22.979401101797500        0.000000288408347        0.084411965496651       -0.084411677088304
         23.100345318122752        0.000000291394787        0.034162664313825       -0.034162372919039
         23.221289534448001        0.000000257350942        0.014211553318526       -0.014211295967584
         23.342233750773250        0.000000238177763       -0.134302502583141        0.134302740760904
         23.463177967098503        0.000000239923758        0.080030752619088       -0.080030512695330
         23.584122183423752        0.000000241376687        0.037378069125004       -0.037377827748317
         23.705066399749001        0.000000209371508        0.023911466775931       -0.023911257404423
         23.826010616074250        0.000000194253368       -0.136590423863249        0.136590618116617
         23.946954832399502        0.000000202332783        0.064362774794413       -0.064362572461630
         24.067899048724751        0.000000207779176        0.050073797217698       -0.050073589438522
         24.188843265050000        0.000000181945298        0.023155984836287       -0.023155802890988
         24.309787481375253        0.000000167925972       -0.125462267800728        0.125462435726700
         24.430731697700502        0.000000180374135        0.034904911811607       -0.034904731437472
         24.551675914025751        0.000000190282864        0.075272001063872       -0.075271810781008
         24.672620130351000        0.000000173712627        0.007988215955639       -0.007988042243012
         24.793564346676252        0.000000162599517       -0.097246672434108        0.097246835033625
         24.914508563001501        0.000000172778094       -0.009637006993370        0.009637179771464
         25.035452779326750        0.000000180977671        0.111537438009373       -0.111537257031703
         25.156396995652003        0.000000175811255       -0.017646092798623        0.017646268609878
         25.277341211977252        0.000000172103480       -0.059698670709457        0.059698842812936
         25.398285428302501        0.000000174521761       -0.056676112858540        0.056676287380301
         25.519229644627750        0.000000175009101        0.142701737591705       -0.142701562582603
         25.640173860953002        0.000000174946677       -0.035310647514522        0.035310822461199
         25.761118077278251        0.000000177137241       -0.033357469781328        0.033357646918569
         25.882062293603500        0.000000174629387       -0.084770031856990        0.084770206486377
         26.003006509928753        0.000000168127430        0.149257013018854       -0.149256844891423
         26.123950726254002        0.000000158742544       -0.028961040416788        0.028961199159332
         26.244894942579251        0.000000159509028       -0.030492167044057        0.030492326553085
         26.365839158904500        0.000000159233099       -0.086756626954191        0.086756786187290
         26.486783375229752        0.000000150140320        0.130695969159343       -0.130695819019023
         26.607727591555001        0.000000122472447       -0.003947151148996        0.003947273621442
         26.728671807880250        0.000000117066029       -0.041469322833292        0.041469439899321
         26.849616024205503        0.000000120427963       -0.076394466860950        0.076394587288913
         26.970560240530752        0.000000109637626        0.104343091383787       -0.104342981746161
         27.091504456856001        0.000000066283212        0.021272522286312       -0.021272456003100
         27.212448673181250        0.000000055610137       -0.048522116653739        0.048522172263877
         27.333392889506502        0.000000058805799       -0.070914558618028        0.070914617423827
         27.454337105831751        0.000000043816224        0.086340832920605       -0.086340789104381
         27.575281322157000       -0.000000006223757        0.033374867024119       -0.033374873247876
         27.696225538482253       -0.000000017565362       -0.041368118885105        0.041368101319743
         27.817169754807502       -0.000000017637685       -0.078831677815535        0.078831660177850
         27.938113971132751       -0.000000038264202        0.083316134870656       -0.083316173134858
         28.059058187458000       -0.000000083393554        0.028680461911220       -0.028680545304774
         28.180002403783252       -0.000000090792992       -0.018746169775490        0.018746078982497
         28.300946620108501       -0.000000096196496       -0.099969467742642        0.099969371546146
         28.421890836433750       -0.000000118483866        0.092943982811107       -0.092944101294973
         28.542835052759003       -0.000000146696299        0.012826767801598       -0.012826914497897
         28.663779269084252       -0.000000149956373        0.010813994571703       -0.010814144528076
         28.784723485409501       -0.000000159670297       -0.123290519407499        0.123290359737202
         28.905667701734750       -0.000000173455038        0.100924373157687       -0.100924546612725
         29.026611918060002       -0.000000181785118        0.003529781706040       -0.003529963491158
         29.147556134385251       -0.000000183572726        0.027626243589660       -0.027626427162386
         29.268500350710500       -0.000000186680186       -0.128552876509019        0.128552689828833
         29.389444567035753       -0.000000185766982        0.087209473486024       -0.087209659253006
         29.510388783361002       -0.000000184382655        0.018743707581309       -0.018743891963964
         29.631332999686251       -0.000000179474463        0.018164593344870       -0.018164772819333
         29.752277216011500       -0.000000161946060       -0.108064928706073        0.108064766760013
         29.873221432336752       -0.000000152009807        0.050356457655697       -0.050356609665503
         29.994165648662001       -0.000000147891244        0.052868244320510       -0.052868392211754
         30.115109864987250       -0.000000125624758       -0.005267507872809        0.005267382248051
         30.236054081312503       -0.000000088272489       -0.079121721858503        0.079121633586014
         30.356998297637752       -0.000000076872001        0.010895109435424       -0.010895186307425
         30.477942513963001       -0.000000067066518        0.083666314438982       -0.083666381505500
         30.598886730288250       -0.000000026472113       -0.020827915740700        0.020827889268587
         30.719830946613502        0.000000018983068       -0.061009842031957        0.061009861015025
         30.840775162938751        0.000000030609211       -0.015060185974310        0.015060216583520
         30.961719379264000        0.000000047204634        0.098441169591795       -0.098441122387161
         31.082663595589253        0.000000098168356       -0.019698558158587        0.019698656326943
         31.203607811914502        0.000000143327547       -0.058743444186533        0.058743587514080
         31.324552028239751        0.000000155246221       -0.024835439276723        0.024835594522944
         31.445496244565000        0.000000173348226        0.095949897854839       -0.095949724506613
         31.566440460890252        0.000000224988465       -0.002120544036692        0.002120769025157
         31.687384677215501        0.000000265359028       -0.071184352925077        0.071184618284105
         31.808328893540750        0.000000276375393       -0.019206740919177        0.019207017294570
         31.929273109866003        0.000000290303798        0.076755273870620       -0.076754983566822
         32.050217326191252        0.000000332197733        0.030428227481816       -0.030427895284084
         32.171161542516501        0.000000362909052       -0.095969859223075        0.095970222132127
         32.292105758841750        0.000000373052685       -0.001072000410288        0.001072373462972
         32.413049975166999        0.000000381343385        0.045523319541645       -0.045522938198260
         32.533994191492248        0.000000404316909        0.070153459633824       -0.070153055316915
         32.654938407817504        0.000000420305577       -0.122577988579150        0.122578408884728
         32.775882624142753        0.000000427925059        0.016826992118675       -0.016826564193616
         32.896826840468002        0.000000430991052        0.017907540799482       -0.017907109808430
         33.017771056793251        0.000000434157536        0.098667050904358       -0.098666616746822
         33.138715273118500        0.000000433824182       -0.131859605909352        0.131860039733534
         33.259659489443749        0.000000430212987        0.015974191458574       -0.015973761245588
         33.380603705768998        0.000000426864426        0.011329457115678       -0.011329030251252
         33.501547922094254        0.000000419735970        0.101178532950139       -0.101178113214169
         33.622492138419503        0.000000406983466       -0.113920053485123        0.113920460468589
         33.743436354744752        0.000000383257799       -0.008158027011085        0.008158410268885
         33.864380571070001        0.000000372672562        0.025360564748785       -0.025360192076224
         33.985324787395250        0.000000365094775        0.083565508009327       -0.083565142914552
         34.106269003720499        0.000000345869561       -0.080242782156615        0.080243128026176
         34.227213220045748        0.000000303563644       -0.040343778862731        0.040344082426376
         34.348157436371004        0.000000287405096        0.042862155922791       -0.042861868517694
         34.469101652696253        0.000000281868007        0.064430024598012       -0.064429742730005
         34.590045869021502        0.000000260011450       -0.049859636793146        0.049859896804596
         34.710990085346751        0.000000208916678       -0.063282226317006        0.063282435233684
         34.831934301672000        0.000000191525768        0.049125130519186       -0.049124938993418
         34.952878517997249        0.000000187927550        0.056562715626343       -0.056562527698793
         35.073822734322498        0.000000165009065       -0.033328733216968        0.033328898226033
         35.194766950647754        0.000000115438917       -0.069541108997990        0.069541224436908
         35.315711166973003        0.000000102714641        0.039092948002108       -0.039092845287467
         35.436655383298252        0.000000101542624        0.064073098038544       -0.064072996495920
         35.557599599623501        0.000000078370755       -0.033653468191010        0.033653546561765
         35.678543815948750        0.000000039344896       -0.057792054520774        0.057792093865670
         35.799488032273999        0.000000035098268        0.012307992954704       -0.012307957856436
         35.920432248599248        0.000000034319437        0.087057460536315       -0.087057426216878
         36.041376464924504        0.000000014453784       -0.049474048833560        0.049474063287344
         36.162320681249753       -0.000000006257695       -0.031886018014370        0.031886011756675
         36.283264897575002       -0.000000004862974       -0.025032606550908        0.025032601687934
         36.404209113900251       -0.000000007776898        0.116625847328483       -0.116625855105381
         36.525153330225500       -0.000000017203501       -0.068050245081954        0.068050227878453
         36.646097546550749       -0.000000021034651       -0.008536733918668        0.008536712884017
         36.767041762875998       -0.000000020435702       -0.053307120378753        0.053307099943051
         36.887985979201254       -0.000000020716780        0.131225276935842       -0.131225297652622
         37.008930195526503       -0.000000019388848       -0.066745817957891        0.066745798569043
         37.129874411851752       -0.000000020075248       -0.009235361117252        0.009235341042004
         37.250818628177001       -0.000000018235747       -0.054583178654311        0.054583160418564
         37.371762844502250       -0.000000008715992        0.118073068076202       -0.118073076792194
         37.492707060827499       -0.000000007745079       -0.039002690659151        0.039002682914071
         37.613651277152748       -0.000000014823526       -0.033076904849061        0.033076890025535
         37.734595493478004       -0.000000003812837       -0.037118293607843        0.037118289795006
         37.855539709803253        0.000000011684827        0.091332417088734       -0.091332405403908
         37.976483926128502        0.000000003200373       -0.003566188306470        0.003566191506842
         38.097428142453751       -0.000000008889213       -0.058312931841613        0.058312922952400
         38.218372358779000        0.000000010781207       -0.023329117743738        0.023329128524946
         38.339316575104249        0.000000022535475        0.071920231280946       -0.071920208745471
         38.460260791429498        0.000000004830678        0.020859488633160       -0.020859483802482
         38.581205007754754       -0.000000009700497       -0.069178260957807        0.069178251257311
         38.702149224080003        0.000000011880552       -0.025149932875745        0.025149944756297
         38.823093440405252        0.000000016140777        0.068027868575827       -0.068027852435050
         38.944037656730501       -0.000000006429471        0.028628968642372       -0.028628975071843
         39.064981873055750       -0.000000023097541       -0.062177246898813        0.062177223801272
         39.185926089380999       -0.000000005468726       -0.043697597341905        0.043697591873179
         39.306870305706248       -0.000000006695234        0.079167948745140       -0.079167955440374
         39.427814522031504       -0.000000028280205        0.020810948183206       -0.020810976463411
         39.548758738356753       -0.000000045499136       -0.039458525707598        0.039458480208462
         39.669702954682002       -0.000000036118010       -0.074823309345315        0.074823273227305
         39.790647171007251       -0.000000039383941        0.099597130516299       -0.099597169900240
         39.911591387332500       -0.000000053002191        0.004463079702426       -0.004463132704617
         40.032535603657749       -0.000000066295963       -0.010570177523531        0.010570111227568
         40.153479819982998       -0.000000065824584       -0.105836978415167        0.105836912590583
         40.274424036308254       -0.000000068305850        0.114500533778875       -0.114500602084725
         40.395368252633503       -0.000000071785821       -0.004141702739217        0.004141630953397
         40.516312468958752       -0.000000076082760        0.006475789314187       -0.006475865396947
         40.637256685284001       -0.000000076756810       -0.117964903227271        0.117964826470461
         40.758200901609250       -0.000000076052223        0.106586535895908       -0.106586611948131
         40.879145117934499       -0.000000075258126        0.009672799012048       -0.009672874270175
         41.000089334259748       -0.000000067059150        0.000015543576321       -0.000015610635471
         41.121033550585004       -0.000000055884034       -0.104023428708772        0.104023372824738
         41.241977766910253       -0.000000048809461        0.074659884802569       -0.074659933612030
         41.362921983235502       -0.000000048908114        0.041600596475209       -0.041600645383324
         41.483866199560751       -0.000000027606273       -0.021081787504897        0.021081759898624
         41.604810415886000        0.000000001527381       -0.077394789377766        0.077394790905147
         41.725754632211249        0.000000017390301        0.035891398887611       -0.035891381497310
         41.846698848536505        0.000000018172729        0.073007369009056       -0.073007350836327
         41.967643064861754        0.000000049829265       -0.038316314865230        0.038316364694496
         42.088587281187003        0.000000092966795       -0.056113757334942        0.056113850301737
         42.209531497512252        0.000000116492666        0.006752219198254       -0.006752102705588
         42.330475713837501        0.000000121820529        0.090633492262213       -0.090633370441684
         42.451419930162750        0.000000160291367       -0.041607258156948        0.041607418448315
         42.572364146487999        0.000000210420047       -0.048110402336051        0.048110612756098
         42.693308362813255        0.000000236001730       -0.007156356356990        0.007156592358720
         42.814252579138504        0.000000246012185        0.091498944078561       -0.091498698066376
         42.935196795463753        0.000000288054461       -0.029291656304304        0.029291944358764
         43.056141011789002        0.000000337149256       -0.055014584627594        0.055014921776850
         43.177085228114251        0.000000357167472       -0.004566024023497        0.004566381190968
         43.298029444439500        0.000000370179787        0.074971524573735       -0.074971154393948
         43.418973660764749        0.000000409942487       -0.000531522539851        0.000531932482337
         43.539917877090005        0.000000447182015       -0.077887635484581        0.077888082666596
         43.660862093415254        0.000000458395630        0.014435248022132       -0.014434789626502
         43.781806309740503        0.000000472511593        0.043169998637061       -0.043169526125467
         43.902750526065752        0.000000498891012        0.040428392664076       -0.040427893773064
         44.023694742391001        0.000000515932611       -0.109527355187412        0.109527871120023
         44.144638958716250        0.000000520833848        0.038392057558214       -0.038391536724366
         44.265583175041499        0.000000527752577        0.011757949810705       -0.011757422058128
         44.386527391366755        0.000000531656288        0.074542083943612       -0.074541552287324
         44.507471607692004        0.000000530476731       -0.128251408486898        0.128251938963629
         44.628415824017253        0.000000525511227        0.044017233515410       -0.044016708004183
         44.749360040342502        0.000000511592928        0.003196156105177       -0.003195644512249
         44.870304256667751        0.000000498195001        0.082497825140578       -0.082497326945577
         44.991248472993000        0.000000484567522       -0.119466312082111        0.119466796649633
         45.112192689318249        0.000000458734393        0.022888551472731       -0.022888092738337
         45.233136905643505        0.000000421388710        0.018446559253731       -0.018446137865021
         45.354081121968754        0.000000402940549        0.070628972034984       -0.070628569094435
         45.475025338294003        0.000000376456384       -0.095483020780922        0.095483397237306
         45.595969554619252        0.000000327252057       -0.007687035100321        0.007687362352378
         45.716913770944501        0.000000275961968        0.036872892637822       -0.036872616675854
         45.837857987269750        0.000000257039392        0.060488784845220       -0.060488527805828
         45.958802203594999        0.000000217282860       -0.076856977630253        0.076857194913113
         46.079746419920255        0.000000154095155       -0.028777594600840        0.028777748695995
         46.200690636245504        0.000000098772762        0.042190954715180       -0.042190855942418
         46.321634852570753        0.000000079455986        0.064627808795604       -0.064627729339617
         46.442579068896002        0.000000033263800       -0.072669368634864        0.072669401898664
         46.563523285221251       -0.000000030907982       -0.033803662674162        0.033803631766181
         46.684467501546500       -0.000000083063864        0.030418749726979       -0.030418832790843
         46.805411717871749       -0.000000101947780        0.084079043337897       -0.084079145285677
         46.926355934197005       -0.000000143716746       -0.081957622926055        0.081957479209309
         47.047300150522254       -0.000000196056031       -0.024988327346461        0.024988131290430
         47.168244366847503       -0.000000238685752        0.005884174959403       -0.005884413645155
         47.289188583172752       -0.000000256225288        0.111760226162019       -0.111760482387307
         47.410132799498001       -0.000000284349620       -0.095694939865686        0.095694655516066
         47.531077015823250       -0.000000314878509       -0.013075145383224        0.013074830504715
         47.652021232148499       -0.000000341779561       -0.017906291600468        0.017905949820907
         47.772965448473755       -0.000000354732555        0.131519609954070       -0.131519964686625
         47.893909664799004       -0.000000365757768       -0.096691641873821        0.096691276116053
         48.014853881124253       -0.000000373865732       -0.015539134180629        0.015538760314898
         48.135798097449502       -0.000000379524310       -0.023232554265538        0.023232174741228
         48.256742313774751       -0.000000378670742        0.126993305848994       -0.126993684519735
         48.377686530100000       -0.000000374703041       -0.072205587438354        0.072205212735312
         48.498630746425249       -0.000000368675572       -0.040876033208303        0.040875664532731
         48.619574962750505       -0.000000350434590       -0.005952223889210        0.005951873454619
         48.740519179075754       -0.000000326562018        0.099580510749025       -0.099580837311043
         48.861463395401003       -0.000000310662355       -0.029798244334292        0.029797933671938
         48.982407611726252       -0.000000297565170       -0.076824313552794        0.076824015987624
         49.103351828051501       -0.000000259820525        0.018346509591852       -0.018346769412377
         49.224296044376750       -0.000000214302519        0.067759051319200       -0.067759265621719
         49.345240260701999       -0.000000188937420        0.010531074401247       -0.010531263338667
         49.466184477027255       -0.000000170593472       -0.104363609447554        0.104363438854082
         49.587128693352504       -0.000000123124818        0.032722413913824       -0.032722537038642
         49.708072909677753       -0.000000065751082        0.046373855975782       -0.046373921726864
         49.829017126003002       -0.000000035504850        0.037019494260816       -0.037019529765666
         49.949961342328251       -0.000000013470420       -0.115841593964497        0.115841580494077
         50.070905558653500        0.000000035651576        0.032723540375028       -0.032723504723452
         50.191849774978749        0.000000094643099        0.037984090235672       -0.037983995592573
         50.312793991304005        0.000000121425049        0.049092022167376       -0.049091900742327
         50.433738207629254        0.000000143180690       -0.112454598477373        0.112454741658063
         50.554682423954503        0.000000189621513        0.019605039279253       -0.019604849657740
         50.675626640279752        0.000000240518099        0.042329888185174       -0.042329647667074
         50.796570856605001        0.000000255857682        0.046516252521181       -0.046515996663499
         50.917515072930250        0.000000274411468       -0.093478665647649        0.093478940059116
         51.038459289255499        0.000000313116108       -0.008698108670786        0.008698421786894
         51.159403505580755        0.000000345997752        0.062404474337926       -0.062404128340174
         51.280347721906004        0.000000350190221        0.026925345914165       -0.026924995723945
         51.401291938231253        0.000000364442295       -0.057869521559200        0.057869886001495
         51.522236154556502        0.000000386319063       -0.051555444501501        0.051555830820565
         51.643180370881751        0.000000397718943        0.094612299831068       -0.094611902112124
         51.764124587207000        0.000000398477680       -0.001668224578608        0.001668623056288
         51.885068803532249        0.000000402817999       -0.018000302152829        0.018000704970828
         52.006013019857505        0.000000403633115       -0.092618291375909        0.092618695009023
         52.126957236182754        0.000000401348534        0.118996813378794       -0.118996412030260
         52.247901452508003        0.000000398157333       -0.016744477600835        0.016744875758168
         52.368845668833252        0.000000384961849        0.003429571163261       -0.003429186201412
         52.489789885158501        0.000000376155319       -0.111111291356875        0.111111667512194
         52.610734101483750        0.000000368163988        0.118295929006387       -0.118295560842399
         52.731678317808999        0.000000351690720       -0.006442127517003        0.006442479207723
         52.852622534134255        0.000000324943946        0.001393361821353       -0.001393036877406
         52.973566750459504        0.000000321926861       -0.108857365914509        0.108857687841370
         53.094510966784753        0.000000308583665        0.100317304078249       -0.100316995494584
         53.215455183110002        0.000000278018249        0.015896253477624       -0.015895975459375
         53.336399399435251        0.000000249365767       -0.006843187520644        0.006843436886411
         53.457343615760500        0.000000255739682       -0.104697092242061        0.104697347981742
         53.578287832085749        0.000000237538632        0.083911264135651       -0.083911026597019
         53.699232048411005        0.000000201794295        0.032043925059952       -0.032043723265657
         53.820176264736254        0.000000178273414       -0.005155997493701        0.005156175767115
         53.941120481061503        0.000000189724712       -0.111305043614534        0.111305233339245
         54.062064697386752        0.000000172276017        0.078655881281643       -0.078655709005627
         54.183008913712001        0.000000141192626        0.034975859346805       -0.034975718154179
         54.303953130037250        0.000000123721964        0.010205301060835       -0.010205177338871
         54.424897346362499        0.000000134450619       -0.128741341219789        0.128741475670409
         54.545841562687755        0.000000124522175        0.082091786419126       -0.082091661896951
         54.666785779013004        0.000000105418817        0.029244619504654       -0.029244514085837
         54.787729995338253        0.000000092358464        0.031533546122373       -0.031533453763909
         54.908674211663502        0.000000097213344       -0.146057647146571        0.146057744359915
         55.029618427988751        0.000000096869150        0.081440651211387       -0.081440554342238
         55.150562644314000        0.000000091367845        0.029159304635963       -0.029159213268117
         55.271506860639249        0.000000082508515        0.042314629469755       -0.042314546961240
         55.392451076964505        0.000000081676711       -0.145676101782763        0.145676183459474
         55.513395293289754        0.000000084731472        0.060270239542120       -0.060270154810648
         55.634339509615003        0.000000085235863        0.049302026894934       -0.049301941659071
         55.755283725940252        0.000000083617529        0.030040558461912       -0.030040474844383
         55.876227942265501        0.000000084526913       -0.119148334745923        0.119148419272836
         55.997172158590750        0.000000081635271        0.016011542588042       -0.016011460952770
         56.118116374915999        0.000000077379849        0.086757326264154       -0.086757248884305
         56.239060591241255        0.000000083430503        0.002511918592313       -0.002511835161810
         56.360004807566504        0.000000091490297       -0.079685536928013        0.079685628418310
         56.480949023891753        0.000000079668301       -0.033344121175243        0.033344200843543
         56.601893240217002        0.000000066482794        0.121327963153397       -0.121327896670603
         56.722837456542251        0.000000072302352       -0.019550057804624        0.019550130106976
         56.843781672867500        0.000000084292400       -0.047881991387586        0.047882075679985
         56.964725889192749        0.000000067419494       -0.069111279674598        0.069111347094093
         57.085670105518005        0.000000047939006        0.138490915735648       -0.138490867796642
         57.206614321843254        0.000000045319254       -0.025902016224535        0.025902061543788
         57.327558538168503        0.000000056241071       -0.030321306652585        0.030321362893656
         57.448502754493752        0.000000037290355       -0.088984588711047        0.088984626001403
         57.569446970819001        0.000000014735862        0.140376617574519       -0.140376602838657
         57.690391187144250        0.000000004491936       -0.021205922705142        0.021205927197078
         57.811335403469499        0.000000012865715       -0.021356999325286        0.021357012191001
         57.932279619794755       -0.000000009825058       -0.099647864737194        0.099647854912136
         58.053223836120004       -0.000000033107444        0.134020767736018       -0.134020800843461
         58.174168052445253       -0.000000042831242       -0.010832352278104        0.010832309446862
         58.295112268770502       -0.000000037626276       -0.018006073351027        0.018006035724752
         58.416056485095751       -0.000000065561045       -0.102356238606926        0.102356173045881
         58.537000701421000       -0.000000084679297        0.118590986725905       -0.118591071405203
         58.657944917746249       -0.000000087496170        0.009086737633655       -0.009086825129825
         58.778889134071505       -0.000000087802599       -0.026458444762390        0.026458356959792
         58.899833350396754       -0.000000114092226       -0.090118490310230        0.090118376218004
         59.020777566722003       -0.000000122992479        0.086635678326855       -0.086635801319334
         59.141721783047252       -0.000000121931460        0.045922623673237       -0.045922745604698
         59.262665999372501       -0.000000125980013       -0.052208180585776        0.052208054605763
         59.383610215697750       -0.000000135535654       -0.061063381219965        0.061063245684311
         59.504554432022999       -0.000000135556547        0.040198545413419       -0.040198680969967
         59.625498648348255       -0.000000135461824        0.093088626292078       -0.093088761753902
         59.746442864673504       -0.000000132334970       -0.083530004545159        0.083529872210188
         59.867387080998753       -0.000000120288860       -0.031604821149823        0.031604700860964
         59.988331297324002       -0.000000119175415       -0.001313988331567        0.001313869156153
         60.109275513649251       -0.000000112797505        0.129591344971543       -0.129591457769048
         60.230219729974500       -0.000000094894456       -0.099413446207061        0.099413351312605
         60.351163946299749       -0.000000073904049       -0.020389305403946        0.020389231499897
         60.472108162625005       -0.000000071947613       -0.023459886568179        0.023459814620566
         60.593052378950254       -0.000000048335951        0.145987062618822       -0.145987110954773
         60.713996595275503       -0.000000019836595       -0.095740383014526        0.095740363177931
         60.834940811600752       -0.000000000707495       -0.025584122087312        0.025584121379817
         60.955885027926001        0.000000007677297       -0.032952105435480        0.032952113112777
         61.076829244251250        0.000000046673442        0.152092578095898       -0.152092531422455
         61.197773460576499        0.000000079358309       -0.084423303414249        0.084423382772557
         61.318717676901755        0.000000096158032       -0.033877452989593        0.033877549147625
         61.439661893227004        0.000000110429281       -0.042419078069191        0.042419188498472
         61.560606109552253        0.000000152379949        0.158204381320220       -0.158204228940271
         61.681550325877502        0.000000187447353       -0.073660189145301        0.073660376592654
         61.802494542202751        0.000000205092742       -0.039332379319076        0.039332584411818
         61.923438758528000        0.000000218150172       -0.054100435845167        0.054100653995339
         62.044382974853249        0.000000250086285        0.162566292473613       -0.162566042387328
         62.165327191178505        0.000000286477356       -0.059173098806986        0.059173385284342
         62.286271407503754        0.000000305880866       -0.048557962384879        0.048558268265745
         62.407215623829003        0.000000311807649       -0.058154039353193        0.058154351160842
         62.528159840154252        0.000000327481996        0.153091421592531       -0.153091094110535
         62.649104056479501        0.000000358058744       -0.028861241178114        0.028861599236858
         62.770048272804750        0.000000374361868       -0.073220951016214        0.073221325378082
         62.890992489129999        0.000000374974212       -0.043211324094352        0.043211699068564
         63.011936705455255        0.000000378682465        0.120863600870222       -0.120863222187757
         63.132880921780504        0.000000391512081        0.021429695506403       -0.021429303994322
         63.253825138105753        0.000000396295476       -0.112787689102486        0.112788085397963
         63.374769354431002        0.000000396264399       -0.014155947718464        0.014156343982863
         63.495713570756251        0.000000396748080        0.076541101781521       -0.076540705033442
         63.616657787081500        0.000000388061993        0.075028359664547       -0.075027971602554
         63.737602003406749        0.000000377667895       -0.146892945539576        0.146893323207471
         63.858546219732006        0.000000371535368        0.006710206221209       -0.006709834685841
         63.979490436057254        0.000000371546438        0.043841991146508       -0.043841619600070
         64.100434652382503        0.000000352341591        0.108805332658988       -0.108804980317396
         64.221378868707745        0.000000331625871       -0.156188291340396        0.156188622966267
         64.342323085033001        0.000000308073707        0.004798179621320       -0.004797871547613
         64.463267301358258        0.000000306458335        0.032637614329230       -0.032637307870895
         64.584211517683499        0.000000290574901        0.118826858348141       -0.118826567773240
         64.705155734008756        0.000000266869691       -0.143575420119296        0.143575686988988
         64.826099950333997        0.000000224863241       -0.011951825819412        0.011952050682652
         64.947044166659254        0.000000222998732        0.031724604950989       -0.031724381952257
         65.067988382984495        0.000000214702302        0.119497921615182       -0.119497706912880
         65.188932599309751        0.000000191268815       -0.125814657725954        0.125814848994769
         65.309876815635008        0.000000141962339       -0.027032504259262        0.027032646221601
         65.430821031960249        0.000000143544202        0.026096072342280       -0.026095928798079
         65.551765248285506        0.000000139349929        0.124860919592186       -0.124860780242257
         65.672709464610747        0.000000116622896       -0.115282601883173        0.115282718506069
         65.793653680936004        0.000000075285004       -0.031437416333697        0.031437491618701
         65.914597897261245        0.000000082187527        0.009950613980996       -0.009950531793469
         66.035542113586502        0.000000076437788        0.138576737146724       -0.138576660708936
         66.156486329911758        0.000000057048800       -0.112856494676714        0.112856551725515
         66.277430546236999        0.000000035411381       -0.028143370111920        0.028143405523301
         66.398374762562256        0.000000043475130       -0.010660334123237        0.010660377598368
         66.519318978887497        0.000000033919089        0.152412279107121       -0.152412245188031
         66.640263195212754        0.000000023903283       -0.107495044201966        0.107495068105250
         66.761207411537995        0.000000020560831       -0.031058274141242        0.031058294702073
         66.882151627863252        0.000000023034664       -0.020502103757389        0.020502126792054
         67.003095844188508        0.000000017849556        0.151153149308819       -0.151153131459263
         67.124040060513749        0.000000017428518       -0.084234595840725        0.084234613269243
         67.244984276839006        0.000000016299477       -0.053363889773279        0.053363906072756
         67.365928493164247        0.000000016400674       -0.010105447509509        0.010105463910184
         67.486872709489504        0.000000026672144        0.130037190314766       -0.130037163642623
         67.607816925814745        0.000000023942095       -0.043058326303032        0.043058350245126
         67.728761142140002        0.000000013100652       -0.089506479345114        0.089506492445766
         67.849705358465258        0.000000022030215        0.009614320947500       -0.009614298917286
         67.970649574790500        0.000000043287766        0.103784900594880       -0.103784857307115
         68.091593791115756        0.000000027364373       -0.001175881260578        0.001175908624951
         68.212538007440997        0.000000009043632       -0.120809380391781        0.120809389435413
         68.333482223766254        0.000000029431361        0.020263284762468       -0.020263255331107
         68.454426440091495        0.000000047424973        0.088426946926899       -0.088426899501926
         68.575370656416752        0.000000018969522        0.027966675806991       -0.027966656837469
         68.696314872742008       -0.000000002859880       -0.136502894877219        0.136502892017339
         68.817259089067250        0.000000023455512        0.014406401965858       -0.014406378510346
         68.938203305392506        0.000000031885230        0.087910883966643       -0.087910852081413
         69.059147521717748       -0.000000003665454        0.042181691359591       -0.042181695025045
         69.180091738043004       -0.000000030048134       -0.135270401081564        0.135270371033430
         69.301035954368245       -0.000000003090738       -0.007899451645682        0.007899448554944
         69.421980170693502       -0.000000001764189        0.101363406641122       -0.101363408405311
         69.542924387018758       -0.000000038417433        0.041452338362071       -0.041452376779504
         69.663868603344000       -0.000000069141635       -0.116453512801894        0.116453443660260
         69.784812819669256       -0.000000047529232       -0.046284228509099        0.046284180979867
         69.905757035994498       -0.000000049606579        0.127558705619259       -0.127558755225837
         70.026701252319754       -0.000000077586857        0.027064836697279       -0.027064914284136
         70.147645468644996       -0.000000105687646       -0.083116810154123        0.083116704466477
         70.268589684970252       -0.000000096673278       -0.093821391839534        0.093821295166256
         70.389533901295508       -0.000000100233707        0.156257048695998       -0.156257148929705
         70.510478117620750       -0.000000111088776        0.011777467228568       -0.011777578317343
         70.631422333946006       -0.000000126652914       -0.051979008134324        0.051978881481410
         70.752366550271248       -0.000000128299278       -0.129463784186420        0.129463655887141
         70.873310766596504       -0.000000130349131        0.164625384889889       -0.164625515239020
         70.994254982921746       -0.000000130431674        0.018326308609995       -0.018326439041670
         71.115199199247002       -0.000000128447878       -0.045492839269114        0.045492710821236
         71.236143415572258       -0.000000123271525       -0.132826704657931        0.132826581386406
         71.357087631897500       -0.000000116574157        0.137909189269949       -0.137909305844106
         71.478031848222756       -0.000000120956841        0.054782437009432       -0.054782557966273
         71.598976064547998       -0.000000102075355       -0.065528679892758        0.065528577817402
         71.719920280873254       -0.000000074235905       -0.109060574536766        0.109060500300861
         71.840864497198496       -0.000000051157945        0.089286474813166       -0.089286525971111
         71.961808713523752       -0.000000062238922        0.102205887574858       -0.102205949813781
         72.082752929849008       -0.000000030612392       -0.090130835571270        0.090130804958878
         72.203697146174250        0.000000017124208       -0.082336838182343        0.082336855306550
         72.324641362499506        0.000000057850773        0.043874394655265       -0.043874336804492
         72.445585578824748        0.000000050328519        0.137808854162240       -0.137808803833721
         72.566529795150004        0.000000089470278       -0.100662694333327        0.100662783803605
