#             time (fs)      |   total net charge (e)  |   charge (atom_1) (e)   |   charge (atom_2) (e)   |        ...        |   charge (atom_N) (e)   |
          0.000000000000000       -0.000000000000000       -0.000000000000000        0.000000000000000
          0.120944216325250       -0.000000029176431       -0.057200102407394        0.057200073230963
          0.241888432650500       -0.000000014961814        0.129249043220162       -0.129249058181976
          0.362832648975750        0.000000004059249       -0.091396158973709        0.091396163032959
          0.483776865301000        0.000000012555718        0.000802339763322       -0.000802327207604
          0.604721081626250       -0.000000026904067       -0.006834601594248        0.006834574690181
          0.725665297951500       -0.000000047136523        0.096082448183217       -0.096082495319740
          0.846609514276750       -0.000000048580713       -0.105387086741934        0.105387038161221
          0.967553730602000       -0.000000005422599       -0.004663011153228        0.004663005730628
          1.088497946927250        0.000000004465254        0.076271359350554       -0.076271354885300
          1.209442163252500       -0.000000021770792       -0.015581530418833        0.015581508648041
          1.330386379577750       -0.000000048455354       -0.045418322141351        0.045418273685997
          1.451330595903000       -0.000000051369502       -0.028589092442140        0.028589041072638
          1.572274812228250       -0.000000036388486        0.138116295465314       -0.138116331853800
          1.693219028553500       -0.000000029276742       -0.107114556499970        0.107114527223228
          1.814163244878750       -0.000000016655466       -0.021795249213946        0.021795232558480
          1.935107461204000       -0.000000022682721        0.054607311650984       -0.054607334333705
          2.056051677529250       -0.000000028924723        0.030554826282373       -0.030554855207096
          2.176995893854500       -0.000000030730616       -0.050055606554071        0.050055575823455
          2.297940110179750       -0.000000030142785       -0.066867509736593        0.066867479593807
          2.418884326505000       -0.000000032472423        0.149801584692656       -0.149801617165079
          2.539828542830250       -0.000000036606209       -0.069034031834685        0.069033995228476
          2.660772759155500       -0.000000043072427       -0.048667078839374        0.048667035766947
          2.781716975480750       -0.000000032706827        0.032276377251187       -0.032276409958014
          2.902661191806000       -0.000000017342273        0.052386638332226       -0.052386655674499
          3.023605408131250       -0.000000006918912       -0.024530195974697        0.024530189055785
          3.144549624456500       -0.000000031210880       -0.099934465119843        0.099934433908963
          3.265493840781750       -0.000000044916783        0.135829011403668       -0.135829056320451
          3.386438057107000       -0.000000060920001       -0.038660170417759        0.038660109497758
          3.507382273432250       -0.000000051079869       -0.026582126920406        0.026582075840536
          3.628326489757500       -0.000000020468703       -0.036292513256660        0.036292492787957
          3.749270706082750       -0.000000002214072        0.101637749931430       -0.101637752145502
          3.870214922408000       -0.000000027144732       -0.042821566934748        0.042821539790016
          3.991159138733250       -0.000000078909071       -0.056474211686969        0.056474132777898
          4.112103355058500       -0.000000058055269        0.048059772579458       -0.048059830634727
          4.233047571383750       -0.000000012394236        0.036000737992143       -0.036000750386379
          4.353991787709000        0.000000009016144       -0.045359133167267        0.045359142183412
          4.474936004034250       -0.000000047573901       -0.034970091837911        0.034970044264011
          4.595880220359500       -0.000000067765558        0.067258473499755       -0.067258541265313
          4.716824436684750       -0.000000027287875        0.006199024676125       -0.006199051964000
          4.837768653010000        0.000000006063130       -0.072176451371824        0.072176457434954
          4.958712869335250       -0.000000024978936        0.040247426276585       -0.040247451255521
          5.079657085660500       -0.000000054648105        0.011307941274743       -0.011307995922848
          5.200601301985750       -0.000000021752438        0.026044016429716       -0.026044038182155
          5.321545518311000       -0.000000011609589       -0.107390605985707        0.107390594376118
          5.442489734636251       -0.000000022958371        0.108661160403091       -0.108661183361462
          5.563433950961501       -0.000000016989624       -0.028213981182351        0.028213964192727
          5.684378167286750       -0.000000001410792       -0.017345110364822        0.017345108954030
          5.805322383612000       -0.000000014678609       -0.011920683817478        0.011920669138869
          5.926266599937250       -0.000000017308980        0.020520736678444       -0.020520753987425
          6.047210816262500       -0.000000012570599        0.052044720311371       -0.052044732881970
          6.168155032587750       -0.000000011900361       -0.119155641406936        0.119155629506574
          6.289099248913001       -0.000000010372108        0.083412061405667       -0.083412071777774
          6.410043465238251       -0.000000022140040        0.004327435479224       -0.004327457619264
          6.530987681563500       -0.000000030412414       -0.025648733987114        0.025648703574699
          6.651931897888750       -0.000000004277210       -0.014820534961818        0.014820530684607
          6.772876114214000       -0.000000013482750        0.005482046242096       -0.005482059724847
          6.893820330539250       -0.000000041363077        0.077536212709343       -0.077536254072420
          7.014764546864500       -0.000000039981126       -0.121711851974208        0.121711811993082
          7.135708763189751       -0.000000030188215        0.064484092777494       -0.064484122965708
          7.256652979515001       -0.000000064603157       -0.003408088597774        0.003408023994616
          7.377597195840250       -0.000000090341111        0.039903896394820       -0.039903986735930
          7.498541412165500       -0.000000061063838       -0.108760160684120        0.108760099620282
          7.619485628490750       -0.000000064659513        0.085857360437749       -0.085857425097263
          7.740429844816000       -0.000000105847140       -0.000468293060061        0.000468187212921
          7.861374061141250       -0.000000154410998       -0.005613762850461        0.005613608439463
          7.982318277466501       -0.000000133562172       -0.083109228787169        0.083109095224997
          8.103262493791750       -0.000000120122495        0.122155059067648       -0.122155179190143
          8.224206710117000       -0.000000133597597       -0.046888002100135        0.046887868502538
          8.345150926442249       -0.000000175716243       -0.013302249250864        0.013302073534621
          8.466095142767500       -0.000000210149780       -0.049758347129043        0.049758136979263
          8.587039359092751       -0.000000217800881        0.131949654091089       -0.131949871891970
          8.707983575418000       -0.000000213027103       -0.084248838634077        0.084248625606973
          8.828927791743251       -0.000000194048021       -0.034433999195211        0.034433805147191
          8.949872008068500       -0.000000222133495        0.049610216445406       -0.049610438578900
          9.070816224393750       -0.000000257194328        0.035400472413116       -0.035400729607444
          9.191760440718999       -0.000000284802025       -0.041818889761267        0.041818604959242
          9.312704657044250       -0.000000282054181       -0.077694180992806        0.077693898938626
          9.433648873369501       -0.000000281854644        0.147793079564453       -0.147793361419097
          9.554593089694750       -0.000000281037216       -0.058505941003836        0.058505659966619
          9.675537306020001       -0.000000283390351       -0.049493300293634        0.049493016903284
          9.796481522345250       -0.000000290810780        0.018554861135464       -0.018555151946243
          9.917425738670500       -0.000000291692190        0.063294576707431       -0.063294868399622
         10.038369954995749       -0.000000287748032       -0.017392608123765        0.017392320375732
         10.159314171321000       -0.000000289405278       -0.114874877727473        0.114874588322195
         10.280258387646251       -0.000000286511319        0.135280742512430       -0.135281029023749
         10.401202603971500       -0.000000287576097       -0.017706102840327        0.017705815264230
         10.522146820296751       -0.000000273385176       -0.051130752040378        0.051130478655202
         10.643091036622000       -0.000000241017708       -0.016250573709784        0.016250332692077
         10.764035252947250       -0.000000203836275        0.069883424791095       -0.069883628627371
         10.884979469272501       -0.000000192674785        0.014827314420844       -0.014827507095629
         11.005923685597750       -0.000000203266357       -0.125170040637887        0.125169837371530
         11.126867901923001       -0.000000185512352        0.102489213396421       -0.102489398908773
         11.247812118248250       -0.000000159769752       -0.003935915445002        0.003935755675250
         11.368756334573501       -0.000000098995786        0.000201889179819       -0.000201988175605
         11.489700550898750       -0.000000055392881       -0.090912976787683        0.090912921394802
         11.610644767224001       -0.000000028265857        0.115650775653485       -0.115650803919342
         11.731588983549251       -0.000000041496530       -0.028268971569275        0.028268930072745
         11.852533199874500       -0.000000014101021       -0.031085833914214        0.031085819813193
         11.973477416199751        0.000000066309809       -0.027055805064849        0.027055871374658
         12.094421632525000        0.000000127633804        0.098138342678012       -0.098138215044208
         12.215365848850251        0.000000135061730       -0.065668073573049        0.065668208634780
         12.336310065175500        0.000000129576018       -0.007239320531851        0.007239450107870
         12.457254281500751        0.000000198054549       -0.009259391955860        0.009259590010409
         12.578198497826001        0.000000253284618        0.094720212217403       -0.094719958932785
         12.699142714151250        0.000000271680125       -0.116224211852740        0.116224483532865
         12.820086930476501        0.000000286396490        0.048256613436759       -0.048256327040269
         12.941031146801750        0.000000340743381       -0.005748534480819        0.005748875224200
         13.061975363127001        0.000000360132837        0.046532081617959       -0.046531721485122
         13.182919579452250        0.000000356894928       -0.075585469302025        0.075585826196954
         13.303863795777501        0.000000385306848        0.007639202109193       -0.007638816802346
         13.424808012102751        0.000000408999861        0.087064609990139       -0.087064200990278
         13.545752228428000        0.000000411637713       -0.092811108710053        0.092811520347766
         13.666696444753251        0.000000413732054        0.030849560980747       -0.030849147248693
         13.787640661078500        0.000000411841408       -0.014282726674421        0.014283138515829
         13.908584877403751        0.000000411193688        0.056409307533023       -0.056408896339335
         14.029529093729000        0.000000408275227       -0.052003277675213        0.052003685950440
         14.150473310054251        0.000000379641301       -0.038169043648461        0.038169423289762
         14.271417526379501        0.000000354286716        0.108892481592382       -0.108892127305666
         14.392361742704750        0.000000347448345       -0.075865032243237        0.075865379691582
         14.513305959030001        0.000000309814572        0.013010249067843       -0.013009939253271
         14.634250175355250        0.000000253599855       -0.031309886197032        0.031310139796888
         14.755194391680501        0.000000250269497        0.094072664223048       -0.094072413953551
         14.876138608005750        0.000000218868190       -0.079252088927738        0.079252307795928
         14.997082824331001        0.000000140177989       -0.010783430527090        0.010783570705079
         15.118027040656251        0.000000063575246        0.043160489912460       -0.043160426337214
         15.238971256981500        0.000000065199783        0.025794249574301       -0.025794184374518
         15.359915473306751        0.000000046340399       -0.072518649378969        0.072518695719368
         15.480859689632000       -0.000000042451730        0.010559858925847       -0.010559901377577
         15.601803905957251       -0.000000140008908        0.058102815796767       -0.058102955805675
         15.722748122282500       -0.000000181569782       -0.009015676815274        0.009015495245492
         15.843692338607751       -0.000000175978196       -0.090061645425279        0.090061469447083
         15.964636554933001       -0.000000229137368        0.085216376981967       -0.085216606119334
         16.085580771258250       -0.000000304170081        0.004438556790696       -0.004438860960777
         16.206524987583499       -0.000000384827575       -0.012201979093876        0.012201594266301
         16.327469203908752       -0.000000418129561       -0.092488094510549        0.092487676380988
         16.448413420234001       -0.000000446799386        0.141345269395082       -0.141345716194468
         16.569357636559250       -0.000000461089205       -0.045092507105965        0.045092046016760
         16.690301852884499       -0.000000488086063       -0.051843428006514        0.051842939920451
         16.811246069209751       -0.000000540851761        0.009571006680638       -0.009571547532399
         16.932190285535000       -0.000000585337798        0.069163962863160       -0.069164548200958
         17.053134501860249       -0.000000610854529       -0.012196631693577        0.012196020839048
         17.174078718185502       -0.000000615322451       -0.122249137676422        0.122248522353971
         17.295022934510751       -0.000000625266642        0.132520263771234       -0.132520889037876
         17.415967150836000       -0.000000629210105       -0.007548265097605        0.007547635887500
         17.536911367161249       -0.000000633731439       -0.053881755262990        0.053881121531551
         17.657855583486501       -0.000000630437847       -0.024629567706722        0.024628937268874
         17.778799799811750       -0.000000617342517        0.072857484545135       -0.072858101887652
         17.899744016136999       -0.000000606844745        0.030297051238689       -0.030297658083434
         18.020688232462252       -0.000000600717095       -0.144869037409198        0.144868436692103
         18.141632448787501       -0.000000583818454        0.100729772132187       -0.100730355950641
         18.262576665112750       -0.000000567387119        0.021593750110113       -0.021594317497231
         18.383520881437999       -0.000000518522739       -0.029374682388766        0.029374163866026
         18.504465097763251       -0.000000460842034       -0.062299816863105        0.062299356021071
         18.625409314088500       -0.000000405224728        0.066523705879741       -0.066524111104469
         18.746353530413749       -0.000000399210958        0.053857731447979       -0.053858130658937
         18.867297746739002       -0.000000378009342       -0.125895002997376        0.125894624988034
         18.988241963064251       -0.000000322481783        0.057112612734789       -0.057112935216572
         19.109186179389500       -0.000000243901978        0.016489841297429       -0.016490085199407
         19.230130395714749       -0.000000167202716        0.036521183090809       -0.036521350293526
         19.351074612040001       -0.000000132256090       -0.127782596747609        0.127782464491518
         19.472018828365250       -0.000000100029200        0.107141477995234       -0.107141578024434
         19.592963044690499       -0.000000067420321       -0.013576738468350        0.013576671048029
         19.713907261015752        0.000000026050323        0.003741144137131       -0.003741118086808
         19.834851477341001        0.000000094338601       -0.090289881521050        0.090289975859650
         19.955795693666250        0.000000129424534        0.127974369156943       -0.127974239732409
         20.076739909991499        0.000000154868030       -0.059041654589966        0.059041809457996
         20.197684126316751        0.000000227440421        0.002034202614441       -0.002033975174020
         20.318628342642000        0.000000288009617       -0.047832302839082        0.047832590848699
         20.439572558967249        0.000000294002673        0.108346727831126       -0.108346433828453
         20.560516775292502        0.000000329844075       -0.066125159246333        0.066125489090409
         20.681460991617751        0.000000389041902       -0.033304886218747        0.033305275260650
         20.802405207943000        0.000000416889731        0.060000819688305       -0.060000402798574
         20.923349424268253        0.000000410316719       -0.012451929191677        0.012452339508396
         21.044293640593501        0.000000436167067        0.009020212287626       -0.009019776120559
         21.165237856918750        0.000000454102189       -0.081149784596590        0.081150238698779
         21.286182073243999        0.000000456769684        0.114322079151111       -0.114321622381427
         21.407126289569252        0.000000457656970       -0.036949499285254        0.036949956942224
         21.528070505894501        0.000000448191545       -0.057487581759967        0.057488029951512
         21.649014722219750        0.000000443767530        0.057147912933952       -0.057147469166422
         21.769958938545003        0.000000442015419       -0.007979130082043        0.007979572097462
         21.890903154870252        0.000000404311603        0.027693856866881       -0.027693452555277
         22.011847371195501        0.000000387586933       -0.102116564397081        0.102116951984014
         22.132791587520749        0.000000376798003        0.104764219050456       -0.104763842252453
         22.253735803846002        0.000000327058315       -0.011660287289377        0.011660614347691
         22.374680020171251        0.000000260566880       -0.047828061547989        0.047828322114869
         22.495624236496500        0.000000263589272       -0.000444317920316        0.000444581509587
         22.616568452821753        0.000000263732354        0.051002160390053       -0.051001896657700
         22.737512669147002        0.000000183394637        0.005913668008980       -0.005913484614343
         22.858456885472251        0.000000106674230       -0.094553736269112        0.094553842943343
         22.979401101797500        0.000000083879268        0.074251113585125       -0.074251029705857
         23.100345318122752        0.000000102776759        0.020774183541322       -0.020774080764564
         23.221289534448001        0.000000035938635       -0.030544198741059        0.030544234679694
         23.342233750773250       -0.000000051510762       -0.062073076253739        0.062073024742977
         23.463177967098503       -0.000000113517873        0.092766866056816       -0.092766979574689
         23.584122183423752       -0.000000097470921        0.009582855249074       -0.009582952719996
         23.705066399749001       -0.000000100629272       -0.094753842020336        0.094753741391064
         23.826010616074250       -0.000000164051862        0.037531700368527       -0.037531864420389
         23.946954832399502       -0.000000233842455        0.045961998628205       -0.045962232470660
         24.067899048724751       -0.000000277632946        0.011130194886209       -0.011130472519155
         24.188843265050000       -0.000000277486052       -0.136166451413586        0.136166173927534
         24.309787481375253       -0.000000290776362        0.127641459360473       -0.127641750136835
         24.430731697700502       -0.000000288388528        0.007468624539122       -0.007468912927650
         24.551675914025751       -0.000000317012469       -0.058878438633731        0.058878121621262
         24.672620130351000       -0.000000349288880       -0.034901471951187        0.034901122662307
         24.793564346676252       -0.000000373592732        0.079841213757846       -0.079841587350578
         24.914508563001501       -0.000000376090092        0.041515919814374       -0.041516295904466
         25.035452779326750       -0.000000375700221       -0.159803272512443        0.159802896812223
         25.156396995652003       -0.000000377109031        0.094610849631999       -0.094611226741030
         25.277341211977252       -0.000000377552350        0.044911012937899       -0.044911390490248
         25.398285428302501       -0.000000372260799       -0.042171868979821        0.042171496719022
         25.519229644627750       -0.000000359812425       -0.065314041931603        0.065313682119178
         25.640173860953002       -0.000000342087332        0.056579723041002       -0.056580065128334
         25.761118077278251       -0.000000346851911        0.090817412153563       -0.090817759005474
         25.882062293603500       -0.000000344283593       -0.158160075115666        0.158159730832073
         26.003006509928753       -0.000000341842204        0.049891143745854       -0.049891485588058
         26.123950726254002       -0.000000324387744        0.051390997164502       -0.051391321552246
         26.244894942579251       -0.000000275644337        0.006753490627501       -0.006753766271838
         26.365839158904500       -0.000000229493789       -0.097505396015130        0.097505166521340
         26.486783375229752       -0.000000212475029        0.039471822298228       -0.039472034773257
         26.607727591555001       -0.000000249455301        0.096074428176350       -0.096074677631651
         26.728671807880250       -0.000000227350674       -0.109781551365660        0.109781324014987
         26.849616024205503       -0.000000178986505        0.005787536188703       -0.005787715175208
         26.970560240530752       -0.000000107310463        0.023537086784011       -0.023537194094474
         27.091504456856001       -0.000000098878558        0.077458416811247       -0.077458515689805
         27.212448673181250       -0.000000109440802       -0.143300880410998        0.143300770970195
         27.333392889506502       -0.000000099130522        0.071303146309509       -0.071303245440031
         27.454337105831751       -0.000000048070037        0.012180390047544       -0.012180438117581
         27.575281322157000        0.000000007779308        0.031220225161290       -0.031220217381982
         27.696225538482253       -0.000000009139955       -0.122911149098000        0.122911139958045
         27.817169754807502       -0.000000003774696        0.105833926278869       -0.105833930053565
         27.938113971132751        0.000000038688802       -0.003779301574768        0.003779340263570
         28.059058187458000        0.000000091303273       -0.026332897750738        0.026332989054010
         28.180002403783252        0.000000060189561       -0.040338680143517        0.040338740333078
         28.300946620108501        0.000000054632156        0.060396895618699       -0.060396840986543
         28.421890836433750        0.000000097486355        0.034195072026486       -0.034194974540131
         28.542835052759003        0.000000115734224       -0.120400906864454        0.120401022598678
         28.663779269084252        0.000000107140411        0.085467432477007       -0.085467325336597
         28.784723485409501        0.000000115988762       -0.005557541598758        0.005557657587519
         28.905667701734750        0.000000125188489        0.011212803884321       -0.011212678695831
         29.026611918060002        0.000000122007037       -0.067813435367173        0.067813557374210
         29.147556134385251        0.000000122841574        0.039143428608673       -0.039143305767099
         29.268500350710500        0.000000113572315        0.075664481836963       -0.075664368264648
         29.389444567035753        0.000000110867169       -0.127101484018002        0.127101594885171
         29.510388783361002        0.000000115296586        0.055999567866490       -0.055999452569903
         29.631332999686251        0.000000083928385        0.010586950833812       -0.010586866905427
         29.752277216011500        0.000000075331620        0.031129229557253       -0.031129154225633
         29.873221432336752        0.000000109792705       -0.088719408731053        0.088719518523758
         29.994165648662001        0.000000078115691        0.031885688167177       -0.031885610051486
         30.115109864987250        0.000000023296291        0.080207194371549       -0.080207171075258
         30.236054081312503        0.000000015411766       -0.086607944012135        0.086607959423901
         30.356998297637752        0.000000067341101       -0.005339230701238        0.005339298042339
         30.477942513963001        0.000000026957231        0.025516814821039       -0.025516787863808
         30.598886730288250       -0.000000032722827        0.075759723783776       -0.075759756506603
         30.719830946613502       -0.000000053928970       -0.135225945292474        0.135225891363504
         30.840775162938751       -0.000000014285641        0.048858473486774       -0.048858487772415
         30.961719379264000       -0.000000008148785        0.044977356992922       -0.044977365141706
         31.082663595589253       -0.000000080298822        0.009679989984265       -0.009680070283087
         31.203607811914502       -0.000000130717915       -0.115828708799260        0.115828578081344
         31.324552028239751       -0.000000137095361        0.076668129620444       -0.076668266715805
         31.445496244565000       -0.000000075190465        0.068774369575574       -0.068774444766039
         31.566440460890252       -0.000000094906121       -0.100163769273667        0.100163674367546
         31.687384677215501       -0.000000139845899       -0.014893946274259        0.014893806428360
         31.808328893540750       -0.000000192857182        0.056881283301011       -0.056881476158193
         31.929273109866003       -0.000000193205218        0.073807059957438       -0.073807253162656
         32.050217326191252       -0.000000186482940       -0.174408154949804        0.174407968466864
         32.171161542516501       -0.000000176344321        0.072956209853092       -0.072956386197413
         32.292105758841750       -0.000000166428194        0.077744705015027       -0.077744871443221
         32.413049975166999       -0.000000191483632       -0.049440346355488        0.049440154871855
         32.533994191492248       -0.000000208959130       -0.076544201154415        0.076543992195285
         32.654938407817504       -0.000000219291883        0.046986140662485       -0.046986359954368
         32.775882624142753       -0.000000215070628        0.125182511936694       -0.125182727007322
         32.896826840468002       -0.000000215343440       -0.171235393164052        0.171235177820612
         33.017771056793251       -0.000000216376015        0.014565300048525       -0.014565516424540
         33.138715273118500       -0.000000215763956        0.099281901311567       -0.099282117075523
         33.259659489443749       -0.000000202781267       -0.011676942335041        0.011676739553774
         33.380603705768998       -0.000000182297168       -0.088631701419143        0.088631519121975
         33.501547922094254       -0.000000170233915       -0.005131008721017        0.005130838487102
         33.622492138419503       -0.000000184232591        0.162088124405125       -0.162088308637717
         33.743436354744752       -0.000000181296301       -0.134456222672399        0.134456041376098
         33.864380571070001       -0.000000199288870       -0.028571998393528        0.028571799104659
         33.985324787395250       -0.000000159799594        0.068200193467947       -0.068200353267541
         34.106269003720499       -0.000000105762527        0.052076164885643       -0.052076270648171
         34.227213220045748       -0.000000050887728       -0.097134719708707        0.097134668820979
         34.348157436371004       -0.000000076436171       -0.034578981914671        0.034578905478501
         34.469101652696253       -0.000000104649859        0.145222506505601       -0.145222611155460
         34.590045869021502       -0.000000067677082       -0.074920910686801        0.074920843009718
         34.710990085346751       -0.000000003525893       -0.036838665568247        0.036838662042354
         34.831934301672000        0.000000064716736       -0.006982687692937        0.006982752409673
         34.952878517997249        0.000000045544922        0.133517560990920       -0.133517515445999
         35.073822734322498        0.000000051442703       -0.134588115533993        0.134588166976695
         35.194766950647754        0.000000075180056        0.015855432133627       -0.015855356953571
         35.315711166973003        0.000000164202506        0.021595140720630       -0.021594976518124
         35.436655383298252        0.000000179929811        0.078683011964294       -0.078682832034483
         35.557599599623501        0.000000165498178       -0.140501140037071        0.140501305535249
         35.678543815948750        0.000000202487645        0.053944859861778       -0.053944657374133
         35.799488032273999        0.000000276385555        0.048404159783887       -0.048403883398332
         35.920432248599248        0.000000293172297       -0.019712080545773        0.019712373718070
         36.041376464924504        0.000000257929686       -0.057405838680217        0.057406096609903
         36.162320681249753        0.000000301303640        0.017838120368582       -0.017837819064943
         36.283264897575002        0.000000338826505        0.106102547196070       -0.106102208369565
         36.404209113900251        0.000000344083396       -0.134910098978648        0.134910443062045
         36.525153330225500        0.000000347793956        0.036151262783558       -0.036150914989602
         36.646097546550749        0.000000362522347        0.029247918889900       -0.029247556367553
         36.767041762875998        0.000000361282393        0.022781399198803       -0.022781037916410
         36.887985979201254        0.000000364316056       -0.063359051715846        0.063359416031902
         37.008930195526503        0.000000348274641       -0.023915216662143        0.023915564936784
         37.129874411851752        0.000000332635935        0.135727943612498       -0.135727610976562
         37.250818628177001        0.000000328492751       -0.111446083384239        0.111446411876990
         37.371762844502250        0.000000299771340       -0.000918206571852        0.000918506343192
         37.492707060827499        0.000000239315422        0.020300677531711       -0.020300438216290
         37.613651277152748        0.000000260909809        0.067293028924189       -0.067292768014380
         37.734595493478004        0.000000246142509       -0.086023953627922        0.086024199770432
         37.855539709803253        0.000000158422573       -0.030582832739250        0.030582991161823
         37.976483926128502        0.000000078373010        0.115556514637120       -0.115556436264110
         38.097428142453751        0.000000090537914       -0.043186036186363        0.043186126724277
         38.218372358779000        0.000000089402795       -0.053361043561664        0.053361132964459
         38.339316575104249       -0.000000026979452       -0.002037005338315        0.002036978358862
         38.460260791429498       -0.000000116798274        0.126697236132079       -0.126697352930353
         38.581205007754754       -0.000000157857612       -0.108427344086108        0.108427186228496
         38.702149224080003       -0.000000123378480       -0.033209890196932        0.033209766818452
         38.823093440405252       -0.000000207178944        0.068581394472265       -0.068581601651209
         38.944037656730501       -0.000000322002128        0.056636506411800       -0.056636828413928
         39.064981873055750       -0.000000424085703       -0.115507314073414        0.115506889987711
         39.185926089380999       -0.000000423133208       -0.020317583824994        0.020317160691786
         39.306870305706248       -0.000000419834318        0.152059297359336       -0.152059717193654
         39.427814522031504       -0.000000484763287       -0.078460692010355        0.078460207247068
         39.548758738356753       -0.000000554204385       -0.059937272201158        0.059936717996773
         39.669702954682002       -0.000000635591121        0.010864936909000       -0.010865572500120
         39.790647171007251       -0.000000668123309        0.153263892040375       -0.153264560163684
         39.911591387332500       -0.000000703922964       -0.144874051221000        0.144873347298036
         40.032535603657749       -0.000000694198189       -0.051942915143821        0.051942220945633
         40.153479819982998       -0.000000721055775        0.142695793298100       -0.142696514353875
         40.274424036308254       -0.000000752293168       -0.010464774682812        0.010464022389643
         40.395368252633503       -0.000000777865985       -0.087004822786007        0.087004044920022
         40.516312468958752       -0.000000788813183       -0.041569129860819        0.041568341047636
         40.637256685284001       -0.000000791121803        0.187128751522808       -0.187129542644611
         40.758200901609250       -0.000000788030047       -0.090746938645903        0.090746150615855
         40.879145117934499       -0.000000789457592       -0.115865089205301        0.115864299747709
         41.000089334259748       -0.000000768995036        0.125593091589114       -0.125593860584150
         41.121033550585004       -0.000000739712455        0.035928769193015       -0.035929508905470
         41.241977766910253       -0.000000686902348       -0.064304506909131        0.064303820006783
         41.362921983235502       -0.000000653463255       -0.101618606562498        0.101617953099242
         41.483866199560751       -0.000000609842493        0.179396582433966       -0.179397192276459
         41.604810415886000       -0.000000599906479       -0.025373565517341        0.025372965610862
         41.725754632211249       -0.000000577775098       -0.126264618474499        0.126264040699401
         41.846698848536505       -0.000000478075940        0.057837970829756       -0.057838448905696
         41.967643064861754       -0.000000366362456        0.076142034329262       -0.076142400691719
         42.088587281187003       -0.000000261202104       -0.022751552991428        0.022751291789324
         42.209531497512252       -0.000000246573012       -0.142907675837731        0.142907429264719
         42.330475713837501       -0.000000183541636        0.156815442798764       -0.156815626340400
         42.451419930162750       -0.000000126904298       -0.010579657180262        0.010579530275965
         42.572364146487999        0.000000016330380       -0.044523330389902        0.044523346720282
         42.693308362813255        0.000000134825745       -0.078400411324002        0.078400546149747
         42.814252579138504        0.000000211508821        0.167128993291794       -0.167128781782974
         42.935196795463753        0.000000251799724       -0.077043486973876        0.077043738773600
         43.056141011789002        0.000000334303173       -0.034554374081075        0.034554708384248
         43.177085228114251        0.000000487404551       -0.019407032551141        0.019407519955692
         43.298029444439500        0.000000554399521        0.144454621303947       -0.144454066904426
         43.418973660764749        0.000000611081729       -0.132106491008052        0.132107102089780
         43.539917877090005        0.000000687498937        0.005409150814992       -0.005408463316055
         43.660862093415254        0.000000809880759        0.030833790773644       -0.030832980892885
         43.781806309740503        0.000000830537132        0.062342015572048       -0.062341185034916
         43.902750526065752        0.000000858354623       -0.098387188127651        0.098388046482274
         44.023694742391001        0.000000935541231       -0.017910685504515        0.017911621045746
         44.144638958716250        0.000000987743168        0.129928555182835       -0.129927567439667
         44.265583175041499        0.000000998177890       -0.088137488954584        0.088138487132474
         44.386527391366755        0.000001013835080       -0.009786431967302        0.009787445802381
         44.507471607692004        0.000001024666900       -0.008369764192907        0.008370788859806
         44.628415824017253        0.000001024916486        0.097456792483963       -0.097455767567477
         44.749360040342502        0.000001012708318       -0.074560778184018        0.074561790892336
         44.870304256667751        0.000000971081014       -0.067239018164269        0.067239989245283
         44.991248472993000        0.000000929951121        0.134273451303610       -0.134272521352489
         45.112192689318249        0.000000913763227       -0.048757607271287        0.048758521034514
         45.233136905643505        0.000000834348490       -0.024123072754105        0.024123907102595
         45.354081121968754        0.000000749579323       -0.048340805638483        0.048341555217806
         45.475025338294003        0.000000726866917        0.140115167632776       -0.140114440765859
         45.595969554619252        0.000000637581320       -0.078871527520870        0.078872165102189
         45.716913770944501        0.000000494310211       -0.056517110063731        0.056517604373942
         45.837857987269750        0.000000371516687        0.055486224013901       -0.055485852497214
         45.958802203594999        0.000000374484260        0.069177221079816       -0.069176846595556
         46.079746419920255        0.000000273132398       -0.095878659510620        0.095878932643019
         46.200690636245504        0.000000101622847       -0.034099219936696        0.034099321559544
         46.321634852570753       -0.000000068780986        0.105113903723729       -0.105113972504715
         46.442579068896002       -0.000000111542306        0.012706300615287       -0.012706412157592
         46.563523285221251       -0.000000146805988       -0.133941787988193        0.133941641182205
         46.684467501546500       -0.000000293711551        0.061818850751201       -0.061819144462752
         46.805411717871749       -0.000000454431815        0.072851168676289       -0.072851623108104
         46.926355934197005       -0.000000594474880       -0.021931954188545        0.021931359713665
         47.047300150522254       -0.000000630711352       -0.151735189454055        0.151734558742702
         47.168244366847503       -0.000000708499494        0.166087994436630       -0.166088702936124
         47.289188583172752       -0.000000754833816        0.006977791000506       -0.006978545834322
         47.410132799498001       -0.000000860093994       -0.084357577440639        0.084356717346645
         47.531077015823250       -0.000000964384906       -0.052000901082613        0.051999936697707
         47.652021232148499       -0.000001054254231        0.144446290265168       -0.144447344519399
         47.772965448473755       -0.000001091130791        0.004911623932424       -0.004912715063215
         47.893909664799004       -0.000001107608119       -0.186309782456426        0.186308674848307
         48.014853881124253       -0.000001145442995        0.123421036533854       -0.123422181976849
         48.135798097449502       -0.000001167517829        0.064278862484975       -0.064280030002804
         48.256742313774751       -0.000001196121562       -0.061475113099201        0.061473916977638
         48.377686530100000       -0.000001205930531       -0.107850925579413        0.107849719648883
         48.498630746425249       -0.000001200926981        0.122250925874352       -0.122252126801333
         48.619574962750505       -0.000001195971026        0.083974949816638       -0.083976145787664
         48.740519179075754       -0.000001181594898       -0.201378159140635        0.201376977545737
         48.861463395401003       -0.000001157064492        0.059882879142370       -0.059884036206862
         48.982407611726252       -0.000001118230405        0.092747263492130       -0.092748381722536
         49.103351828051501       -0.000001043702943       -0.012778880906506        0.012777837203564
         49.224296044376750       -0.000000966322364       -0.133636144980930        0.133635178658566
         49.345240260701999       -0.000000892937316        0.065165142719125       -0.065166035656441
         49.466184477027255       -0.000000884714416        0.134319981219430       -0.134320865933846
         49.587128693352504       -0.000000809585727       -0.162293635280852        0.162292825695125
         49.708072909677753       -0.000000729720244        0.002175010865320       -0.002175740585564
         49.829017126003002       -0.000000587800130        0.061248616299414       -0.061249204099544
         49.949961342328251       -0.000000467112351        0.074747514109766       -0.074747981222117
         50.070905558653500       -0.000000366086715       -0.170386743239564        0.170386377152849
         50.191849774978749       -0.000000320148836        0.059857595517327       -0.059857915666163
         50.312793991304005       -0.000000268501520        0.077086665213566       -0.077086933715086
         50.433738207629254       -0.000000092440984       -0.025481473050110        0.025481380609126
         50.554682423954503        0.000000066696634       -0.110648641842608        0.110648708539242
         50.675626640279752        0.000000171537409        0.096869432658446       -0.096869261121037
         50.796570856605001        0.000000169037251        0.037476676575151       -0.037476507537900
         50.917515072930250        0.000000290621537       -0.062176729541944        0.062177020163481
         51.038459289255499        0.000000446346170       -0.066417272779976        0.066417719126146
         51.159403505580755        0.000000552699617        0.140581662959159       -0.140581110259543
         51.280347721906004        0.000000575972803       -0.055060556761142        0.055061132733945
         51.401291938231253        0.000000653633517       -0.028013459363188        0.028014112996704
         51.522236154556502        0.000000765253704       -0.039512392341747        0.039513157595452
         51.643180370881751        0.000000797702432        0.142490374207702       -0.142489576505270
         51.764124587207000        0.000000841960298       -0.099539824994805        0.099540666955103
         51.885068803532249        0.000000904957314       -0.037798172087571        0.037799077044885
         52.006013019857505        0.000000943422399        0.074744344188499       -0.074743400766100
         52.126957236182754        0.000000940937709        0.004030890921681       -0.004029949983972
         52.247901452508003        0.000000955789178       -0.022142846075488        0.022143801864666
         52.368845668833252        0.000000957785236       -0.082783621801155        0.082784579586391
         52.489789885158501        0.000000953933502        0.146899183997319       -0.146898230063816
         52.610734101483750        0.000000932272783       -0.053636906432489        0.053637838705272
         52.731678317808999        0.000000880429261       -0.068393520350305        0.068394400779566
         52.852622534134255        0.000000851176190        0.052379459753508       -0.052378608577318
         52.973566750459504        0.000000850475406        0.033197447560840       -0.033196597085434
         53.094510966784753        0.000000760256598       -0.005651745394646        0.005652505651245
         53.215455183110002        0.000000687740958       -0.119353299852473        0.119353987593431
         53.336399399435251        0.000000641352050        0.146949135425301       -0.146948494073250
         53.457343615760500        0.000000585834090       -0.032441775885772        0.032442361719862
         53.578287832085749        0.000000451482435       -0.034319239729819        0.034319691212254
         53.699232048411005        0.000000380715417       -0.058418476820504        0.058418857535920
         53.820176264736254        0.000000361740579        0.150915256003919       -0.150914894263340
         53.941120481061503        0.000000273737858       -0.078440391226533        0.078440664964391
         54.062064697386752        0.000000142396912       -0.044460508401318        0.044460650798230
         54.183008913712001        0.000000017135759        0.006948851876035       -0.006948834740276
         54.303953130037250        0.000000005348001        0.136514719102791       -0.136514713754790
         54.424897346362499       -0.000000052686762       -0.147715320523004        0.147715267836242
         54.545841562687755       -0.000000114706248        0.005422853902858       -0.005422968609105
         54.666785779013004       -0.000000239860197        0.049078888924694       -0.049079128784890
         54.787729995338253       -0.000000328774124        0.080777196127638       -0.080777524901762
         54.908674211663502       -0.000000394430643       -0.169664794723764        0.169664400293121
         55.029618427988751       -0.000000409948337        0.045300907273438       -0.045301317221774
         55.150562644314000       -0.000000419513991        0.113351541506228       -0.113351961020219
         55.271506860639249       -0.000000497783103       -0.068523462496057        0.068522964712954
         55.392451076964505       -0.000000565121250       -0.073070737771491        0.073070172650240
         55.513395293289754       -0.000000623691129        0.037507355377349       -0.037507979068478
         55.634339509615003       -0.000000634537375        0.143051929210695       -0.143052563748070
         55.755283725940252       -0.000000655060946       -0.173157337548454        0.173156682487507
         55.876227942265501       -0.000000654812546       -0.009752814706195        0.009752159893649
         55.997172158590750       -0.000000667644637        0.124762059375719       -0.124762727020357
         56.118116374915999       -0.000000678913240       -0.014982620930629        0.014981942017390
         56.239060591241255       -0.000000678337289       -0.092874674176925        0.092873995839635
         56.360004807566504       -0.000000670626104       -0.018290360407539        0.018289689781434
         56.480949023891753       -0.000000666387408        0.180302124715540       -0.180302791102947
         56.601893240217002       -0.000000654634557       -0.123091101119620        0.123090446485062
         56.722837456542251       -0.000000659384270       -0.071017981686436        0.071017322302166
         56.843781672867500       -0.000000622822025        0.107178205303666       -0.107178828125691
         56.964725889192749       -0.000000573446998        0.032117077700648       -0.032117651147646
         57.085670105518005       -0.000000507907480       -0.072296140043821        0.072295632136341
         57.206614321843254       -0.000000490603775       -0.079140680614621        0.079140190010846
         57.327558538168503       -0.000000475624682        0.181429944666284       -0.181430420290966
         57.448502754493752       -0.000000464643607       -0.072757444673850        0.072756980030243
         57.569446970819001       -0.000000442208350       -0.064778221681076        0.064777779472726
         57.690391187144250       -0.000000342137369        0.017754435376525       -0.017754777513894
         57.811335403469499       -0.000000256793125        0.107595539811813       -0.107595796604938
         57.932279619794755       -0.000000207626612       -0.080250424007021        0.080250216380410
         58.053223836120004       -0.000000256661454       -0.065249588526927        0.065249331865474
         58.174168052445253       -0.000000209665551        0.099358761872180       -0.099358971537731
         58.295112268770502       -0.000000108530852        0.016481048548400       -0.016481157079253
         58.416056485095751       -0.000000008639058       -0.076612399866245        0.076612391227187
         58.537000701421000       -0.000000023856005       -0.016409648452408        0.016409624596402
         58.657944917746249       -0.000000044488039        0.097901225276325       -0.097901269764365
         58.778889134071505        0.000000037999267       -0.025791704207800        0.025791742207067
         58.899833350396754        0.000000123484016       -0.087638229873277        0.087638353357292
         59.020777566722003        0.000000138347070        0.072728285907861       -0.072728147560790
         59.141721783047252        0.000000106648588        0.016512362583640       -0.016512255935053
         59.262665999372501        0.000000167248001       -0.005745398749344        0.005745565997345
         59.383610215697750        0.000000204718405       -0.103541036477673        0.103541241196078
         59.504554432022999        0.000000208025672        0.137739471676051       -0.137739263650378
         59.625498648348255        0.000000222421998       -0.039752103883585        0.039752326305583
         59.746442864673504        0.000000252239187       -0.043913392268181        0.043913644507368
         59.867387080998753        0.000000247951022        0.010040601066815       -0.010040353115793
         59.988331297324002        0.000000245521216        0.036687081168209       -0.036686835646993
         60.109275513649251        0.000000248385830        0.027660690281213       -0.027660441895383
         60.230219729974500        0.000000246874471       -0.128430024091405        0.128430270965876
         60.351163946299749        0.000000246450908        0.111039321829822       -0.111039075378914
         60.472108162625005        0.000000227187583        0.002634013714574       -0.002633786526991
         60.593052378950254        0.000000197294146       -0.047391404406434        0.047391601700580
         60.713996595275503        0.000000224557414       -0.014715301771421        0.014715526328835
         60.834940811600752        0.000000218556538        0.038042410334660       -0.038042191778122
         60.955885027926001        0.000000164467303        0.055686414503795       -0.055686250036493
         61.076829244251250        0.000000145830784       -0.137494929707683        0.137495075538467
         61.197773460576499        0.000000157141803        0.085168334987439       -0.085168177845637
         61.318717676901755        0.000000131221775        0.007085262952909       -0.007085131731134
         61.439661893227004        0.000000065737168        0.020529855348620       -0.020529789611452
         61.560606109552253        0.000000080035045       -0.123906119997934        0.123906200032978
         61.681550325877502        0.000000083087831        0.125893186110355       -0.125893103022525
         61.802494542202751        0.000000062863464       -0.016911960796744        0.016912023660208
         61.923438758528000       -0.000000008827609       -0.020388982505775        0.020388973678166
         62.044382974853249       -0.000000022453732       -0.082166924910959        0.082166902457227
         62.165327191178505       -0.000000010591139        0.154282414987507       -0.154282425578646
         62.286271407503754        0.000000003532948       -0.069885758048908        0.069885761581857
         62.407215623829003       -0.000000007253838       -0.035926415245080        0.035926407991242
         62.528159840154252       -0.000000065035694       -0.009912022880816        0.009911957845122
         62.649104056479501       -0.000000098073282        0.118851705491303       -0.118851803564584
         62.770048272804750       -0.000000106162913       -0.082550217371215        0.082550111208301
         62.890992489129999       -0.000000061744597       -0.071753297161717        0.071753235417119
         63.011936705455255       -0.000000068344135        0.118023364911031       -0.118023433255166
         63.132880921780504       -0.000000087404000       -0.008059422512282        0.008059335108282
         63.253825138105753       -0.000000113255053       -0.045921960054488        0.045921846799435
         63.374769354431002       -0.000000121415197       -0.065614168483468        0.065614047068272
         63.495713570756251       -0.000000123754475        0.155463440325918       -0.155463564080393
         63.616657787081500       -0.000000117966928       -0.053754701590920        0.053754583623992
         63.737602003406749       -0.000000111504131       -0.100976937543501        0.100976826039370
         63.858546219732006       -0.000000115040301        0.088257555191822       -0.088257670232122
         63.979490436057254       -0.000000114459280        0.030310416314228       -0.030310530773508
         64.100434652382503       -0.000000109231295       -0.024301536375578        0.024301427144283
         64.221378868707745       -0.000000109336452       -0.108523591375839        0.108523482039387
         64.342323085033001       -0.000000107252018        0.138929914197147       -0.138930021449165
         64.463267301358258       -0.000000123875967        0.003284164540919       -0.003284288416886
         64.584211517683499       -0.000000131720563       -0.111008575900299        0.111008444179736
         64.705155734008756       -0.000000111868963        0.044983649952143       -0.044983761821106
         64.826099950333997       -0.000000084675869        0.043684400695136       -0.043684485371005
         64.947044166659254       -0.000000066200179        0.019298330571733       -0.019298396771912
         65.067988382984495       -0.000000081459538       -0.137821215458588        0.137821133999050
         65.188932599309751       -0.000000092109443        0.116852693876239       -0.116852785985682
         65.309876815635008       -0.000000126822748        0.009214145388667       -0.009214272211415
         65.430821031960249       -0.000000098606739       -0.041882636237238        0.041882537630499
         65.551765248285506       -0.000000049823189       -0.049743664972762        0.049743615149573
         65.672709464610747       -0.000000017841398        0.089770070242974       -0.089770088084372
         65.793653680936004       -0.000000064094959        0.000549278211784       -0.000549342306743
         65.914597897261245       -0.000000101184627       -0.078320461280756        0.078320360096129
         66.035542113586502       -0.000000056733419        0.025405951921838       -0.025406008655257
         66.156486329911758       -0.000000002181685        0.059943099444292       -0.059943101625976
         66.277430546236999       -0.000000004082573       -0.037334259977137        0.037334255894564
         66.398374762562256       -0.000000064493094       -0.042691277730167        0.042691213237073
         66.519318978887497       -0.000000044778965        0.033404111672015       -0.033404156450980
         66.640263195212754        0.000000001721494        0.062236182655644       -0.062236180934150
         66.761207411537995        0.000000009447007       -0.102989500253754        0.102989509700762
         66.882151627863252       -0.000000022177056        0.046258003396729       -0.046258025573785
         67.003095844188508       -0.000000004757181       -0.007977931286609        0.007977926529428
         67.124040060513749        0.000000015079469        0.059560072922915       -0.059560057843446
         67.244984276839006       -0.000000000084882       -0.107071507987315        0.107071507902433
         67.365928493164247        0.000000004799860        0.050509281029984       -0.050509276230123
         67.486872709489504        0.000000018948106        0.050064833669572       -0.050064814721466
         67.607816925814745        0.000000016718301       -0.072317321817602        0.072317338535903
         67.728761142140002        0.000000013765041        0.026165048005873       -0.026165034240832
         67.849705358465258        0.000000012193164       -0.022486396596066        0.022486408789230
         67.970649574790500        0.000000012180501        0.078633458451031       -0.078633446270530
         68.091593791115756        0.000000019681127       -0.087879072341577        0.087879092022704
         68.212538007440997        0.000000006212753        0.002865921901794       -0.002865915689041
         68.333482223766254       -0.000000013071469        0.076268932308370       -0.076268945379838
         68.454426440091495        0.000000002148245       -0.059677862092758        0.059677864241003
         68.575370656416752        0.000000008792253        0.011028328113468       -0.011028319321215
         68.696314872742008       -0.000000027467905       -0.037176910588099        0.037176883120195
         68.817259089067250       -0.000000027491930        0.107031459283244       -0.107031486775174
         68.938203305392506       -0.000000019150380       -0.103895492265473        0.103895473115094
         69.059147521717748       -0.000000041104344        0.025685152106916       -0.025685193211260
         69.180091738043004       -0.000000088456000        0.004208671074937       -0.004208759530937
         69.301035954368245       -0.000000077063856        0.059026065517417       -0.059026142581273
         69.421980170693502       -0.000000054391853       -0.104180142987466        0.104180088595612
         69.542924387018758       -0.000000077768840        0.050376957242968       -0.050377035011808
         69.663868603344000       -0.000000126939492        0.012760387787372       -0.012760514726864
         69.784812819669256       -0.000000151546277        0.027258837274727       -0.027258988821004
         69.905757035994498       -0.000000131048206       -0.111715929436608        0.111715798388403
         70.026701252319754       -0.000000130066344        0.103913822213093       -0.103913952279437
         70.147645468644996       -0.000000137867459       -0.018791615141057        0.018791477273598
         70.268589684970252       -0.000000174335133        0.000497016340163       -0.000497190675297
         70.389533901295508       -0.000000201471393       -0.076613377739212        0.076613176267819
         70.510478117620750       -0.000000217327044        0.104734567474644       -0.104734784801687
         70.631422333946006       -0.000000204003309       -0.011340802761677        0.011340598758368
         70.752366550271248       -0.000000197981267       -0.079434027304272        0.079433829323005
         70.873310766596504       -0.000000217342982        0.049415248890072       -0.049415466233053
         70.994254982921746       -0.000000236206888        0.017241477514285       -0.017241713721173
         71.115199199247002       -0.000000248757369        0.019578636751087       -0.019578885508456
         71.236143415572258       -0.000000251292780       -0.112058852109032        0.112058600816252
         71.357087631897500       -0.000000253044044        0.100752345213916       -0.100752598257960
         71.478031848222756       -0.000000251277456        0.016068480129627       -0.016068731407083
         71.598976064547998       -0.000000252403137       -0.076132808061562        0.076132555658426
         71.719920280873254       -0.000000249317301        0.019997856334631       -0.019998105651932
         71.840864497198496       -0.000000241027912        0.018734730187655       -0.018734971215567
         71.961808713523752       -0.000000234515098        0.051263393216035       -0.051263627731133
         72.082752929849008       -0.000000231028638       -0.121845503604205        0.121845272575567
         72.203697146174250       -0.000000229857761        0.069878377811833       -0.069878607669595
         72.324641362499506       -0.000000234979940        0.035550332982295       -0.035550567962235
         72.445585578824748       -0.000000212941540       -0.049742834756255        0.049742621814715
         72.566529795150004       -0.000000177406144       -0.011370292844572        0.011370115438428
