#  GS molecular orbital populations, spin channel : 1
#          time (fs)            |   population (orb 1)       |    population (orb 2)      |           ...              |    population (orb N)      |
          0.118525331998745            1.998608661065471            0.001371049495587  
          0.239469548323995            1.996867639474706            0.003115738553689  
          0.360413764649245            1.999928015602728            0.000058088936153  
          0.481357980974495            1.999462508424471            0.000526803994419  
          0.602302197299745            1.996965950601383            0.003026761579952  
          0.723246413624995            1.999211160691641            0.000785434152201  
          0.844190629950245            1.999732227511033            0.000267496942229  
          0.965134846275495            1.997551543949050            0.002451420467661  
          1.086079062600745            1.998174457160689            0.001832857689151  
          1.207023278925995            1.999863991467577            0.000146148549533  
          1.327967495251245            1.998730282085861            0.001282888105274  
          1.448911711576495            1.996888012396723            0.003128855638056  
          1.569855927901745            1.999846592649364            0.000173180337303  
          1.690800144226995            1.999040103759399            0.000982199889629  
          1.811744360552245            1.997421963453704            0.002602568168248  
          1.932688576877495            1.998778485469364            0.001249152259294  
          2.053632793202745            1.999299675683690            0.000729436519408  
          2.174577009527995            1.998041890870677            0.001988318393442  
          2.295521225853245            1.997587429237736            0.002445188101629  
          2.416465442178495            1.999875218459645            0.000157998008093  
          2.537409658503745            1.998752446431036            0.001281117720710  
          2.658353874828995            1.996673774909749            0.003360167104764  
          2.779298091154245            1.999332887331851            0.000701712684560  
          2.900242307479495            1.999529981663455            0.000503955390739  
          3.021186523804745            1.997925948320441            0.002106516560235  
          3.142130740129995            1.996992558079722            0.003040073338836  
          3.263074956455245            2.000030197098313            0.000000853466994  
          3.384019172780495            1.999340172646568            0.000688874339238  
          3.504963389105745            1.996423070822304            0.003604235124609  
          3.625907605430995            1.998876210493681            0.001149334876390  
          3.746851821756245            1.999974862888338            0.000048382965062  
          3.867796038081495            1.997797093805993            0.002222790719358  
          3.988740254406745            1.997055882776371            0.002962035472888  
          4.109684470731995            1.999081711773403            0.000933256944431  
          4.230628687057245            1.999876624297565            0.000135050325632  
          4.351572903382495            1.996708087998775            0.003300284674907  
          4.472517119707745            1.997707015333378            0.002298377110354  
          4.593461336032996            1.998835832646654            0.001166638717241  
          4.714405552358246            1.999171919249825            0.000826463025243  
          4.835349768683495            1.997808168723828            0.002187236146371  
          4.956293985008745            1.996574798283514            0.003417505043458  
          5.077238201333995            1.999711452838017            0.000277674950833  
          5.198182417659245            1.999292619646292            0.000692983767782  
          5.319126633984495            1.997388809165254            0.002593776359901  
          5.440070850309746            1.997394881601702            0.002585547442731  
          5.561015066634996            1.999961980280075            0.000015067132705  
          5.681959282960245            1.999208953878308            0.000765615628423  
          5.802903499285495            1.996555042669010            0.003417402619832  
          5.923847715610745            1.999017154123632            0.000953581988343  
          6.044791931935995            1.999936288351681            0.000032169685410  
          6.165736148261245            1.997585114137292            0.002381583629274  
          6.286680364586495            1.997733617519156            0.002232880390343  
          6.407624580911745            1.999303298380757            0.000661667698758  
          6.528568797236995            1.999505266398061            0.000458894741096  
          6.649513013562244            1.996996637938755            0.002967674817215  
          6.770457229887494            1.998614721204340            0.001349986571129  
          6.891401446212745            1.999682510677900            0.000282273860721  
          7.012345662537995            1.998085788356596            0.001879429792103  
          7.133289878863245            1.997976514161500            0.001990826647034  
          7.254234095188495            1.999156516869840            0.000811805337416  
          7.375178311513745            1.999104519643184            0.000865268487941  
          7.496122527838994            1.997653429003444            0.002319032000338  
          7.617066744164244            1.998938141629441            0.001036654760606  
          7.738010960489495            1.999754254564234            0.000222971429993  
          7.858955176814745            1.997557699429031            0.002422295540094  
          7.979899393139995            1.998677233461740            0.001306440675890  
          8.100843609465246            1.999761839952233            0.000224792947299  
          8.221787825790495            1.998633118934821            0.001356551061439  
          8.342732042115745            1.997803932462908            0.002189896648666  
          8.463676258440994            1.999754381043339            0.000242814517951  
          8.584620474766245            1.999405029730867            0.000595512609883  
          8.705564691091494            1.997575264989618            0.002429068214674  
          8.826508907416745            1.999410441640431            0.000597567311674  
          8.947453123741996            1.999888575822275            0.000122689192520  
          9.068397340067245            1.997796305552939            0.002217982500871  
          9.189341556392495            1.998723657955673            0.001294365021975  
          9.310285772717744            1.999933336740103            0.000087379776820  
          9.431229989042995            1.998847387129451            0.001175572814671  
          9.552174205368244            1.997668575769850            0.002357401793100  
          9.673118421693495            1.999865322496519            0.000162745537323  
          9.794062638018746            1.999402003740571            0.000627612339089  
          9.915006854343995            1.997731389453909            0.002299732877774  
         10.035951070669245            1.999132192598056            0.000900556732180  
         10.156895286994494            1.999785568767353            0.000247822803917  
         10.277839503319745            1.998302400561184            0.001730974337719  
         10.398783719644994            1.998135391534988            0.001898853718708  
         10.519727935970245            1.999914268442750            0.000119622986269  
         10.640672152295496            1.999377749551729            0.000655197013571  
         10.761616368620745            1.997383346719869            0.002648877680434  
         10.882560584945995            1.999374244549192            0.000657061710702  
         11.003504801271244            1.999941693751192            0.000087983579519  
         11.124449017596495            1.998345691587230            0.001681720116066  
         11.245393233921744            1.997956232118685            0.002069614539025  
         11.366337450246995            1.999775087920280            0.000248452101346  
         11.487281666572246            1.999508795901388            0.000511869450054  
         11.608225882897495            1.997654645442831            0.002363334554327  
         11.729170099222745            1.998757868355409            0.001257348249133  
         11.850114315547994            1.999627825173766            0.000384408593596  
         11.971058531873245            1.998609804566194            0.001398822571416  
         12.092002748198494            1.998089823054967            0.001915788746868  
         12.212946964523745            1.998566642103090            0.001435761232225  
         12.333891180848996            1.999547318385269            0.000451533574784  
         12.454835397174245            1.998581927319798            0.001413451098094  
         12.575779613499495            1.997973301827886            0.002018875800256  
         12.696723829824744            1.998854938887201            0.001134170639947  
         12.817668046149995            1.999608451255178            0.000377086468181  
         12.938612262475244            1.998769311832018            0.001213246706661  
         13.059556478800495            1.997755117734198            0.002224731587802  
         13.180500695125746            1.999611578283247            0.000365479691842  
         13.301444911450995            1.999650452537968            0.000323862826926  
         13.422389127776245            1.998148603026588            0.001823431415500  
         13.543333344101494            1.998584671910157            0.001385684318374  
         13.664277560426745            1.999840228995449            0.000127978863933  
         13.785221776751994            1.999074382918208            0.000892274035890  
         13.906165993077245            1.998054069116200            0.001911697672474  
         14.027110209402496            1.999355016189815            0.000609904068900  
         14.148054425727745            1.999684075315459            0.000280086652591  
         14.268998642052996            1.998257843374510            0.001706184249534  
         14.389942858378244            1.998780187029674            0.001184428287550  
         14.510887074703495            1.999648614137733            0.000316229813283  
         14.631831291028744            1.999021261615946            0.000944381293334  
         14.752775507353995            1.998302405423472            0.001664851977932  
         14.873719723679246            1.999464717795925            0.000504049700874  
         14.994663940004495            1.999482808652755            0.000487713984931  
         15.115608156329746            1.998387200300849            0.001585655962482  
         15.236552372654995            1.999109312669589            0.000866280427071  
         15.357496588980245            1.999705917217686            0.000272239654818  
         15.478440805305494            1.998735619603725            0.001245528786396  
         15.599385021630745            1.998756954512656            0.001227696473190  
         15.720329237955996            1.999661346879725            0.000326543771449  
         15.841273454281245            1.999191418865537            0.000799914901591  
         15.962217670606496            1.998512507256135            0.001482615217811  
         16.083161886931745            1.999458651960242            0.000540152722915  
         16.204106103256994            1.999349773286781            0.000652582598660  
         16.325050319582246            1.998632045977011            0.001373996647507  
         16.445994535907495            1.999116325219110            0.000893463999821  
         16.566938752232744            1.999343388432947            0.000669707145412  
         16.687882968557997            1.998794607931420            0.001221752159680  
         16.808827184883246            1.998892560441961            0.001127139843209  
         16.929771401208495            1.999303271657443            0.000719239707507  
         17.050715617533744            1.998885487903058            0.001139571046329  
         17.171659833858996            1.998803794275591            0.001223765837756  
         17.292604050184245            1.999260847317871            0.000768849245496  
         17.413548266509494            1.998967516735731            0.001063780873170  
         17.534492482834747            1.998787625477958            0.001245086096663  
         17.655436699159996            1.999130428063908            0.000903535431882  
         17.776380915485245            1.999136608234285            0.000897926844628  
         17.897325131810494            1.998799519977019            0.001235281078098  
         18.018269348135746            1.998926766816754            0.001108178529049  
         18.139213564460995            1.999244992230408            0.000789579399818  
         18.260157780786244            1.998946514617118            0.001087207635284  
         18.381101997111497            1.998785236149017            0.001247457284004  
         18.502046213436746            1.999105835895699            0.000925614947037  
         18.622990429761995            1.999203069400550            0.000826577950044  
         18.743934646087244            1.998879907922535            0.001147688388062  
         18.864878862412496            1.998857044525447            0.001168440175495  
         18.985823078737745            1.999299673295892            0.000723323892828  
         19.106767295062994            1.999220920394412            0.000799266968450  
         19.227711511388247            1.998831045867523            0.001186266600817  
         19.348655727713496            1.999127585552674            0.000886766796166  
         19.469599944038745            1.999446733762047            0.000564363463710  
         19.590544160363994            1.999152394062868            0.000855348662278  
         19.711488376689246            1.998910225189970            0.001094227407250  
         19.832432593014495            1.999331621480193            0.000669440876010  
         19.953376809339744            1.999334593417745            0.000662983125165  
         20.074321025664997            1.998993786119791            0.001000388671639  
         20.195265241990246            1.998995685778169            0.000995205721282  
         20.316209458315495            1.999221586045821            0.000766015417543  
         20.437153674640744            1.999070031168439            0.000914371016265  
         20.558097890965996            1.998910317133083            0.001071115771020  
         20.679042107291245            1.998957128113064            0.001021487477108  
         20.799986323616494            1.999050686249303            0.000925254378558  
         20.920930539941747            1.998957459862615            0.001016058452400  
         21.041874756266996            1.998898808152112            0.001072584630285  
         21.162818972592245            1.998955147300482            0.001014345923654  
         21.283763188917494            1.999005345768367            0.000962535156096  
         21.404707405242746            1.998968205819617            0.000998402121274  
         21.525651621567995            1.998939320824376            0.001026349145097  
         21.646595837893244            1.998999380253334            0.000965667678806  
         21.767540054218497            1.999000512310904            0.000964281594644  
         21.888484270543746            1.999005444235902            0.000959446987728  
         22.009428486868995            1.998975898925491            0.000989464351883  
         22.130372703194244            1.999000233062850            0.000965954784462  
         22.251316919519496            1.999012045032379            0.000955319825996  
         22.372261135844745            1.999012213175098            0.000956667936084  
         22.493205352169994            1.998949963268763            0.001020806070344  
         22.614149568495247            1.999009905739083            0.000963034415983  
         22.735093784820496            1.999025509820511            0.000949887384624  
         22.856038001145745            1.998941640975969            0.001036523705106  
         22.976982217470994            1.998988929871472            0.000992249862791  
         23.097926433796246            1.999058242799557            0.000926104886039  
         23.218870650121495            1.998967771222057            0.001019965672126  
         23.339814866446744            1.998985966394827            0.001005331239357  
         23.460759082771997            1.999180158409464            0.000814745412153  
         23.581703299097246            1.998986918286043            0.001011635293220  
         23.702647515422495            1.999035104656116            0.000967213523299  
         23.823591731747744            1.999255948195372            0.000750050409252  
         23.944535948072996            1.999208374723229            0.000801184663393  
         24.065480164398245            1.998917669470056            0.001095442121803  
         24.186424380723494            1.999364973851799            0.000651556609612  
         24.307368597048747            1.999326035558839            0.000693614070240  
         24.428312813373996            1.999000269706391            0.001022348611694  
         24.549257029699245            1.999168456933710            0.000856980674854  
         24.670201246024494            1.999542837052789            0.000485020818692  
         24.791145462349750            1.999001243027258            0.001028670856601  
         24.912089678674999            1.999042842637238            0.000989051251215  
         25.033033895000248            1.999480374825210            0.000553026737448  
         25.153978111325497            1.999329480405155            0.000704942901288  
         25.274922327650749            1.998733244191950            0.001302033528485  
         25.395866543975998            1.999406297290685            0.000629544933217  
         25.516810760301247            1.999494969824477            0.000540843120017  
         25.637754976626500            1.998925558272402            0.001109877369887  
         25.758699192951749            1.998918796455480            0.001116188825730  
         25.879643409276998            1.999680001750869            0.000354017722657  
         26.000587625602247            1.999177502301795            0.000855032440677  
         26.121531841927499            1.998699806728393            0.001331227659844  
         26.242476058252748            1.999330485802666            0.000698735474362  
         26.363420274577997            1.999645095547516            0.000381886182448  
         26.484364490903250            1.998635240278672            0.001389195344784  
         26.605308707228499            1.998853634706288            0.001168333112471  
         26.726252923553748            1.999440324638509            0.000578844939402  
         26.847197139878997            1.999267662353673            0.000748335800059  
         26.968141356204249            1.998406408427150            0.001606473323430  
         27.089085572529498            1.998861912537546            0.001147833114862  
         27.210029788854747            1.999329657475117            0.000676749708230  
         27.330974005180000            1.998927889450603            0.001074959469587  
         27.451918221505249            1.998524585981480            0.001474950724644  
         27.572862437830498            1.998679561612938            0.001316719228997  
         27.693806654155747            1.999427513047570            0.000565258735717  
         27.814750870480999            1.998961690483437            0.001027774801797  
         27.935695086806248            1.998369739792836            0.001616636579229  
         28.056639303131497            1.999055095220583            0.000928355105397  
         28.177583519456750            1.999639675628796            0.000340652310572  
         28.298527735781999            1.998673115682569            0.001304572441885  
         28.419471952107248            1.998450911704933            0.001524500056348  
         28.540416168432497            1.999598578160582            0.000374470837122  
         28.661360384757749            1.999548846587702            0.000422089981779  
         28.782304601082998            1.998062668353797            0.001906679829561  
         28.903248817408247            1.999097299169329            0.000870890671770  
         29.024193033733500            1.999729943761252            0.000236868868666  
         29.145137250058749            1.998879828217523            0.001086174225704  
         29.266081466383998            1.998211494170672            0.001754495017446  
         29.387025682709247            1.999597904635049            0.000367864487254  
         29.507969899034499            1.999400235761105            0.000565686827819  
         29.628914115359748            1.998238608666727            0.001728095803862  
         29.749858331684997            1.999044588508789            0.000923378544350  
         29.870802548010250            1.999778705900185            0.000190317644536  
         29.991746764335499            1.998444038869430            0.001526640379976  
         30.112690980660748            1.998627930238583            0.001345178802233  
         30.233635196985997            1.999702900674435            0.000272255043878  
         30.354579413311249            1.999286575980750            0.000691054944206  
         30.475523629636498            1.997965176960825            0.002015562890316  
         30.596467845961747            1.999595332659509            0.000388496600937  
         30.717412062287000            1.999584447291505            0.000402455930656  
         30.838356278612249            1.998295369812728            0.001694938452059  
         30.959300494937498            1.998928710049996            0.001065453396813  
         31.080244711262747            1.999752869765765            0.000244619538254  
         31.201188927587999            1.998566937592309            0.001434116846603  
         31.322133143913248            1.998514186934128            0.001490886266183  
         31.443077360238497            1.999641146221812            0.000367312989366  
         31.564021576563750            1.998985316606987            0.001026511457153  
         31.684965792888999            1.998060553728402            0.001954861183417  
         31.805910009214248            1.999490470936223            0.000528318669565  
         31.926854225539497            1.999040787584074            0.000980790468440  
         32.047798441864749            1.998356995310772            0.001667273395526  
         32.168742658189998            1.998931681023618            0.001095680892531  
         32.289686874515247            1.999173588884742            0.000855676881756  
         32.410631090840496            1.998441113230752            0.001589951683202  
         32.531575307165745            1.998534993866496            0.001498196526175  
         32.652519523491002            1.999552563829060            0.000481820603188  
         32.773463739816250            1.998445578864465            0.001589548048157  
         32.894407956141499            1.998107928282182            0.001927840629669  
         33.015352172466748            1.999333596330517            0.000702981875158  
         33.136296388791997            1.999053096394177            0.000982996896961  
         33.257240605117246            1.998259332302670            0.001776007129441  
         33.378184821442495            1.998132788597061            0.001902523033549  
         33.499129037767752            1.999677799805403            0.000356191014376  
         33.620073254093001            1.998763543452375            0.001268784113849  
         33.741017470418250            1.997662693191781            0.002367998205995  
         33.861961686743498            1.999116832740000            0.000912362201570  
         33.982905903068747            1.999617052533711            0.000409621683224  
         34.103850119393996            1.998113244904853            0.001910549435816  
         34.224794335719245            1.997710208660519            0.002311653462006  
         34.345738552044502            1.999896302104076            0.000122533941484  
         34.466682768369751            1.999692453732381            0.000323118260882  
         34.587626984695000            1.996780637096002            0.003231785663900  
         34.708571201020249            1.998789386455021            0.001220260290623  
         34.829515417345497            1.999852292937679            0.000153952357136  
         34.950459633670746            1.998762520058878            0.001239863845053  
         35.071403849995995            1.997141866428587            0.002857690857175  
         35.192348066321252            1.998559425557366            0.001436829257888  
         35.313292282646501            1.999708798588141            0.000284030637880  
         35.434236498971750            1.998015384083061            0.001973974423055  
         35.555180715296999            1.997789874477932            0.002196756202030  
         35.676124931622248            1.998293211898762            0.001690607885754  
         35.797069147947497            1.999443710176911            0.000536702622339  
         35.918013364272745            1.998376474721697            0.001601699346785  
         36.038957580598002            1.997195841155840            0.002779927061128  
         36.159901796923251            1.999407508379941            0.000566179826856  
         36.280846013248500            1.999436655105889            0.000534658355000  
         36.401790229573749            1.997499356421314            0.002470546120366  
         36.522734445898998            1.997978626189003            0.001990373909364  
         36.643678662224247            1.999944138469205            0.000023133665108  
         36.764622878549496            1.999227796146382            0.000738896533229  
         36.885567094874752            1.996556879928582            0.003409607902708  
         37.006511311200001            1.999511226590347            0.000455383944700  
         37.127455527525250            1.999868910712473            0.000097528122952  
         37.248399743850499            1.997742765366779            0.002224231231347  
         37.369343960175748            1.997920839741517            0.002047916546474  
         37.490288176500997            1.999956392089637            0.000012932832334  
         37.611232392826246            1.998875356666788            0.001095671912095  
         37.732176609151502            1.997229035778671            0.002744263050286  
         37.853120825476751            1.999634895798226            0.000340543350695  
         37.974065041802000            1.999773489771183            0.000204232088458  
         38.095009258127249            1.997022501439718            0.002957933259898  
         38.215953474452498            1.998936555481491            0.001047441760646  
         38.336897690777747            1.999895897550098            0.000090661184730  
         38.457841907102996            1.998432515250565            0.001557248274624  
         38.578786123428252            1.997416544099992            0.002577279577235  
         38.699730339753501            1.999928200321093            0.000068692473144  
         38.820674556078750            1.999023499368603            0.000976887172068  
         38.941618772403999            1.997357802915840            0.002646259869189  
         39.062562988729248            1.999470971214751            0.000536818284636  
         39.183507205054497            1.999149043266766            0.000861868974509  
         39.304451421379746            1.997607753534322            0.002406266565719  
         39.425395637705002            1.998674173404762            0.001343861798746  
         39.546339854030251            1.999465975722040            0.000554452091169  
         39.667284070355500            1.998298184012593            0.001724747800194  
         39.788228286680749            1.997455232095320            0.002570937085694  
         39.909172503005998            1.999756298265599            0.000271946849113  
         40.030116719331247            1.998501127394048            0.001528906903125  
         40.151060935656496            1.997597206231209            0.002434326012346  
         40.272005151981752            1.999066743986558            0.000966960337861  
         40.392949368307001            1.998858816567469            0.001175393068402  
         40.513893584632250            1.997887010526558            0.002147369992825  
         40.634837800957499            1.997783929007686            0.002251939690894  
         40.755782017282748            1.999826771330022            0.000208627040106  
         40.876726233607997            1.998524286387592            0.001510465397494  
         40.997670449933246            1.996558224393929            0.003475956362389  
         41.118614666258502            1.999349440321942            0.000684433631635  
         41.239558882583751            1.999530816140864            0.000501443096382  
         41.360503098909000            1.997888034835188            0.002141853775125  
         41.481447315234249            1.996682959820354            0.003346223648229  
         41.602391531559498            2.000007587175423            0.000019226216818  
         41.723335747884747            1.999501624376439            0.000522498465227  
         41.844279964209996            1.996251964028627            0.003769621422662  
         41.965224180535252            1.998523341380896            0.001495904750299  
         42.086168396860501            1.999807448612333            0.000209005143979  
         42.207112613185750            1.997991500288049            0.002021101297368  
         42.328056829510999            1.996849102494799            0.003161091771669  
         42.449001045836248            1.998395214494228            0.001611713785306  
         42.569945262161497            1.999860837764112            0.000142693963064  
         42.690889478486746            1.997085071099581            0.002914848701855  
         42.811833694812002            1.997245357868041            0.002751573376001  
         42.932777911137251            1.998169420217199            0.001824664078096  
         43.053722127462500            1.999585420148307            0.000404628229388  
         43.174666343787749            1.998245675584138            0.001741569081349  
         43.295610560112998            1.995803771979549            0.004180583234793  
         43.416554776438247            1.999545365107955            0.000436362275827  
         43.537498992763496            1.999688968749812            0.000289483681652  
         43.658443209088752            1.997464735638870            0.002511122522361  
         43.779387425414001            1.996838755581649            0.003135709717149  
         43.900331641739250            1.999782582800301            0.000189068093212  
         44.021275858064499            1.999433554298039            0.000536270717708  
         44.142220074389748            1.996349970352320            0.003618407028655  
         44.263164290714997            1.998679394367853            0.001288269917445  
         44.384108507040246            1.999805534175461            0.000160613587323  
         44.505052723365502            1.997539611279462            0.002425526611931  
         44.625996939690751            1.997530772105405            0.002435289249095  
         44.746941156016000            1.999063910490825            0.000901455301007  
         44.867885372341249            1.999580704676058            0.000384790092505  
         44.988829588666498            1.996684194585224            0.003282403927701  
         45.109773804991747            1.998473241119738            0.001494734438341  
         45.230718021316996            1.999713336520092            0.000255665389117  
         45.351662237642252            1.997868313846062            0.002101883857856  
         45.472606453967501            1.997806373876260            0.002166934459246  
         45.593550670292750            1.999150195188654            0.000824872413089  
         45.714494886617999            1.998997582784236            0.000979639079447  
         45.835439102943248            1.997314977454741            0.002665683334346  
         45.956383319268497            1.999012465998273            0.000971054229646  
         46.077327535593746            1.999867783419324            0.000118739097347  
         46.198271751919002            1.996962939254514            0.003026712455144  
         46.319215968244251            1.998694689403029            0.001299004611109  
         46.440160184569500            1.999877614989618            0.000119326590880  
         46.561104400894749            1.998388520794711            0.001611383191140  
         46.682048617219998            1.997393563681347            0.002610671494602  
         46.802992833545247            1.999826999049714            0.000180482092481  
         46.923937049870496            1.999380745266807            0.000629779935043  
         47.044881266195752            1.997012651897525            0.003001430435365  
         47.165825482521001            1.999416888088518            0.000600430352148  
         47.286769698846250            1.999954430093860            0.000065728829305  
         47.407713915171499            1.997230229534324            0.002792123061695  
         47.528658131496748            1.998443762409368            0.001581883266930  
         47.649602347821997            2.000027053861102            0.000000600526931  
         47.770546564147246            1.998870291856702            0.001158525026820  
         47.891490780472502            1.996745880477885            0.003285292799033  
         48.012434996797751            1.999902793091181            0.000129597680488  
         48.133379213123000            1.999721032138958            0.000312056670097  
         48.254323429448249            1.997050774747111            0.002982649587060  
         48.375267645773498            1.998622782589214            0.001411431474487  
         48.496211862098747            2.000021052494194            0.000013143460877  
         48.617156078423996            1.998279395000045            0.001753489748672  
         48.738100294749252            1.997150455605916            0.002882491561765  
         48.859044511074501            1.999648295600435            0.000383515229925  
         48.979988727399750            1.999909399525597            0.000120790722979  
         49.100932943724999            1.996552588091943            0.003475758181227  
         49.221877160050248            1.998449187954836            0.001577493516893  
         49.342821376375497            1.999615982037634            0.000408886553435  
         49.463765592700746            1.998751772888375            0.001269871463637  
         49.584709809026002            1.997130768018231            0.002888582333599  
         49.705654025351251            1.998029385187117            0.001987370052039  
         49.826598241676500            1.999759957295734            0.000253812136497  
         49.947542458001749            1.998129818402524            0.001880529560705  
         50.068486674326998            1.997559434654399            0.002447705645765  
         50.189430890652247            1.997962725262420            0.002041787830422  
         50.310375106977496            1.999707202907745            0.000293386422046  
         50.431319323302752            1.998653857382329            0.001343430083391  
         50.552263539628001            1.996677564752533            0.003316582921752  
         50.673207755953250            1.999324310655098            0.000666806641402  
         50.794151972278499            1.999886793039110            0.000100720350370  
         50.915096188603748            1.997577742041747            0.002406485217890  
         51.036040404928997            1.997548051021192            0.002433973164999  
         51.156984621254246            1.999643621922847            0.000335122348921  
         51.277928837579502            1.999657551543716            0.000318347092423  
         51.398873053904751            1.996763189816190            0.003210437614544  
         51.519817270230000            1.998540011090727            0.001431869986453  
         51.640761486555249            1.999595685245922            0.000373854985060  
         51.761705702880498            1.998477638510242            0.001489774632114  
         51.882649919205747            1.997689361788271            0.002277585745196  
         52.003594135530996            1.998482160265443            0.001483380501420  
         52.124538351856252            1.999538062672015            0.000426417539016  
         52.245482568181501            1.997984704491830            0.001979551403525  
         52.366426784506750            1.998101834630648            0.001862671269028  
         52.487371000831999            1.999201827303272            0.000762759302963  
         52.608315217157248            1.998671566675771            0.001293176070007  
         52.729259433482497            1.998140535420551            0.001825983693841  
         52.850203649807746            1.998544245256580            0.001423319648597  
         52.971147866133002            1.999449754125343            0.000519081926519  
         53.092092082458251            1.998116640801086            0.001854528928709  
         53.213036298783500            1.998310254836503            0.001663274397029  
         53.333980515108749            1.999483868371404            0.000492042692587  
         53.454924731433998            1.998435323474721            0.001543127572417  
         53.575868947759247            1.998362032260255            0.001619931068179  
         53.696813164084496            1.999230835803299            0.000754216102615  
         53.817757380409752            1.998885980119625            0.001102042978185  
         53.938701596735001            1.998151782573469            0.001840208870429  
         54.059645813060250            1.999207246059876            0.000788253506157  
         54.180590029385499            1.999568970011660            0.000429926667303  
         54.301534245710748            1.997787537651472            0.002215053136830  
         54.422478462035997            1.999130816034279            0.000875568354904  
         54.543422678361246            1.999818090237882            0.000191728308111  
         54.664366894686502            1.998347769164293            0.001665127975687  
         54.785311111011751            1.998482261722112            0.001534314606762  
         54.906255327337000            1.999903479538001            0.000116115364064  
         55.027199543662249            1.999038083236214            0.000983949608875  
         55.148143759987498            1.997995616152688            0.002029384046073  
         55.269087976312747            1.999672443633455            0.000354901858258  
         55.390032192637996            1.999722376970750            0.000306776041367  
         55.510976408963252            1.997858376765996            0.002172373605329  
         55.631920625288501            1.999114046487587            0.000918448077433  
         55.752864841613750            1.999920983902176            0.000112456836281  
         55.873809057938999            1.998722371050055            0.001311282323254  
         55.994753274264248            1.998101334756639            0.001933120327590  
         56.115697490589497            1.999862558643515            0.000171877910987  
         56.236641706914746            1.999510226121690            0.000523508687565  
         56.357585923240002            1.997904277753147            0.002128788313991  
         56.478530139565251            1.999155967361810            0.000876254527968  
         56.599474355890500            1.999929121432002            0.000101721432360  
         56.720418572215749            1.998520144094212            0.001508623573235  
         56.841362788540998            1.998271418808219            0.001755726134747  
         56.962307004866247            1.999528093156389            0.000496911295405  
         57.083251221191496            1.999548217360863            0.000474090213401  
         57.204195437516752            1.997981029887497            0.002038577864111  
         57.325139653842001            1.998705530284456            0.001311360921404  
         57.446083870167250            1.999435268380446            0.000578720142932  
         57.567028086492499            1.998932919013442            0.001077581245992  
         57.687972302817748            1.998307142377346            0.001700214634752  
         57.808916519142997            1.998492015470029            0.001512187548596  
         57.929860735468246            1.999485762304918            0.000514946358325  
         58.050804951793502            1.998939421673145            0.001057772634454  
         58.171749168118751            1.998227649845768            0.001766253762862  
         58.292693384444000            1.998815667511383            0.001175126318072  
         58.413637600769249            1.999680318567918            0.000306950122515  
         58.534581817094498            1.998916787107709            0.001067351142109  
         58.655526033419747            1.998146234868199            0.001835093591199  
         58.776470249744996            1.999487614720668            0.000490875481497  
         58.897414466070252            1.999684173373679            0.000291484085952  
         59.018358682395501            1.998362198145282            0.001611063021836  
         59.139302898720750            1.998748248281387            0.001223139583696  
         59.260247115045999            1.999679855108290            0.000289374528067  
         59.381191331371248            1.999177277077089            0.000790220370569  
         59.502135547696497            1.998290185966013            0.001676246333042  
         59.623079764021746            1.999255750436923            0.000709718585091  
         59.744023980347002            1.999528138229410            0.000436460729656  
         59.864968196672251            1.998580109797049            0.001384193681702  
         59.985912412997500            1.998780600039697            0.001184054986495  
         60.106856629322749            1.999480210169809            0.000484630938633  
         60.227800845647998            1.999047146264403            0.000918346375919  
         60.348745061973247            1.998565264632492            0.001401613334323  
         60.469689278298496            1.999289324355750            0.000678983824619  
         60.590633494623752            1.999406599171628            0.000563347076847  
         60.711577710949001            1.998611290311932            0.001360855801140  
         60.832521927274250            1.999086511717869            0.000888215773470  
         60.953466143599499            1.999544504794192            0.000432753319251  
         61.074410359924748            1.998920637456684            0.001059522395467  
         61.195354576249997            1.998853884684337            0.001129634194020  
         61.316298792575246            1.999545325735445            0.000441446862973  
         61.437243008900502            1.999230606786149            0.000759573253562  
         61.558187225225751            1.998753788334105            0.001240109648667  
         61.679131441551000            1.999380386631370            0.000617203654472  
         61.800075657876249            1.999381305347519            0.000619877692971  
         61.921019874201498            1.998824635848440            0.001180255362936  
         62.041964090526747            1.999128954713203            0.000879676105510  
         62.162908306851996            1.999357781289386            0.000654282505820  
         62.283852523177252            1.998940049244986            0.001075369335919  
         62.404796739502501            1.998955340231106            0.001063433507560  
         62.525740955827750            1.999263494127192            0.000758252720947  
         62.646685172152999            1.999011739766519            0.001012699875313  
         62.767629388478248            1.998889759686751            0.001137267637101  
         62.888573604803497            1.999177953972499            0.000851333711057  
         63.009517821128746            1.999060696810134            0.000970394692189  
         63.130462037454002            1.998897023406214            0.001135635975055  
         63.251406253779251            1.999077367858784            0.000956617766217  
         63.372350470104500            1.999125014774590            0.000909771067885  
         63.493294686429749            1.998932430369073            0.001102811486793  
         63.614238902754998            1.998977302704340            0.001058165821645  
         63.735183119080247            1.999144937812248            0.000890324529951  
         63.856127335405496            1.999026683041623            0.001007937879835  
         63.977071551730752            1.998920336086266            0.001113394600567  
         64.098015768056001            1.999076503574287            0.000956044693539  
         64.218959984381243            1.999135566439096            0.000895378374644  
         64.339904200706499            1.999013775198744            0.001015282266563  
         64.460848417031755            1.998987194028433            0.001039783144928  
         64.581792633356997            1.999189990474873            0.000834606008550  
         64.702736849682253            1.999158688788726            0.000863256300856  
         64.823681066007495            1.999091792158929            0.000927345071505  
         64.944625282332751            1.999130843591012            0.000885327465104  
         65.065569498657993            1.999280643823295            0.000732377150183  
         65.186513714983249            1.999180350251514            0.000829404729968  
         65.307457931308505            1.999196724069766            0.000809701311001  
         65.428402147633747            1.999163257421132            0.000839773879683  
         65.549346363959003            1.999216638012708            0.000782970243117  
         65.670290580284245            1.999138366802098            0.000857824094296  
         65.791234796609501            1.999134479819455            0.000858328758244  
         65.912179012934743            1.999007407614499            0.000982095174553  
         66.033123229259999            1.999063301585122            0.000923002989093  
         66.154067445585255            1.999041161906611            0.000942043666289  
         66.275011661910497            1.998981148272625            0.000999122821392  
         66.395955878235753            1.998895518834363            0.001082039014911  
         66.516900094560995            1.998975466271995            0.000999573077286  
         66.637844310886251            1.999017013497992            0.000955698795313  
         66.758788527211493            1.998922506364122            0.001048198560160  
         66.879732743536749            1.998892049030070            0.001076947616687  
         67.000676959862005            1.999014068300715            0.000953470817148  
         67.121621176187247            1.999060578814534            0.000905803755162  
         67.242565392512503            1.998881022523851            0.001084643842687  
         67.363509608837745            1.998953120340550            0.001012114996383  
         67.484453825163001            1.999120361467219            0.000844743729529  
         67.605398041488243            1.999011914982318            0.000953487047716  
         67.726342257813499            1.998827127600538            0.001138982060205  
         67.847286474138755            1.999107431449493            0.000859631808711  
         67.968230690463997            1.999084808070076            0.000883570818625  
         68.089174906789253            1.998867824285095            0.001102321076239  
         68.210119123114495            1.998951757502027            0.001020415567185  
         68.331063339439751            1.999135290744265            0.000839117537059  
         68.452007555764993            1.998878356319610            0.001098734823882  
         68.572951772090249            1.998908612590185            0.001071379503952  
         68.693895988415505            1.999151032793771            0.000831988830853  
         68.814840204740747            1.998866890317431            0.001119412911871  
         68.935784421066003            1.998902976154158            0.001086872864176  
         69.056728637391245            1.999196777668583            0.000796604701671  
         69.177672853716501            1.998986648140496            0.001010306448434  
         69.298617070041743            1.998820154648742            0.001180596707591  
         69.419561286366999            1.999336622859547            0.000667841352768  
         69.540505502692255            1.999119097590003            0.000888896234070  
         69.661449719017497            1.998808524810783            0.001203114137670  
         69.782393935342753            1.999297822221846            0.000717316218176  
         69.903338151667995            1.999496385604589            0.000521951005907  
         70.024282367993251            1.998657055215868            0.001364324120769  
         70.145226584318493            1.999215593802600            0.000808805414128  
         70.266170800643749            1.999599370442448            0.000427578276534  
         70.387115016969005            1.999019145354584            0.001009951612772  
         70.508059233294247            1.998723839523299            0.001307461853765  
         70.629003449619503            1.999688626203349            0.000344398541230  
         70.749947665944745            1.999277564873895            0.000756593874907  
         70.870891882270001            1.998615517399450            0.001419730223731  
         70.991836098595243            1.999331228920461            0.000704792249628  
         71.112780314920499            1.999715180542348            0.000321027220255  
         71.233724531245755            1.998584163285373            0.001451779182557  
         71.354668747570997            1.998912523788537            0.001123277606340  
         71.475612963896253            1.999717673229376            0.000317347867342  
         71.596557180221495            1.999308978791599            0.000724680827904  
         71.717501396546751            1.998213908911563            0.001818449696122  
         71.838445612871993            1.999425992551765            0.000604782959138  
         71.959389829197249            1.999658513669027            0.000370181632759  
         72.080334045522505            1.998598433298808            0.001427808904451  
         72.201278261847747            1.998537172667176            0.001486747944530  
         72.322222478173003            1.999456837314165            0.000564495470574  
         72.443166694498245            1.999190082363117            0.000828109375216  
         72.564110910823501            1.998331450473696            0.001683741182337  
