#             time (fs)      |   total net charge (e)  |   charge (atom_1) (e)   |   charge (atom_2) (e)   |        ...        |   charge (atom_N) (e)   |
          0.000000000000000       -0.000000000000000       -0.000000000000000        0.000000000000000
          0.120944216325250        0.000000001778131       -0.089450127982382        0.089450129760512
          0.241888432650500       -0.000000000534726        0.007811747012950       -0.007811747547676
          0.362832648975750        0.000000004160783       -0.023760650219066        0.023760654379849
          0.483776865301000        0.000000004445254        0.085351220145430       -0.085351215700177
          0.604721081626250        0.000000005369375        0.007840955985617       -0.007840950616242
          0.725665297951500        0.000000008231235        0.048575914741239       -0.048575906510004
          0.846609514276750        0.000000008480838       -0.068087705692431        0.068087714173268
          0.967553730602000        0.000000011095833       -0.015324946046398        0.015324957142232
          1.088497946927250        0.000000011409949       -0.066480011182294        0.066480022592244
          1.209442163252500        0.000000012109486        0.039821872300405       -0.039821860190919
          1.330386379577750        0.000000012838338        0.015172475676103       -0.015172462837765
          1.451330595903000        0.000000013005266        0.071926182687329       -0.071926169682063
          1.572274812228250        0.000000011786150       -0.005957691564253        0.005957703350403
          1.693219028553500        0.000000009592709       -0.008448207156387        0.008448216749095
          1.814163244878750        0.000000010628500       -0.063513771037001        0.063513781665501
          1.935107461204000        0.000000004331119       -0.025716039216960        0.025716043548079
          2.056051677529250        0.000000002000257       -0.003399582396478        0.003399584396734
          2.176995893854500        0.000000000866758        0.043650246996946       -0.043650246130188
          2.297940110179750       -0.000000010799999        0.047640319395629       -0.047640330195628
          2.418884326505000       -0.000000010724509        0.017808794611048       -0.017808805335557
          2.539828542830250       -0.000000018013999       -0.016920673214973        0.016920655200975
          2.660772759155500       -0.000000032291105       -0.055080496532287        0.055080464241182
          2.781716975480750       -0.000000030667322       -0.030922956069771        0.030922925402449
          2.902661191806000       -0.000000044964921       -0.011170896804976        0.011170851840055
          3.023605408131250       -0.000000058387774        0.047130862755439       -0.047130921143213
          3.144549624456500       -0.000000058434565        0.038809108742463       -0.038809167177029
          3.265493840781750       -0.000000077407642        0.034770930380106       -0.034771007787748
          3.386438057107000       -0.000000087593239       -0.026221296173839        0.026221208580600
          3.507382273432250       -0.000000091894500       -0.039176176736715        0.039176084842216
          3.628326489757500       -0.000000112106302       -0.048355743742698        0.048355631636396
          3.749270706082750       -0.000000118122639       -0.002866323790323        0.002866205667684
          3.870214922408000       -0.000000126959770        0.032292663021750       -0.032292789981520
          3.991159138733250       -0.000000144876514        0.048006670973033       -0.048006815849547
          4.112103355058500       -0.000000147972128        0.033912369770293       -0.033912517742421
          4.233047571383750       -0.000000158823189       -0.020666950803368        0.020666791980179
          4.353991787709000       -0.000000171705222       -0.032942610766671        0.032942439061449
          4.474936004034250       -0.000000173980139       -0.060169920363549        0.060169746383410
          4.595880220359500       -0.000000182787170        0.007813640932544       -0.007813823719714
          4.716824436684750       -0.000000189557878        0.006430664471842       -0.006430854029719
          4.837768653010000       -0.000000191643037        0.075520007713256       -0.075520199356292
          4.958712869335250       -0.000000195192865        0.003065791488097       -0.003065986680962
          5.079657085660500       -0.000000196574143        0.024791497284254       -0.024791693858397
          5.200601301985750       -0.000000196403665       -0.076071890777159        0.076071694373494
          5.321545518311000       -0.000000194158014       -0.009649364611668        0.009649170453654
          5.442489734636251       -0.000000190554739       -0.052749850873002        0.052749660318263
          5.563433950961501       -0.000000186016164        0.061887842574415       -0.061888028590579
          5.684378167286750       -0.000000178840921        0.010316814397833       -0.010316993238754
          5.805322383612000       -0.000000169393214        0.071151181012489       -0.071151350405703
          5.926266599937250       -0.000000160976702       -0.037564464790952        0.037564303814251
          6.047210816262500       -0.000000148767950       -0.004018593787221        0.004018445019271
          6.168155032587750       -0.000000132972928       -0.077151721077688        0.077151588104760
          6.289099248913001       -0.000000122832958        0.010848790696414       -0.010848913529373
          6.410043465238251       -0.000000104680367       -0.009058532207059        0.009058427526692
          6.530987681563500       -0.000000084283108        0.071416108915675       -0.071416193198783
          6.651931897888750       -0.000000073330241        0.010259350603004       -0.010259423933245
          6.772876114214000       -0.000000049439379        0.026898144511188       -0.026898193950567
          6.893820330539250       -0.000000028113827       -0.057033350847168        0.057033322733341
          7.014764546864500       -0.000000015170480       -0.019991592107712        0.019991576937233
          7.135708763189751        0.000000011892497       -0.045868597457464        0.045868609349961
          7.256652979515001        0.000000030544901        0.038506533743473       -0.038506503198572
          7.377597195840250        0.000000046832920        0.016129488438672       -0.016129441605752
          7.498541412165500        0.000000072828081        0.061909748362287       -0.061909675534207
          7.619485628490750        0.000000087471052       -0.020613112609403        0.020613200080455
          7.740429844816000        0.000000106049258       -0.000105226737468        0.000105332786726
          7.861374061141250        0.000000126876622       -0.071455721818086        0.071455848694707
          7.982318277466501        0.000000138332611        0.007204813340708       -0.007204675008098
          8.103262493791750        0.000000155217881       -0.023293944423333        0.023294099641214
          8.224206710117000        0.000000168672052        0.071942721298741       -0.071942552626688
          8.345150926442249        0.000000177726323       -0.000000650391840        0.000000828118163
          8.466095142767500        0.000000188256363        0.047066713734186       -0.047066525477823
          8.587039359092751        0.000000194708468       -0.062084909439900        0.062085104148369
          8.707983575418000        0.000000199364773       -0.001404838574078        0.001405037938851
          8.828927791743251        0.000000201897943       -0.064068075761755        0.064068277659698
          8.949872008068500        0.000000201848752        0.042844065438855       -0.042843863590103
          9.070816224393750        0.000000198944708       -0.001614522433713        0.001614721378421
          9.191760440718999        0.000000195118202        0.069731125431294       -0.069730930313093
          9.312704657044250        0.000000187276638       -0.018194325311189        0.018194512587827
          9.433648873369501        0.000000176479405        0.008096874899202       -0.008096698419797
          9.554593089694750        0.000000167657136       -0.063466430361577        0.063466598018713
          9.675537306020001        0.000000150543877       -0.005502229776054        0.005502380319931
          9.796481522345250        0.000000135059157       -0.017437481503405        0.017437616562562
          9.917425738670500        0.000000120243397        0.048046529728956       -0.048046409485560
         10.038369954995749        0.000000094975310        0.021878048805293       -0.021877953829982
         10.159314171321000        0.000000078221628        0.028449468384868       -0.028449390163241
         10.280258387646251        0.000000056094133       -0.027854145006792        0.027854201100925
         10.401202603971500        0.000000026566685       -0.026812724196903        0.026812750763588
         10.522146820296751        0.000000009640706       -0.038915762084020        0.038915771724726
         10.643091036622000       -0.000000018652728        0.007676130118345       -0.007676148771073
         10.764035252947250       -0.000000047836239        0.019354681686589       -0.019354729522828
         10.884979469272501       -0.000000065524482        0.046359616854124       -0.046359682378606
         11.005923685597750       -0.000000096374768        0.007936275352094       -0.007936371726862
         11.126867901923001       -0.000000121663607       -0.001430743749477        0.001430622085871
         11.247812118248250       -0.000000140363271       -0.049058571252775        0.049058430889504
         11.368756334573501       -0.000000169162669       -0.015355168728524        0.015354999565855
         11.489700550898750       -0.000000188827873       -0.022707452103818        0.022707263275945
         11.610644767224001       -0.000000207057678        0.046486445196012       -0.046486652253690
         11.731588983549251       -0.000000229758565        0.012972155003156       -0.012972384761721
         11.852533199874500       -0.000000243842761        0.047168595758539       -0.047168839601299
         11.973477416199751       -0.000000258403299       -0.039040631410795        0.039040373007496
         12.094421632525000       -0.000000272757709       -0.001990303102913        0.001990030345204
         12.215365848850251       -0.000000281438380       -0.065492729110394        0.065492447672014
         12.336310065175500       -0.000000289219967        0.027769028233515       -0.027769317453482
         12.457254281500751       -0.000000294820248       -0.013816399467044        0.013816104646796
         12.578198497826001       -0.000000297197384        0.072481117835806       -0.072481415033190
         12.699142714151250       -0.000000297119028       -0.014442035866822        0.014441738747794
         12.820086930476501       -0.000000294215141        0.029671708054794       -0.029672002269935
         12.941031146801750       -0.000000288997462       -0.066126075493013        0.066125786495551
         13.061975363127001       -0.000000281950983        0.001833504940975       -0.001833786891958
         13.182919579452250       -0.000000270373835       -0.041642645441735        0.041642375067900
         13.303863795777501       -0.000000257981440        0.048608689197108       -0.048608947178548
         13.424808012102751       -0.000000244919165        0.006728796872485       -0.006729041791649
         13.545752228428000       -0.000000224831942        0.047746150612961       -0.047746375444903
         13.666696444753251       -0.000000207778300       -0.025361462192133        0.025361254413833
         13.787640661078500       -0.000000188682244       -0.008540217434156        0.008540028751912
         13.908584877403751       -0.000000161994093       -0.047754562739326        0.047754400745233
         14.029529093729000       -0.000000143074100        0.002960394932254       -0.002960538006354
         14.150473310054251       -0.000000118174255        0.002844189574200       -0.002844307748454
         14.271417526379501       -0.000000088512629        0.042664345663646       -0.042664434176275
         14.392361742704750       -0.000000069261958        0.013045678280737       -0.013045747542695
         14.513305959030001       -0.000000040237073        0.008976871457460       -0.008976911694533
         14.634250175355250       -0.000000011833140       -0.034253073373684        0.034253061540544
         14.755194391680501        0.000000007475923       -0.019174156455392        0.019174163931315
         14.876138608005750        0.000000037275856       -0.024104687782486        0.024104725058341
         14.997082824331001        0.000000060991763        0.024975297625801       -0.024975236634038
         15.118027040656251        0.000000080181366        0.014402893364387       -0.014402813183021
         15.238971256981500        0.000000106577497        0.039379372140427       -0.039379265562930
         15.359915473306751        0.000000124127596       -0.017319033444187        0.017319157571783
         15.480859689632000        0.000000141808538       -0.000175484180532        0.000175625989070
         15.601803905957251        0.000000161130735       -0.051670307428677        0.051670468559412
         15.722748122282500        0.000000172874666        0.012863442250175       -0.012863269375509
         15.843692338607751        0.000000186078326       -0.019518751868768        0.019518937947094
         15.964636554933001        0.000000196688679        0.058017761202951       -0.058017564514272
         16.085580771258250        0.000000203122075       -0.011441813043663        0.011442016165737
         16.206524987583499        0.000000208866145        0.038991827191687       -0.038991618325542
         16.327469203908752        0.000000211455256       -0.056089494091439        0.056089705546695
         16.448413420234001        0.000000211530637        0.011748457469002       -0.011748245938364
         16.569357636559250        0.000000209303813       -0.052784460589943        0.052784669893757
         16.690301852884499        0.000000204941122        0.045643149614241       -0.045642944673118
         16.811246069209751        0.000000197360767       -0.012835928009362        0.012836125370129
         16.932190285535000        0.000000189155080        0.058034721321442       -0.058034532166362
         17.053134501860249        0.000000177868727       -0.029459872415596        0.029460050284323
         17.174078718185502        0.000000163574403        0.015149385056802       -0.015149221482400
         17.295022934510751        0.000000151337812       -0.055149928754660        0.055150080092472
         17.415967150836000        0.000000133251273        0.012604757238361       -0.012604623987088
         17.536911367161249        0.000000115386551       -0.019753238231461        0.019753353618012
         17.657855583486501        0.000000099663831        0.046702319264494       -0.046702219600664
         17.778799799811750        0.000000076523596       -0.000185767043722        0.000185843567318
         17.899744016136999        0.000000058300563        0.027009592902172       -0.027009534601608
         18.020688232462252        0.000000039252563       -0.035778719965904        0.035778759218467
         18.141632448787501        0.000000014384431       -0.004397720284607        0.004397734669038
         18.262576665112750       -0.000000002508625       -0.035953839116454        0.035953836607829
         18.383520881437999       -0.000000023528824        0.025204862326599       -0.025204885855423
         18.504465097763251       -0.000000046671389        0.000139703209041       -0.000139749880430
         18.625409314088500       -0.000000061800519        0.044748120830152       -0.044748182630671
         18.746353530413749       -0.000000082243799       -0.017194965944813        0.017194883701014
         18.867297746739002       -0.000000101176837        0.011691322625127       -0.011691423801964
         18.988241963064251       -0.000000114374119       -0.051219120654884        0.051219006280765
         19.109186179389500       -0.000000131341480        0.013008564404599       -0.013008695746079
         19.230130395714749       -0.000000145048191       -0.027747827665578        0.027747682617386
         19.351074612040001       -0.000000155530302        0.053259677126894       -0.053259832657196
         19.472018828365250       -0.000000166993746       -0.012449252801228        0.012449085807481
         19.592963044690499       -0.000000175559155        0.043249698435743       -0.043249873994898
         19.713907261015752       -0.000000181998487       -0.049174378812367        0.049174196813880
         19.834851477341001       -0.000000187480331        0.014032663335558       -0.014032850815889
         19.955795693666250       -0.000000191054977       -0.053270385908338        0.053270194853361
         20.076739909991499       -0.000000192666765        0.038536577201930       -0.038536769868695
         20.197684126316751       -0.000000192745715       -0.015894725442909        0.015894532697194
         20.318628342642000       -0.000000191137556        0.054646673578772       -0.054646864716328
         20.439572558967249       -0.000000188514927       -0.022956161292602        0.022955972777675
         20.560516775292502       -0.000000183742235        0.017020358741079       -0.017020542483313
         20.681460991617751       -0.000000177160538       -0.047179654523600        0.047179477363061
         20.802405207943000       -0.000000171731422        0.006071402954905       -0.006071574686327
         20.923349424268253       -0.000000162371782       -0.017509316605969        0.017509154234187
         21.044293640593501       -0.000000152265622        0.033455915796147       -0.033456068061769
         21.165237856918750       -0.000000145099396        0.007845283921057       -0.007845429020453
         21.286182073243999       -0.000000131820160        0.017981462203164       -0.017981594023324
         21.407126289569252       -0.000000120573830       -0.017327076827589        0.017326956253759
         21.528070505894501       -0.000000111932958       -0.015517810584554        0.015517698651596
         21.649014722219750       -0.000000096378022       -0.018713452373238        0.018713355995216
         21.769958938545003       -0.000000086154899        0.002549238238784       -0.002549324393683
         21.890903154870252       -0.000000076150144        0.015645704796701       -0.015645780946846
         22.011847371195501       -0.000000060552731        0.019623567632586       -0.019623628185317
         22.132791587520749       -0.000000052573521        0.007957484001693       -0.007957536575214
         22.253735803846002       -0.000000041696765       -0.008609802045854        0.008609760349089
         22.374680020171251       -0.000000028325812       -0.020647403536269        0.020647375210457
         22.495624236496500       -0.000000022658999       -0.012122530110114        0.012122507451115
         22.616568452821753       -0.000000012038913       -0.004104309437369        0.004104297398457
         22.737512669147002       -0.000000002538436        0.022093563279039       -0.022093565817476
         22.858456885472251        0.000000001545977        0.009003537006482       -0.009003535460506
         22.979401101797500        0.000000010315057        0.020301469443778       -0.020301459128720
         23.100345318122752        0.000000015579026       -0.024137353305016        0.024137368884042
         23.221289534448001        0.000000018763566        0.000734306856092       -0.000734288092526
         23.342233750773250        0.000000024208002       -0.036810671479295        0.036810695687297
         23.463177967098503        0.000000026315966        0.026131488579173       -0.026131462263207
         23.584122183423752        0.000000028355450       -0.014346220988624        0.014346249344075
         23.705066399749001        0.000000030208860        0.049662463343977       -0.049662433135116
         23.826010616074250        0.000000030610795       -0.026469431752940        0.026469462363735
         23.946954832399502        0.000000030706127        0.027861470227947       -0.027861439521820
         24.067899048724751        0.000000030262258       -0.055254932374757        0.055254962637015
         24.188843265050000        0.000000029406683        0.023952891514083       -0.023952862107400
         24.309787481375253        0.000000027756562       -0.037973339060630        0.037973366817192
         24.430731697700502        0.000000026611925        0.052347758155811       -0.052347731543886
         24.551675914025751        0.000000024234164       -0.019258298413024        0.019258322647188
         24.672620130351000        0.000000022505951        0.043682287414565       -0.043682264908615
         24.793564346676252        0.000000021185189       -0.042783991320005        0.042784012505193
         24.914508563001501        0.000000017713370        0.015031260360133       -0.015031242646763
         25.035452779326750        0.000000017579507       -0.045943830416281        0.045943847995788
         25.156396995652003        0.000000015804568        0.030433527612612       -0.030433511808044
         25.277341211977252        0.000000012703384       -0.014218289620785        0.014218302324169
         25.398285428302501        0.000000014514169        0.046256565253632       -0.046256550739463
         25.519229644627750        0.000000012270669       -0.019260308132951        0.019260320403620
         25.640173860953002        0.000000011088895        0.018502050223342       -0.018502039134446
         25.761118077278251        0.000000014013261       -0.045503884605630        0.045503898618891
         25.882062293603500        0.000000011989610        0.012189992361206       -0.012189980371596
         26.003006509928753        0.000000013290061       -0.027596683650441        0.027596696940502
         26.123950726254002        0.000000016352547        0.043850541016771       -0.043850524664224
         26.244894942579251        0.000000015426897       -0.010593579699191        0.010593595126088
         26.365839158904500        0.000000018521010        0.039452218386559       -0.039452199865549
         26.486783375229752        0.000000021292033       -0.040866179667279        0.040866200959312
         26.607727591555001        0.000000021828838        0.014170633963913       -0.014170612135075
         26.728671807880250        0.000000025279166       -0.050609470737152        0.050609496016318
         26.849616024205503        0.000000027831035        0.035783727434460       -0.035783699603424
         26.970560240530752        0.000000029262746       -0.020903050963310        0.020903080226055
         27.091504456856001        0.000000031810573        0.057049667306974       -0.057049635496401
         27.212448673181250        0.000000033996096       -0.027814103468078        0.027814137464174
         27.333392889506502        0.000000035135309        0.027776812343447       -0.027776777208138
         27.454337105831751        0.000000036247020       -0.055470046466519        0.055470082713539
         27.575281322157000        0.000000037106595        0.017018103975747       -0.017018066869152
         27.696225538482253        0.000000037075101       -0.032015517519816        0.032015554594917
         27.817169754807502        0.000000036461384        0.044903577778330       -0.044903541316946
         27.938113971132751        0.000000034688746       -0.004955043380588        0.004955078069334
         28.059058187458000        0.000000033381504        0.032344760204248       -0.032344726822744
         28.180002403783252        0.000000030200730       -0.027336426091729        0.027336456292459
         28.300946620108501        0.000000025285348       -0.005461326582177        0.005461351867525
         28.421890836433750        0.000000022776934       -0.029056602334289        0.029056625111223
         28.542835052759003        0.000000015806664        0.006965160317545       -0.006965144510881
         28.663779269084252        0.000000008444887        0.011362710498385       -0.011362702053498
         28.784723485409501        0.000000004286440        0.023243639174796       -0.023243634888356
         28.905667701734750       -0.000000007019351        0.011623130299946       -0.011623137319296
         29.026611918060002       -0.000000015615038       -0.011282209149132        0.011282193534094
         29.147556134385251       -0.000000022226094       -0.015895840907219        0.015895818681125
         29.268500350710500       -0.000000037067310       -0.024766733793370        0.024766696726060
         29.389444567035753       -0.000000045901044        0.005674493321264       -0.005674539222309
         29.510388783361002       -0.000000055504212        0.007923141807589       -0.007923197311801
         29.631332999686251       -0.000000071910659        0.030215774071138       -0.030215845981797
         29.752277216011500       -0.000000080396093        0.003816289572077       -0.003816369968170
         29.873221432336752       -0.000000092788174       -0.000547995794703        0.000547903006528
         29.994165648662001       -0.000000108248824       -0.026869906864867        0.026869798616043
         30.115109864987250       -0.000000116150077       -0.015233236047196        0.015233119897119
         30.236054081312503       -0.000000130006354       -0.004429992693353        0.004429862686999
         30.356998297637752       -0.000000142245830        0.014826046301207       -0.014826188547037
         30.477942513963001       -0.000000149562582        0.026783326657285       -0.026783476219867
         30.598886730288250       -0.000000162186939        0.005322090865178       -0.005322253052118
         30.719830946613502       -0.000000170108596        0.004217362618754       -0.004217532727350
         30.840775162938751       -0.000000176342781       -0.036442706256376        0.036442529913596
         30.961719379264000       -0.000000184555340       -0.001602053088478        0.001601868533138
         31.082663595589253       -0.000000188399883       -0.026406312654958        0.026406124255075
         31.203607811914502       -0.000000191775218        0.041741257770693       -0.041741449545911
         31.324552028239751       -0.000000193898546       -0.005488036500781        0.005487842602235
         31.445496244565000       -0.000000193894227        0.046414806358717       -0.046415000252944
         31.566440460890252       -0.000000192138670       -0.040496040127291        0.040495847988621
         31.687384677215501       -0.000000188741903        0.013940842207535       -0.013941030949437
         31.808328893540750       -0.000000183795519       -0.059430822369836        0.059430638574316
         31.929273109866003       -0.000000176191681        0.032623723984325       -0.032623900176005
         32.050217326191252       -0.000000168252882       -0.022550525121464        0.022550356868582
         32.171161542516501       -0.000000157009400        0.063312212734870       -0.063312369744269
         32.292105758841750       -0.000000144915655       -0.020998443133565        0.020998298217910
         32.413049975166999       -0.000000132138466        0.031518419328196       -0.031518551466662
         32.533994191492248       -0.000000115086969       -0.058879537134213        0.058879422047244
         32.654938407817504       -0.000000100311232        0.010441063031703       -0.010441163342935
         32.775882624142753       -0.000000082057356       -0.041313140771287        0.041313058713930
         32.896826840468002       -0.000000061698189        0.048793983146235       -0.048794044844423
         33.017771056793251       -0.000000045135796       -0.005435296419202        0.005435251283406
         33.138715273118500       -0.000000022396851        0.051445792495200       -0.051445814892050
         33.259659489443749       -0.000000001438879       -0.036155633310368        0.036155631871489
         33.380603705768998        0.000000016508891        0.008473523785950       -0.008473507277059
         33.501547922094254        0.000000040781277       -0.060033179139777        0.060033219921053
         33.622492138419503        0.000000060609233        0.023843872405544       -0.023843811796310
         33.743436354744752        0.000000078972645       -0.019228671553467        0.019228750526112
         33.864380571070001        0.000000101189949        0.064390549183563       -0.064390447993614
         33.985324787395250        0.000000118968864       -0.013960670489769        0.013960789458633
         34.106269003720499        0.000000135642512        0.034637340476977       -0.034637204834465
         34.227213220045748        0.000000153291608       -0.061774698616933        0.061774851908541
         34.348157436371004        0.000000167869217        0.007510703767962       -0.007510535898744
         34.469101652696253        0.000000180229674       -0.049528861712437        0.049529041942111
         34.590045869021502        0.000000192253841        0.050469190532199       -0.050468998278358
         34.710990085346751        0.000000201740181       -0.004315166096057        0.004315367836238
         34.831934301672000        0.000000208106162        0.058338635358662       -0.058338427252500
         34.952878517997249        0.000000213707777       -0.030848913332695        0.030849127040472
         35.073822734322498        0.000000216424011        0.003728504480463       -0.003728288056452
         35.194766950647754        0.000000216640267       -0.057181044494288        0.057181261134556
         35.315711166973003        0.000000214300801        0.006209030801897       -0.006208816501096
         35.436655383298252        0.000000210174617       -0.005258708323853        0.005258918498470
         35.557599599623501        0.000000204493093        0.045437770608999       -0.045437566115906
         35.678543815948750        0.000000193009475        0.017893637803450       -0.017893444793975
         35.799488032273999        0.000000183486235        0.008607973059136       -0.008607789572900
         35.920432248599248        0.000000171400390       -0.025568587374603        0.025568758774993
         36.041376464924504        0.000000151701946       -0.035576672695619        0.035576824397565
         36.162320681249753        0.000000138310972       -0.012881612796388        0.012881751107360
         36.283264897575002        0.000000119082427        0.001813408087988       -0.001813289005561
         36.404209113900251        0.000000094314709        0.042976349516387       -0.042976255201678
         36.525153330225500        0.000000077884915        0.016273357277859       -0.016273279392944
         36.646097546550749        0.000000051953176        0.021293297438340       -0.021293245485164
         36.767041762875998        0.000000025808980       -0.039292939506580        0.039292965315559
         36.887985979201254        0.000000007022584       -0.016623547330384        0.016623554352968
         37.008930195526503       -0.000000023435584       -0.039571719857502        0.039571696421917
         37.129874411851752       -0.000000047889105        0.026448574078490       -0.026448621967595
         37.250818628177001       -0.000000068195110        0.012748216016992       -0.012748284212102
         37.371762844502250       -0.000000099524956        0.049476893852586       -0.049476993377542
         37.492707060827499       -0.000000120117528       -0.007779665659295        0.007779545541766
         37.613651277152748       -0.000000141040445       -0.005341107981629        0.005340966941184
         37.734595493478004       -0.000000168702061       -0.048335186133981        0.048335017431920
         37.855539709803253       -0.000000184319765       -0.013039725513576        0.013039541193812
         37.976483926128502       -0.000000204275676       -0.003058732481649        0.003058528205973
         38.097428142453751       -0.000000224157139        0.035143780428793       -0.035144004585933
         38.218372358779000       -0.000000234978639        0.032468844936249       -0.032469079914889
         38.339316575104249       -0.000000250628075        0.009366937448384       -0.009367188076459
         38.460260791429498       -0.000000261076715       -0.011562542412036        0.011562281335322
         38.581205007754754       -0.000000267364498       -0.046888601765203        0.046888334400705
         38.702149224080003       -0.000000274556031       -0.011506406650303        0.011506132094272
         38.823093440405252       -0.000000276907803       -0.017576389110786        0.017576112202983
         38.944037656730501       -0.000000277269310        0.052889857714118       -0.052890134983428
         39.064981873055750       -0.000000274468880        0.009063931128114       -0.009064205596993
         39.185926089380999       -0.000000270442705        0.045547733891926       -0.045548004334631
         39.306870305706248       -0.000000262688709       -0.048597134306137        0.048596871617428
         39.427814522031504       -0.000000252193742       -0.002334777124791        0.002334524931049
         39.548758738356753       -0.000000241488423       -0.066266332453918        0.066266090965495
         39.669702954682002       -0.000000225580595        0.035418432431993       -0.035418658012587
         39.790647171007251       -0.000000210486751       -0.008679592609137        0.008679382122386
         39.911591387332500       -0.000000192309707        0.076405494436588       -0.076405686746296
         40.032535603657749       -0.000000171063856       -0.018136550821060        0.018136379757204
         40.153479819982998       -0.000000152384754        0.024085462395691       -0.024085614780445
         40.274424036308254       -0.000000128201208       -0.075526050668559        0.075525922467351
         40.395368252633503       -0.000000105098958        0.003131351869630       -0.003131456968588
         40.516312468958752       -0.000000082755382       -0.042755086919275        0.042755004163894
         40.637256685284001       -0.000000056178746        0.065210045808342       -0.065210101987088
         40.758200901609250       -0.000000033449596        0.004240456154958       -0.004240489604554
         40.879145117934499       -0.000000008890767        0.061598316221182       -0.061598325111949
         41.000089334259748        0.000000016916782       -0.048101092009490        0.048101108926273
         41.121033550585004        0.000000037963608       -0.001411538102150        0.001411576065758
         41.241977766910253        0.000000061348353       -0.075852743919187        0.075852805267540
         41.362921983235502        0.000000084749105        0.027452425534285       -0.027452340785179
         41.483866199560751        0.000000102646638       -0.010536561867311        0.010536664513949
         41.604810415886000        0.000000121542022        0.080454263001664       -0.080454141459642
         41.725754632211249        0.000000141400754       -0.006546497604421        0.006546639005176
         41.846698848536505        0.000000154373581        0.027264564057770       -0.027264409684190
         41.967643064861754        0.000000167477901       -0.071646803098169        0.071646970576069
         42.088587281187003        0.000000181734131       -0.011612813835656        0.011612995569787
         42.209531497512252        0.000000188738545       -0.042544536376037        0.042544725114582
         42.330475713837501        0.000000196084184        0.048836364013520       -0.048836167929336
         42.451419930162750        0.000000202414745        0.024447060333745       -0.024446857919000
         42.572364146487999        0.000000204141938        0.050683408694391       -0.050683204552453
         42.693308362813255        0.000000204909962       -0.015650965355479        0.015651170265441
         42.814252579138504        0.000000203080166       -0.029742219751465        0.029742422831631
         42.935196795463753        0.000000200886526       -0.048502399049167        0.048502599935693
         43.056141011789002        0.000000193303934       -0.020535337543356        0.020535530847290
         43.177085228114251        0.000000185727788        0.026416934907451       -0.026416749179663
         43.298029444439500        0.000000179827744        0.035947258625431       -0.035947078797687
         43.418973660764749        0.000000163762771        0.051209525838636       -0.051209362075865
         43.539917877090005        0.000000153178178       -0.015670134167801        0.015670287345979
         43.660862093415254        0.000000142801296       -0.015146118833469        0.015146261634765
         43.781806309740503        0.000000121120453       -0.069793786448496        0.069793907568949
         43.902750526065752        0.000000108863430        0.001477636126870       -0.001477527263439
         44.023694742391001        0.000000093771836       -0.010542473235617        0.010542567007453
         44.144638958716250        0.000000070560618        0.073545458432122       -0.073545387871504
         44.265583175041499        0.000000057424007        0.010693269117718       -0.010693211693711
         44.386527391366755        0.000000038383488        0.036954761687056       -0.036954723303568
         44.507471607692004        0.000000016852834       -0.063469232267058        0.063469249119892
         44.628415824017253        0.000000004203571       -0.016097120266199        0.016097124469771
         44.749360040342502       -0.000000017208621       -0.059244944822225        0.059244927613603
         44.870304256667751       -0.000000034947764        0.043157452804027       -0.043157487751791
         44.991248472993000       -0.000000046019556        0.012683654882384       -0.012683700901940
         45.112192689318249       -0.000000067416735        0.072458012316084       -0.072458079732818
         45.233136905643505       -0.000000079811978       -0.017307231576102        0.017307151764123
         45.354081121968754       -0.000000089736748       -0.001835571943003        0.001835482206255
         45.475025338294003       -0.000000107558580       -0.072504698731158        0.072504591172578
         45.595969554619252       -0.000000114201582       -0.009348916311722        0.009348802110140
         45.716913770944501       -0.000000123555792       -0.012266765159072        0.012266641603280
         45.837857987269750       -0.000000134386748        0.057540727953140       -0.057540862339888
         45.958802203594999       -0.000000137014650        0.032464631327869       -0.032464768342520
         46.079746419920255       -0.000000143884824        0.024572950633209       -0.024573094518033
         46.200690636245504       -0.000000147290742       -0.029288940778674        0.029288793487932
         46.321634852570753       -0.000000148102794       -0.047968064082588        0.047967915979794
         46.442579068896002       -0.000000148791696       -0.031227571630497        0.031227422838801
         46.563523285221251       -0.000000148033172       -0.006542972173837        0.006542824140665
         46.684467501546500       -0.000000146694945        0.052534489814899       -0.052534636509844
         46.805411717871749       -0.000000140491789        0.030438162399515       -0.030438302891303
         46.926355934197005       -0.000000138797212        0.041890102461594       -0.041890241258806
         47.047300150522254       -0.000000132973649       -0.045029371747672        0.045029238774022
         47.168244366847503       -0.000000123772249       -0.021745975152129        0.021745851379880
         47.289188583172752       -0.000000121187280       -0.069189458503128        0.069189337315848
         47.410132799498001       -0.000000110141470        0.027979638799794       -0.027979748941265
         47.531077015823250       -0.000000102445985        0.005383523976437       -0.005383626422422
         47.652021232148499       -0.000000097582208        0.083629193837483       -0.083629291419690
         47.772965448473755       -0.000000083432984       -0.007188094189681        0.007188010756697
         47.893909664799004       -0.000000078614764        0.017335835379865       -0.017335913994629
         48.014853881124253       -0.000000071420015       -0.083481047540289        0.083480976120274
         48.135798097449502       -0.000000057427146       -0.010403035183850        0.010402977756704
         48.256742313774751       -0.000000054567608       -0.042948418088931        0.042948363521323
         48.377686530100000       -0.000000046209246        0.069555836642834       -0.069555882852080
         48.498630746425249       -0.000000034819808        0.019464002748886       -0.019464037568694
         48.619574962750505       -0.000000033421337        0.065747534255248       -0.065747567676585
         48.740519179075754       -0.000000024279997       -0.044549037262374        0.044549012982377
         48.861463395401003       -0.000000016982824       -0.017958119917401        0.017958102934576
         48.982407611726252       -0.000000017261138       -0.078938079898385        0.078938062637248
         49.103351828051501       -0.000000007482165        0.012809154013528       -0.012809161495693
         49.224296044376750       -0.000000004786361        0.007572838104104       -0.007572842890466
         49.345240260701999       -0.000000006132879        0.076944228631250       -0.076944234764130
         49.466184477027255        0.000000002721470        0.020088812358046       -0.020088809636576
         49.587128693352504        0.000000001921702        0.007299940419340       -0.007299938497638
         49.708072909677753        0.000000001122815       -0.057668646641224        0.057668647764038
         49.829017126003002        0.000000006232461       -0.047873432236026        0.047873438468486
         49.949961342328251        0.000000004737258       -0.021286675849981        0.021286680587238
         50.070905558653500        0.000000004867994        0.024017521166764       -0.024017516298770
         50.191849774978749        0.000000005380076        0.064670622649332       -0.064670617269256
         50.312793991304005        0.000000005800826        0.029930067938728       -0.029930062137902
         50.433738207629254        0.000000005366185        0.016546477254287       -0.016546471888102
         50.554682423954503        0.000000003791074       -0.066597363059457        0.066597366850531
         50.675626640279752        0.000000006599987       -0.030514590292902        0.030514596892889
         50.796570856605001        0.000000004501935       -0.054473989688704        0.054473994190639
         50.917515072930250        0.000000003877141        0.053732319844923       -0.053732315967782
         51.038459289255499        0.000000008134446        0.021906417689461       -0.021906409555016
         51.159403505580755        0.000000005614259        0.081618278786569       -0.081618273172311
         51.280347721906004        0.000000006358678       -0.030881328779692        0.030881335138370
         51.401291938231253        0.000000011757881       -0.004266258835463        0.004266270593344
         51.522236154556502        0.000000010981595       -0.093552021139781        0.093552032121376
         51.643180370881751        0.000000012032328        0.006140078418675       -0.006140066386347
         51.764124587207000        0.000000019038621       -0.020501300231226        0.020501319269847
         51.885068803532249        0.000000020549612        0.089912229122251       -0.089912208572640
         52.006013019857505        0.000000022377617        0.012193452081599       -0.012193429703982
         52.126957236182754        0.000000030386655        0.048300913943625       -0.048300883556970
         52.247901452508003        0.000000033044116       -0.073447061953867        0.073447094997983
         52.368845668833252        0.000000037716581       -0.018485155387800        0.018485193104381
         52.489789885158501        0.000000044804530       -0.073317311048154        0.073317355852684
         52.610734101483750        0.000000047871094        0.048772025832376       -0.048771977961282
         52.731678317808999        0.000000055898347        0.011318619189689       -0.011318563291342
         52.852622534134255        0.000000060364057        0.089339078342078       -0.089339017978021
         52.973566750459504        0.000000064413135       -0.021107539749104        0.021107604162239
         53.094510966784753        0.000000072802309        0.006320834249738       -0.006320761447429
         53.215455183110002        0.000000074895888       -0.091281376566553        0.091281451462441
         53.336399399435251        0.000000080198930       -0.004799069747875        0.004799149946806
         53.457343615760500        0.000000084975464       -0.028180600322075        0.028180685297540
         53.578287832085749        0.000000086408846        0.076697531362618       -0.076697444953773
         53.699232048411005        0.000000090333251        0.025065718235665       -0.025065627902414
         53.820176264736254        0.000000091199809        0.047119216791666       -0.047119125591857
         53.941120481061503        0.000000091733532       -0.047198092945298        0.047198184678829
         54.062064697386752        0.000000090649545       -0.036449526334925        0.036449616984470
         54.183008913712001        0.000000090740850       -0.057698379867438        0.057698470608287
         54.303953130037250        0.000000086858239        0.008897494441178       -0.008897407582938
         54.424897346362499        0.000000080545249        0.036571125497635       -0.036571044952386
         54.545841562687755        0.000000080837630        0.057401251746950       -0.057401170909320
         54.666785779013004        0.000000069324747        0.029239527955738       -0.029239458630991
         54.787729995338253        0.000000061440141       -0.025124177178278        0.025124238618420
         54.908674211663502        0.000000058286384       -0.046107119896802        0.046107178183187
         55.029618427988751        0.000000039769938       -0.058439639050924        0.058439678820862
         55.150562644314000        0.000000033737394        0.005083152730352       -0.005083118992958
         55.271506860639249        0.000000022850867        0.025410943051602       -0.025410920200734
         55.392451076964505        0.000000000775105        0.072645132559564       -0.072645131784459
         55.513395293289754       -0.000000002990254        0.017788757558357       -0.017788760548610
         55.634339509615003       -0.000000022232271        0.001306699243775       -0.001306721476046
         55.755283725940252       -0.000000044097345       -0.069265572868040        0.069265528770696
         55.876227942265501       -0.000000047810746       -0.036998364914649        0.036998317103903
         55.997172158590750       -0.000000072453112       -0.028479621511082        0.028479549057970
         56.118116374915999       -0.000000090966811        0.049035474354139       -0.049035565320950
         56.239060591241255       -0.000000097186703        0.047730418141041       -0.047730515327745
         56.360004807566504       -0.000000122972380        0.049112091883560       -0.049112214855940
         56.480949023891753       -0.000000135739821       -0.015746879497887        0.015746743758066
         56.601893240217002       -0.000000145536857       -0.048017443384526        0.048017297847669
         56.722837456542251       -0.000000168037246       -0.056802922019370        0.056802753982123
         56.843781672867500       -0.000000175170967       -0.023851407884847        0.023851232713880
         56.964725889192749       -0.000000186530276        0.038689176843487       -0.038689363373764
         57.085670105518005       -0.000000202065825        0.048326107865863       -0.048326309931688
         57.206614321843254       -0.000000205798729        0.060902712498009       -0.060902918296738
         57.327558538168503       -0.000000214268902       -0.022547201436367        0.022546987167466
         57.448502754493752       -0.000000221222906       -0.025090678380000        0.025090457157094
         57.569446970819001       -0.000000223021114       -0.086343567707266        0.086343344686151
         57.690391187144250       -0.000000224816713        0.003650909410251       -0.003651134226964
         57.811335403469499       -0.000000223973493       -0.007213631245303        0.007213407271810
         57.932279619794755       -0.000000222012855        0.093688334648892       -0.093688556661747
         58.053223836120004       -0.000000216790776        0.013273343373583       -0.013273560164359
         58.174168052445253       -0.000000209002590        0.040704049351431       -0.040704258354022
         58.295112268770502       -0.000000200897140       -0.081458832697456        0.081458631800316
         58.416056485095751       -0.000000190245380       -0.023410580509459        0.023410390264079
         58.537000701421000       -0.000000175052474       -0.067958190148530        0.067958015096056
         58.657944917746249       -0.000000161717064        0.054033272171636       -0.054033433888701
         58.778889134071505       -0.000000145730496        0.022864423410347       -0.022864569140842
         58.899833350396754       -0.000000122987327        0.083976953111264       -0.083977076098591
         59.020777566722003       -0.000000108096397       -0.020182918532507        0.020182810436109
         59.141721783047252       -0.000000085481786       -0.010109704339458        0.010109618857672
         59.262665999372501       -0.000000057451286       -0.086827048294609        0.086826990843323
         59.383610215697750       -0.000000043368373       -0.010073316687590        0.010073273319217
         59.504554432022999       -0.000000014204461       -0.012945264222288        0.012945250017827
         59.625498648348255        0.000000014497028        0.077331720142043       -0.077331705645016
         59.746442864673504        0.000000028782562        0.028560487126260       -0.028560458343698
         59.867387080998753        0.000000061179526        0.041191259514850       -0.041191198335324
         59.988331297324002        0.000000085627094       -0.058610511960950        0.058610597588044
         60.109275513649251        0.000000102525273       -0.030877768413707        0.030877870938980
         60.230219729974500        0.000000132680827       -0.067908334899644        0.067908467580470
         60.351163946299749        0.000000150608444        0.035333993860697       -0.035333843252253
         60.472108162625005        0.000000169850467        0.017057261350299       -0.017057091499832
         60.593052378950254        0.000000192699925        0.086509523319156       -0.086509330619231
         60.713996595275503        0.000000205035946       -0.012526057991062        0.012526263027008
         60.834940811600752        0.000000222054134        0.008486779041487       -0.008486556987353
         60.955885027926001        0.000000235330560       -0.091870914020896        0.091871149351455
         61.076829244251250        0.000000243545686       -0.005809428611134        0.005809672156820
         61.197773460576499        0.000000252628544       -0.038101078814176        0.038101331442720
         61.318717676901755        0.000000257363466        0.081433252471697       -0.081432995108231
         61.439661893227004        0.000000259555324        0.017106196944169       -0.017105937388845
         61.560606109552253        0.000000259340858        0.063365469601231       -0.063365210260373
         61.681550325877502        0.000000256428861       -0.056532109464604        0.056532365893465
         61.802494542202751        0.000000249059516       -0.019726138443292        0.019726387502807
         61.923438758528000        0.000000242728159       -0.078031924803217        0.078032167531376
         62.044382974853249        0.000000230564266        0.022953959148963       -0.022953728584696
         62.165327191178505        0.000000213728864        0.012690464222796       -0.012690250493932
         62.286271407503754        0.000000203503365        0.079512685068734       -0.079512481565369
         62.407215623829003        0.000000180401292        0.010501443304789       -0.010501262903497
         62.528159840154252        0.000000159007717        0.003492391048229       -0.003492232040513
         62.649104056479501        0.000000143224546       -0.068457449500840        0.068457592725386
         62.770048272804750        0.000000110731500       -0.035011384039395        0.035011494770895
         62.890992489129999        0.000000090262422       -0.025837048260038        0.025837138522460
         63.011936705455255        0.000000066422399        0.047800759728536       -0.047800693306137
         63.132880921780504        0.000000029426750        0.044397628560812       -0.044397599134062
         63.253825138105753        0.000000011942934        0.049196902953837       -0.049196891010903
         63.374769354431002       -0.000000019047250       -0.022247228287463        0.022247209240213
         63.495713570756251       -0.000000054728135       -0.036314093528913        0.036314038800779
         63.616657787081500       -0.000000070653133       -0.067829732519627        0.067829661866494
         63.737602003406749       -0.000000104290266       -0.002179308862013        0.002179204571747
         63.858546219732006       -0.000000133960956        0.012506267887388       -0.012506401848345
         63.979490436057254       -0.000000150305357        0.077114015285606       -0.077114165590963
         64.100434652382503       -0.000000180643485        0.019504328360399       -0.019504509003883
         64.221378868707745       -0.000000202145668        0.021335116030881       -0.021335318176550
         64.342323085033001       -0.000000218363517       -0.074412643446508        0.074412425082990
         64.463267301358258       -0.000000240678629       -0.025776139488135        0.025775898809506
         64.584211517683499       -0.000000254694199       -0.056339883511533        0.056339628817334
         64.705155734008756       -0.000000267135755        0.059431234513434       -0.059431501649189
         64.826099950333997       -0.000000279557309        0.020443818521149       -0.020444098078457
         64.947044166659254       -0.000000286974058        0.082632511420275       -0.082632798394333
         65.067988382984495       -0.000000292074637       -0.034578410600438        0.034578118525801
         65.188932599309751       -0.000000294938393       -0.006087470980357        0.006087176041964
         65.309876815635008       -0.000000294792729       -0.092571941047872        0.092571646255143
         65.430821031960249       -0.000000292405477        0.005138614597784       -0.005138907003261
         65.551765248285506       -0.000000285968063       -0.013019792764800        0.013019506796737
         65.672709464610747       -0.000000276824799        0.083469667658135       -0.083469944482934
         65.793653680936004       -0.000000269208739        0.021620319625844       -0.021620588834582
         65.914597897261245       -0.000000252799317        0.032271654035969       -0.032271906835286
         66.035542113586502       -0.000000236138735       -0.058293277184467        0.058293041045733
         66.156486329911758       -0.000000224198779       -0.038645255667904        0.038645031469125
         66.277430546236999       -0.000000197966389       -0.047519698881731        0.047519500915342
         66.398374762562256       -0.000000178341203        0.024163026621544       -0.024163204962747
         66.519318978887497       -0.000000160476363        0.041519637971250       -0.041519798447613
         66.640263195212754       -0.000000127190497        0.055495204901859       -0.055495332092355
         66.761207411537995       -0.000000108952108        0.010132653909884       -0.010132762861992
         66.882151627863252       -0.000000084062809       -0.029959720795637        0.029959636732828
         67.003095844188508       -0.000000048504562       -0.054428717600851        0.054428669096290
         67.124040060513749       -0.000000033200281       -0.036568625626325        0.036568592426045
         67.244984276839006       -0.000000002757941        0.007527355623963       -0.007527358381904
         67.365928493164247        0.000000029581806        0.044632933021079       -0.044632903439273
         67.486872709489504        0.000000043243839        0.049369400674755       -0.049369357430916
         67.607816925814745        0.000000075166299        0.019898116483610       -0.019898041317311
         67.728761142140002        0.000000099668382       -0.028852522031715        0.028852621700097
         67.849705358465258        0.000000113699436       -0.045862126497484        0.045862240196920
         67.970649574790500        0.000000141874515       -0.046081773334079        0.046081915208594
         68.091593791115756        0.000000156949109        0.011523053295621       -0.011522896346511
         68.212538007440997        0.000000171310842        0.026892136340765       -0.026891965029924
         68.333482223766254        0.000000190922599        0.065559483250979       -0.065559292328380
         68.454426440091495        0.000000198672625        0.002824027331547       -0.002823828658922
         68.575370656416752        0.000000209819865        0.002880423948619       -0.002880214128754
         68.696314872742008        0.000000218913124       -0.074168450081300        0.074168668994423
         68.817259089067250        0.000000222112407       -0.011259453666896        0.011259675779303
         68.938203305392506        0.000000225618771       -0.035821589276643        0.035821814895414
         69.059147521717748        0.000000225998155        0.069634484283588       -0.069634258285434
         69.180091738043004        0.000000224098580        0.012716975155918       -0.012716751057338
         69.301035954368245        0.000000219282565        0.063669794302770       -0.063669575020206
         69.421980170693502        0.000000213470535       -0.052871276878981        0.052871490349516
         69.542924387018758        0.000000204003896       -0.007089459762513        0.007089663766410
         69.663868603344000        0.000000194269689       -0.080508919320173        0.080509113589862
         69.784812819669256        0.000000182559356        0.028665284116099       -0.028665101556744
         69.905757035994498        0.000000166007628       -0.005464288448204        0.005464454455832
         70.026701252319754        0.000000154282563        0.084204844028614       -0.084204689746051
         70.147645468644996        0.000000136139831       -0.004501138441664        0.004501274581495
         70.268589684970252        0.000000116901643        0.023938758079302       -0.023938641177659
         70.389533901295508        0.000000103174446       -0.075922607535571        0.075922710710018
         70.510478117620750        0.000000079874959       -0.012166488450145        0.012166568325104
         70.631422333946006        0.000000062603666       -0.045606622570959        0.045606685174625
         70.752366550271248        0.000000045909350        0.058909702938942       -0.058909657029592
         70.873310766596504        0.000000021085932        0.016398151145979       -0.016398130060048
         70.994254982921746        0.000000007272777        0.066054236673807       -0.066054229401030
         71.115199199247002       -0.000000011149652       -0.037565256674966        0.037565245525314
         71.236143415572258       -0.000000033562596       -0.007070351348545        0.007070317785949
         71.357087631897500       -0.000000045088834       -0.080231752258431        0.080231707169597
         71.478031848222756       -0.000000062045626        0.016568164308916       -0.016568226354542
         71.598976064547998       -0.000000079628712       -0.012886211316911        0.012886131688200
         71.719920280873254       -0.000000089917739        0.083746644208497       -0.083746734126236
         71.840864497198496       -0.000000102349906        0.000232039334419       -0.000232141684326
         71.961808713523752       -0.000000114720121        0.037105472061291       -0.037105586781413
         72.082752929849008       -0.000000122755884       -0.074026562425970        0.074026439670086
         72.203697146174250       -0.000000129810332       -0.010726402303177        0.010726272492844
         72.324641362499506       -0.000000137408999       -0.057571467799034        0.057571330390036
         72.445585578824748       -0.000000141370323        0.051412032727275       -0.051412174097599
         72.566529795150004       -0.000000144058253        0.014504175853034       -0.014504319911287
