#  GS molecular orbital populations, spin channel : 1
#          time (fs)            |   population (orb 1)       |    population (orb 2)      |           ...              |    population (orb N)      |
          0.118525331998745            1.999689643273489            0.000191955022261  
          0.239469548323995            1.999094599769534            0.000790247066620  
          0.360413764649245            1.999249493821129            0.000639790386635  
          0.481357980974495            1.999781395272298            0.000113455705254  
          0.602302197299745            1.999767183806351            0.000134508943110  
          0.723246413624995            1.999441210144218            0.000468942379681  
          0.844190629950245            1.999382965784976            0.000536579695814  
          0.965134846275495            1.999736389003806            0.000193422370595  
          1.086079062600745            1.999747649692301            0.000193460017769  
          1.207023278925995            1.999361324611986            0.000592008976402  
          1.327967495251245            1.999541751486125            0.000424456228825  
          1.448911711576495            1.999917617400394            0.000061726772826  
          1.569855927901745            1.999657197642309            0.000335648195666  
          1.690800144226995            1.999516209555237            0.000490314620954  
          1.811744360552245            1.999838833554027            0.000181280801684  
          1.932688576877495            1.999949214136566            0.000084086358712  
          2.053632793202745            1.999566329352480            0.000479681043759  
          2.174577009527995            1.999482571831646            0.000575759050589  
          2.295521225853245            1.999955141341846            0.000114639604943  
          2.416465442178495            1.999778217797902            0.000301910454070  
          2.537409658503745            1.999453530616638            0.000635861916952  
          2.658353874828995            1.999717551723213            0.000380213908440  
          2.779298091154245            2.000042582284110            0.000062417421453  
          2.900242307479495            1.999972991285852            0.000137551197806  
          3.021186523804745            1.999324564750135            0.000790299770954  
          3.142130740129995            1.999407637717460            0.000710504298331  
          3.263074956455245            1.999933014472699            0.000187093733511  
          3.384019172780495            2.000115491075916            0.000005273666346  
          3.504963389105745            1.999857983486830            0.000261790153416  
          3.625907605430995            1.999200228396445            0.000917592710784  
          3.746851821756245            1.998979555169589            0.001135378314822  
          3.867796038081495            1.999616242208878            0.000494815321078  
          3.988740254406745            1.999931921126654            0.000174343387577  
          4.109684470731995            2.000091543331703            0.000008651873318  
          4.230628687057245            1.999439218281239            0.000654053432226  
          4.351572903382495            1.998845006228613            0.001240734203387  
          4.472517119707745            1.998660034687119            0.001417564290987  
          4.593461336032996            1.998487337487073            0.001581851222290  
          4.714405552358246            1.999343076303615            0.000717098731506  
          4.835349768683495            1.999855193366108            0.000195384147337  
          4.956293985008745            1.999865412895450            0.000175156393820  
          5.077238201333995            1.999666379348303            0.000363811271257  
          5.198182417659245            1.998766633119674            0.001253131462745  
          5.319126633984495            1.998263729237719            0.001745608649620  
          5.440070850309746            1.998081168699084            0.001917758864659  
          5.561015066634996            1.998342888150166            0.001645640464672  
          5.681959282960245            1.999208680094607            0.000769406575741  
          5.802903499285495            1.999605711844494            0.000361891265495  
          5.923847715610745            1.999881808780376            0.000075523714503  
          6.044791931935995            1.999586701253839            0.000360666821685  
          6.165736148261245            1.998721700313654            0.001216220283539  
          6.286680364586495            1.998571180818758            0.001357920696527  
          6.407624580911745            1.998397080793603            0.001523517104673  
          6.528568797236995            1.998819301111805            0.001093370830951  
          6.649513013562244            1.999697898731526            0.000207312042457  
          6.770457229887494            1.999861017936036            0.000037363824921  
          6.891401446212745            1.999751602142127            0.000141091595552  
          7.012345662537995            1.998988954797211            0.000899027525963  
          7.133289878863245            1.998827287050314            0.001057078429171  
          7.254234095188495            1.999217148971656            0.000664533317078  
          7.375178311513745            1.999609831285663            0.000269902112345  
          7.496122527838994            1.999855091602672            0.000024098398372  
          7.617066744164244            1.999446160116760            0.000433867592465  
          7.738010960489495            1.999025233382671            0.000857156935058  
          7.858955176814745            1.999431937244291            0.000453930396917  
          7.979899393139995            1.999795778413964            0.000094507198527  
          8.100843609465246            1.999832688283609            0.000063583907874  
          8.221787825790495            1.999313263745752            0.000590439111515  
          8.342732042115745            1.999322487495013            0.000589757371235  
          8.463676258440994            1.999767083049252            0.000154693266964  
          8.584620474766245            1.999728644537768            0.000203670977373  
          8.705564691091494            1.999453271043489            0.000490771117099  
          8.826508907416745            1.999585246967762            0.000371132609300  
          8.947453123741996            1.999915481564456            0.000053702542121  
          9.068397340067245            1.999721159118071            0.000261327924738  
          9.189341556392495            1.999436404347415            0.000559710127544  
          9.310285772717744            1.999699086193850            0.000310724207420  
          9.431229989042995            1.999845372664546            0.000177848061914  
          9.552174205368244            1.999520569020761            0.000515789946927  
          9.673118421693495            1.999621427791924            0.000427647434532  
          9.794062638018746            2.000024510447552            0.000036656293352  
          9.915006854343995            1.999903563876495            0.000168662493939  
         10.035951070669245            1.999557279366137            0.000525050484368  
         10.156895286994494            1.999559677387760            0.000532025131223  
         10.277839503319745            1.999995215742800            0.000104550161284  
         10.398783719644994            1.999799636098392            0.000306731309463  
         10.519727935970245            1.999390576070486            0.000721069195403  
         10.640672152295496            1.999596704493851            0.000519146168414  
         10.761616368620745            1.999927099856703            0.000191866589628  
         10.882560584945995            2.000094561126232            0.000025840500044  
         11.003504801271244            1.999535160238791            0.000585281096637  
         11.124449017596495            1.999198310028761            0.000921114678576  
         11.245393233921744            1.999380779760046            0.000736529672862  
         11.366337450246995            1.999675309185053            0.000439067452354  
         11.487281666572246            2.000085478950841            0.000024619458509  
         11.608225882897495            1.999850513670472            0.000254166478192  
         11.729170099222745            1.999193813674345            0.000904563950836  
         11.850114315547994            1.998918055823264            0.001173288752594  
         11.971058531873245            1.998738040714990            0.001345905952421  
         12.092002748198494            1.999195848397866            0.000879978881770  
         12.212946964523745            1.999848003323885            0.000219065492518  
         12.333891180848996            1.999974541207426            0.000083199408629  
         12.454835397174245            1.999870822923358            0.000177019104470  
         12.575779613499495            1.998929991402693            0.001107753300528  
         12.696723829824744            1.998550879098442            0.001476651087727  
         12.817668046149995            1.998353499668168            0.001663700033063  
         12.938612262475244            1.998278962997951            0.001727881015279  
         13.059556478800495            1.999254423014373            0.000741912513972  
         13.180500695125746            1.999649171094055            0.000336514067407  
         13.301444911450995            1.999863491143389            0.000111603826223  
         13.422389127776245            1.999664770164910            0.000299896485762  
         13.543333344101494            1.999004328037106            0.000950241030356  
         13.664277560426745            1.998669203116397            0.001275773457139  
         13.785221776751994            1.998303978145811            0.001631729426393  
         13.906165993077245            1.998768607726364            0.001158208529255  
         14.027110209402496            1.999474767210098            0.000443575829833  
         14.148054425727745            1.999770763180996            0.000139515927714  
         14.268998642052996            1.999871080891066            0.000032009606209  
         14.389942858378244            1.999362867232679            0.000533860493105  
         14.510887074703495            1.998809388023158            0.001082079404944  
         14.631831291028744            1.998979567885256            0.000907530415983  
         14.752775507353995            1.999252343597007            0.000630996522789  
         14.873719723679246            1.999726869159584            0.000153852493579  
         14.994663940004495            1.999717238654169            0.000162049727691  
         15.115608156329746            1.999347311361898            0.000532028083482  
         15.236552372654995            1.999190088995869            0.000690672092564  
         15.357496588980245            1.999320673314509            0.000562400013339  
         15.478440805305494            1.999759935390016            0.000126703561476  
         15.599385021630745            1.999681230050621            0.000210426719475  
         15.720329237955996            1.999244443400355            0.000653778646170  
         15.841273454281245            1.999481559984133            0.000424411471104  
         15.962217670606496            1.999819093402441            0.000095494058859  
         16.083161886931745            1.999839847914510            0.000084616734484  
         16.204106103256994            1.999423021616737            0.000512481092648  
         16.325050319582246            1.999491675253160            0.000455612081797  
         16.445994535907495            1.999815635574011            0.000144077390920  
         16.566938752232744            1.999598450253136            0.000374273114781  
         16.687882968557997            1.999495224931839            0.000491028120347  
         16.808827184883246            1.999808217840335            0.000191668371447  
         16.929771401208495            1.999941686795229            0.000071760521691  
         17.050715617533744            1.999634906055501            0.000391924206240  
         17.171659833858996            1.999602934546868            0.000437031612917  
         17.292604050184245            1.999907898903799            0.000144666585561  
         17.413548266509494            1.999797820239729            0.000266418083661  
         17.534492482834747            1.999511151072687            0.000564020742472  
         17.655436699159996            1.999703751165876            0.000381455442488  
         17.776380915485245            2.000058470933010            0.000035660356267  
         17.897325131810494            1.999856658826525            0.000244974634559  
         18.018269348135746            1.999562606428715            0.000545263527406  
         18.139213564460995            1.999529655524889            0.000583537845897  
         18.260157780786244            1.999978235814186            0.000138891046347  
         18.381101997111497            1.999951572994343            0.000167914954985  
         18.502046213436746            1.999502453727437            0.000617998027672  
         18.622990429761995            1.999382932497735            0.000737335853426  
         18.743934646087244            1.999508608922107            0.000610630875159  
         18.864878862412496            1.999911025456892            0.000205874047055  
         18.985823078737745            2.000026520359242            0.000086741305461  
         19.106767295062994            1.999668263650568            0.000440264826290  
         19.227711511388247            1.999306070866274            0.000796736473049  
         19.348655727713496            1.998851348940953            0.001245208775676  
         19.469599944038745            1.999318924975318            0.000770688224194  
         19.590544160363994            1.999818711884092            0.000263124645407  
         19.711488376689246            1.999990830103146            0.000082575988235  
         19.832432593014495            1.999962311452346            0.000101931653634  
         19.953376809339744            1.999354795338655            0.000699909749118  
         20.074321025664997            1.998774503379350            0.001270355688250  
         20.195265241990246            1.998577471791768            0.001457359296147  
         20.316209458315495            1.998671597045338            0.001353076531410  
         20.437153674640744            1.999244563661320            0.000769688766031  
         20.558097890965996            1.999704369653081            0.000299269757018  
         20.679042107291245            1.999942598123833            0.000050330179367  
         20.799986323616494            1.999832417799838            0.000149816655652  
         20.920930539941747            1.999093433298383            0.000878321669574  
         21.041874756266996            1.998844427527295            0.001117184219320  
         21.162818972592245            1.998590765045075            0.001360935228714  
         21.283763188917494            1.998639780231967            0.001302357804605  
         21.404707405242746            1.999430906014958            0.000501928491760  
         21.525651621567995            1.999740296964588            0.000183530037402  
         21.646595837893244            1.999915467815268           -0.000000000021242  
         21.767540054218497            1.999509974538028            0.000397837047002  
         21.888484270543746            1.999102646442800            0.000798384878403  
         22.009428486868995            1.998968855499359            0.000926296666017  
         22.130372703194244            1.998976570527574            0.000913334045422  
         22.251316919519496            1.999578700847368            0.000306814575134  
         22.372261135844745            1.999859514393572            0.000022621920983  
         22.493205352169994            1.999658107179969            0.000221916668773  
         22.614149568495247            1.999330595296235            0.000548740387947  
         22.735093784820496            1.999173618001821            0.000706021952404  
         22.856038001145745            1.999452195131823            0.000428960496264  
         22.976982217470994            1.999828116768340            0.000055728914163  
         23.097926433796246            1.999640550623499            0.000247495053360  
         23.218870650121495            1.999390952163440            0.000502812933031  
         23.339814866446744            1.999415727234093            0.000484795177667  
         23.460759082771997            1.999749351721345            0.000159035082346  
         23.581703299097246            1.999714663028811            0.000202881384875  
         23.702647515422495            1.999351214006244            0.000576728317054  
         23.823591731747744            1.999637351673597            0.000301865723377  
         23.944535948072996            1.999870421014054            0.000080728211428  
         24.065480164398245            1.999715430391572            0.000248424507941  
         24.186424380723494            1.999529055288575            0.000448080856573  
         24.307368597048747            1.999749334315297            0.000241321189973  
         24.428312813373996            1.999898271929948            0.000105982853659  
         24.549257029699245            1.999548140120228            0.000469684874296  
         24.670201246024494            1.999636068630750            0.000395198585457  
         24.791145462349750            1.999896757637916            0.000147444479406  
         24.912089678674999            1.999755640700129            0.000300801267759  
         25.033033895000248            1.999614225256209            0.000453723015090  
         25.153978111325497            1.999804196035520            0.000274487002440  
         25.274922327650749            2.000041417985707            0.000046937663427  
         25.395866543975998            1.999796303273716            0.000300348616758  
         25.516810760301247            1.999556706325440            0.000547223161624  
         25.637754976626500            1.999711963986259            0.000398059678640  
         25.758699192951749            2.000068018841226            0.000046757563390  
         25.879643409276998            1.999922739981594            0.000195267866369  
         26.000587625602247            1.999631738880719            0.000488110702701  
         26.121531841927499            1.999394888183118            0.000725819546521  
         26.242476058252748            1.999800990545247            0.000319420661776  
         26.363420274577997            2.000078206986982            0.000040507369573  
         26.484364490903250            1.999948199906033            0.000167564503452  
         26.605308707228499            1.999598954260205            0.000512682178932  
         26.726252923553748            1.999268614003091            0.000838168464429  
         26.847197139878997            1.999281169069046            0.000819897199483  
         26.968141356204249            1.999818110922844            0.000276428041383  
         27.089085572529498            2.000026337674644            0.000060853649650  
         27.210029788854747            2.000056687103103            0.000022297189674  
         27.330974005180000            1.999511570932034            0.000558626410856  
         27.451918221505249            1.999154664738051            0.000906331013368  
         27.572862437830498            1.998963080611625            0.001088343156831  
         27.693806654155747            1.998832810514248            0.001208817720710  
         27.814750870480999            1.999485975331330            0.000545529082463  
         27.935695086806248            1.999828559109327            0.000192502196287  
         28.056639303131497            1.999968926007394            0.000041499325892  
         28.177583519456750            1.999847531229682            0.000152154178052  
         28.298527735781999            1.999374526134214            0.000614487838350  
         28.419471952107248            1.999008020588114            0.000970501357538  
         28.540416168432497            1.998722853107540            0.001245366686796  
         28.661360384757749            1.998957807587506            0.001000288893654  
         28.782304601082998            1.999399105845465            0.000549089060772  
         28.903248817408247            1.999727847768723            0.000210650442396  
         29.024193033733500            1.999922005121219            0.000007239436768  
         29.145137250058749            1.999723156381565            0.000197378469624  
         29.266081466383998            1.999231163120090            0.000681403431093  
         29.387025682709247            1.999081237968239            0.000824129692317  
         29.507969899034499            1.999074185267152            0.000824560030458  
         29.628914115359748            1.999375135010952            0.000517805148071  
         29.749858331684997            1.999850057021103            0.000037851051402  
         29.870802548010250            1.999833643105556            0.000050289939028  
         29.991746764335499            1.999606461896025            0.000274758719050  
         30.112690980660748            1.999167892516376            0.000711777158765  
         30.233635196985997            1.999380702007193            0.000498507882513  
         30.354579413311249            1.999710624551041            0.000169264309775  
         30.475523629636498            1.999850482872642            0.000031321146628  
         30.596467845961747            1.999602594871597            0.000282698593424  
         30.717412062287000            1.999389876933734            0.000500168476986  
         30.838356278612249            1.999475532033155            0.000420499767026  
         30.959300494937498            1.999783853675585            0.000119316730655  
         31.080244711262747            1.999646920430384            0.000264740543255  
         31.201188927587999            1.999472713632727            0.000448714729075  
         31.322133143913248            1.999656800590858            0.000275261754442  
         31.443077360238497            1.999831880833208            0.000111659879789  
         31.564021576563750            1.999710628225010            0.000245248605720  
         31.684965792888999            1.999486959480989            0.000481917307402  
         31.805910009214248            1.999763339263655            0.000218895720092  
         31.926854225539497            1.999790800363624            0.000204992665619  
         32.047798441864749            1.999566953053496            0.000442517126816  
         32.168742658189998            1.999757791579076            0.000265268527416  
         32.289686874515247            1.999935321557653            0.000100958116079  
         32.410631090840496            1.999840827249848            0.000208104546296  
         32.531575307165745            1.999613004481602            0.000447978284158  
         32.652519523491002            1.999791530991827            0.000280804936718  
         32.773463739816250            1.999927401541537            0.000155193036166  
         32.894407956141499            1.999669177064193            0.000422505537002  
         33.015352172466748            1.999680394565035            0.000419318749947  
         33.136296388791997            1.999893968763777            0.000212599913161  
         33.257240605117246            2.000069234599338            0.000042864435183  
         33.378184821442495            1.999842140110169            0.000273964835225  
         33.499129037767752            1.999620235042039            0.000498711365793  
         33.620073254093001            1.999637069521023            0.000483495069127  
         33.741017470418250            2.000029159287623            0.000091775493358  
         33.861961686743498            2.000063121415278            0.000056809556205  
         33.982905903068747            1.999887609354267            0.000230011017761  
         34.103850119393996            1.999441438480660            0.000672848450182  
         34.224794335719245            1.999517049975538            0.000593030987280  
         34.345738552044502            1.999751874361683            0.000352997787532  
         34.466682768369751            1.999989523883992            0.000109278226013  
         34.587626984695000            2.000032857097599            0.000058901100465  
         34.708571201020249            1.999772707579479            0.000311264643130  
         34.829515417345497            1.999365631124933            0.000709932529762  
         34.950459633670746            1.999214882268069            0.000851809596812  
         35.071403849995995            1.999271984208967            0.000785466913163  
         35.192348066321252            1.999540224629811            0.000507527298447  
         35.313292282646501            1.999928590416165            0.000109092208290  
         35.434236498971750            2.000017850869487            0.000009440469613  
         35.555180715296999            1.999924287009113            0.000092398025292  
         35.676124931622248            1.999434627875919            0.000571394002684  
         35.797069147947497            1.999218484233718            0.000776919193306  
         35.918013364272745            1.999094877292367            0.000889963157068  
         36.038957580598002            1.999072271635324            0.000902127042497  
         36.159901796923251            1.999581215554827            0.000382836818586  
         36.280846013248500            1.999795187240094            0.000158664150741  
         36.401790229573749            1.999917237514129            0.000026714928136  
         36.522734445898998            1.999729976111449            0.000204494712603  
         36.643678662224247            1.999449742504834            0.000475787907211  
         36.764622878549496            1.999248514557833            0.000668710502322  
         36.885567094874752            1.999116142867461            0.000793358723678  
         37.006511311200001            1.999460349655411            0.000442037175984  
         37.127455527525250            1.999747988088477            0.000148030539104  
         37.248399743850499            1.999874786664072            0.000015691030839  
         37.369343960175748            1.999689146460861            0.000196894047469  
         37.490288176500997            1.999438263120155            0.000444384035858  
         37.611232392826246            1.999288879948402            0.000591544750195  
         37.732176609151502            1.999606780885873            0.000272425662280  
         37.853120825476751            1.999767538695997            0.000111587232540  
         37.974065041802000            1.999770029701138            0.000110382671504  
         38.095009258127249            1.999455185667364            0.000427944664746  
         38.215953474452498            1.999482527290609            0.000404597355511  
         38.336897690777747            1.999659948246575            0.000232409541701  
         38.457841907102996            1.999817355450969            0.000081454399013  
         38.578786123428252            1.999634651609609            0.000272038490054  
         38.699730339753501            1.999529166951097            0.000386563437911  
         38.820674556078750            1.999625634628566            0.000300157504542  
         38.941618772403999            1.999732884547965            0.000203928454265  
         39.062562988729248            1.999627334778037            0.000321436055540  
         39.183507205054497            1.999592299612933            0.000369161649706  
         39.304451421379746            1.999846900964885            0.000127685948033  
         39.425395637705002            1.999788727110556            0.000199337982202  
         39.546339854030251            1.999655130634579            0.000346616675432  
         39.667284070355500            1.999728701588872            0.000286730974273  
         39.788228286680749            1.999852266572117            0.000176585819977  
         39.909172503005998            1.999781908629611            0.000259940937044  
         40.030116719331247            1.999650621005070            0.000403713473120  
         40.151060935656496            1.999876122800403            0.000189999982746  
         40.272005151981752            1.999875403261918            0.000201529420445  
         40.392949368307001            1.999723914478906            0.000362766560443  
         40.513893584632250            1.999745557944552            0.000349855661849  
         40.634837800957499            1.999898526260898            0.000204461989742  
         40.755782017282748            1.999958605195487            0.000150578692430  
         40.876726233607997            1.999715951726696            0.000398052133531  
         40.997670449933246            1.999731655890584            0.000385970000487  
         41.118614666258502            1.999861341117339            0.000258608155746  
         41.239558882583751            2.000046475592369            0.000074512073456  
         41.360503098909000            1.999934272801112            0.000186336195621  
         41.481447315234249            1.999752687163915            0.000366372775742  
         41.602391531559498            1.999572528854421            0.000543865508556  
         41.723335747884747            1.999788077992711            0.000324667820163  
         41.844279964209996            1.999924733776149            0.000183330122502  
         41.965224180535252            2.000003456696207            0.000098908835954  
         42.086168396860501            1.999809648585216            0.000286098996126  
         42.207112613185750            1.999618933984151            0.000469461019494  
         42.328056829510999            1.999493033386325            0.000587356049975  
         42.449001045836248            1.999437869848611            0.000633992603430  
         42.569945262161497            1.999749771094938            0.000313044392123  
         42.690889478486746            1.999925773025500            0.000127476985160  
         42.811833694812002            2.000017470627574            0.000025818823562  
         42.932777911137251            1.999866237250275            0.000166764458555  
         43.053722127462500            1.999633160928018            0.000389374134515  
         43.174666343787749            1.999382485079577            0.000629472474255  
         43.295610560112998            1.999291691123252            0.000709657418818  
         43.416554776438247            1.999450804825903            0.000539919134852  
         43.537498992763496            1.999632218736052            0.000347909275106  
         43.658443209088752            1.999862195518820            0.000107408256204  
         43.779387425414001            1.999882543079779            0.000076718570748  
         43.900331641739250            1.999784777140369            0.000164427379839  
         44.021275858064499            1.999509016856039            0.000430535993453  
         44.142220074389748            1.999385318377296            0.000545060946950  
         44.263164290714997            1.999376937826319            0.000544733306371  
         44.384108507040246            1.999448966377205            0.000464575099864  
         44.505052723365502            1.999757228074101            0.000148762523307  
         44.625996939690751            1.999809458008173            0.000089726018562  
         44.746941156016000            1.999772821671298            0.000120421565683  
         44.867885372341249            1.999498855750256            0.000389440119170  
         44.988829588666498            1.999460200623639            0.000424136959565  
         45.109773804991747            1.999496122025246            0.000385300874590  
         45.230718021316996            1.999667193548019            0.000212338846238  
         45.351662237642252            1.999700515346733            0.000178354928290  
         45.472606453967501            1.999624227667306            0.000255291732887  
         45.593550670292750            1.999466157826325            0.000415383909968  
         45.714494886617999            1.999592853232809            0.000291947567737  
         45.835439102943248            1.999696400469153            0.000192913868019  
         45.956383319268497            1.999751164575185            0.000143997387298  
         46.077327535593746            1.999574400220848            0.000327988366984  
         46.198271751919002            1.999613504707652            0.000297286772212  
         46.319215968244251            1.999684943799991            0.000235367722143  
         46.440160184569500            1.999715570748492            0.000215295654855  
         46.561104400894749            1.999624595487782            0.000317825763383  
         46.682048617219998            1.999654378594669            0.000300348432708  
         46.802992833545247            1.999806380323738            0.000161231638469  
         46.923937049870496            1.999736767953864            0.000244192770954  
         47.044881266195752            1.999704799543544            0.000289795108590  
         47.165825482521001            1.999729440826558            0.000278865812482  
         47.286769698846250            1.999780070747651            0.000241796629452  
         47.407713915171499            1.999741582751811            0.000293549178872  
         47.528658131496748            1.999746619406416            0.000301311166367  
         47.649602347821997            1.999911178546343            0.000148914332344  
         47.770546564147246            1.999849911068890            0.000221470633034  
         47.891490780472502            1.999784944222529            0.000296796625408  
         48.012434996797751            1.999771803196077            0.000319281781995  
         48.133379213123000            1.999866339593665            0.000232910422976  
         48.254323429448249            1.999847361073253            0.000258750233642  
         48.375267645773498            1.999747751738087            0.000363910719390  
         48.496211862098747            1.999821538557057            0.000294443551003  
         48.617156078423996            1.999891636563348            0.000227341841205  
         48.738100294749252            1.999946719597520            0.000173909864162  
         48.859044511074501            1.999804267596617            0.000316666486036  
         48.979988727399750            1.999774796839883            0.000345263406465  
         49.100932943724999            1.999763631931123            0.000354377876851  
         49.221877160050248            1.999876403667804            0.000238485296428  
         49.342821376375497            1.999901281046768            0.000209374800563  
         49.463765592700746            1.999863690434804            0.000241728371341  
         49.584709809026002            1.999734247122391            0.000365020738718  
         49.705654025351251            1.999661635364069            0.000430707930985  
         49.826598241676500            1.999701675819255            0.000383054904694  
         49.947542458001749            1.999754827557579            0.000321628542593  
         50.068486674326998            1.999933525215087            0.000134083208053  
         50.189430890652247            1.999916702621803            0.000141529955114  
         50.310375106977496            1.999881309659733            0.000167141853697  
         50.431319323302752            1.999673349114752            0.000364991985970  
         50.552263539628001            1.999593857628321            0.000434151344655  
         50.673207755953250            1.999564215300591            0.000453282006854  
         50.794151972278499            1.999583179891821            0.000423699930412  
         50.915096188603748            1.999776456052772            0.000219739971072  
         51.036040404928997            1.999811087203836            0.000174427443186  
         51.156984621254246            1.999848427567703            0.000126486709487  
         51.277928837579502            1.999713137148321            0.000251349845022  
         51.398873053904751            1.999622719508458            0.000331595234404  
         51.519817270230000            1.999536373867233            0.000408096879859  
         51.640761486555249            1.999503254406156            0.000431768293951  
         51.761705702880498            1.999628837010846            0.000297164327227  
         51.882649919205747            1.999677126098939            0.000240399105182  
         52.003594135530996            1.999777216581780            0.000132420392484  
         52.124538351856252            1.999690623398184            0.000211867164616  
         52.245482568181501            1.999642964478378            0.000253171112008  
         52.366426784506750            1.999519720876261            0.000370973680158  
         52.487371000831999            1.999558916134117            0.000327260973369  
         52.608315217157248            1.999584604974394            0.000298060413986  
         52.729259433482497            1.999636577475197            0.000243668858564  
         52.850203649807746            1.999604807213779            0.000274217436513  
         52.971147866133002            1.999575154625223            0.000303905384135  
         53.092092082458251            1.999547940706568            0.000332427751856  
         53.213036298783500            1.999607918646778            0.000275027475247  
         53.333980515108749            1.999631132253409            0.000255711098441  
         53.454924731433998            1.999652583550221            0.000239497720101  
         53.575868947759247            1.999596650632248            0.000302007221602  
         53.696813164084496            1.999684189215527            0.000222263698049  
         53.817757380409752            1.999688897816356            0.000226544166275  
         53.938701596735001            1.999716986218764            0.000208534878503  
         54.059645813060250            1.999644910541542            0.000291708373212  
         54.180590029385499            1.999672554478382            0.000275987238419  
         54.301534245710748            1.999711498839233            0.000249670402405  
         54.422478462035997            1.999697690596510            0.000276646642560  
         54.543422678361246            1.999763691727082            0.000224171085091  
         54.664366894686502            1.999755945817698            0.000245604579036  
         54.785311111011751            1.999779919003923            0.000235289233727  
         54.906255327337000            1.999743678278488            0.000284982648829  
         55.027199543662249            1.999760808543234            0.000280907188927  
         55.148143759987498            1.999835920026748            0.000218281850662  
         55.269087976312747            1.999810793124890            0.000255135650983  
         55.390032192637996            1.999853950526018            0.000222846608699  
         55.510976408963252            1.999821155225683            0.000265485743750  
         55.631920625288501            1.999851687640988            0.000243683273203  
         55.752864841613750            1.999819492176670            0.000283382428094  
         55.873809057938999            1.999816536806735            0.000292578087920  
         55.994753274264248            1.999829600895440            0.000284458012107  
         56.115697490589497            1.999829954568026            0.000287712215962  
         56.236641706914746            1.999848250475629            0.000271711359596  
         56.357585923240002            1.999821318278150            0.000299623044535  
         56.478530139565251            1.999838658497934            0.000282023071027  
         56.599474355890500            1.999815629967804            0.000303561825985  
         56.720418572215749            1.999825631518354            0.000290930468198  
         56.841362788540998            1.999809460471729            0.000303371657285  
         56.962307004866247            1.999805240802766            0.000302854752910  
         57.083251221191496            1.999816817972933            0.000285602549231  
         57.204195437516752            1.999800922967011            0.000294961817105  
         57.325139653842001            1.999844285324936            0.000244300268338  
         57.446083870167250            1.999800700567298            0.000279883605642  
         57.567028086492499            1.999847579882949            0.000224419144663  
         57.687972302817748            1.999778221609666            0.000284651229503  
         57.808916519142997            1.999796989636216            0.000256328668853  
         57.929860735468246            1.999742939775293            0.000300438421010  
         58.050804951793502            1.999733865102876            0.000299283667163  
         58.171749168118751            1.999744503833259            0.000278187500916  
         58.292693384444000            1.999714587287174            0.000297502714078  
         58.413637600769249            1.999757859408598            0.000243553223654  
         58.534581817094498            1.999681665230212            0.000309063450043  
         58.655526033419747            1.999707316816016            0.000272784202916  
         58.776470249744996            1.999664674940738            0.000304919922650  
         58.897414466070252            1.999673020149377            0.000286267653832  
         59.018358682395501            1.999692454805532            0.000256793250376  
         59.139302898720750            1.999665259472857            0.000274314427600  
         59.260247115045999            1.999689238675025            0.000241077934770  
         59.381191331371248            1.999609546451001            0.000312038665281  
         59.502135547696497            1.999655554869160            0.000257857642504  
         59.623079764021746            1.999621021626652            0.000284891528032  
         59.744023980347002            1.999658170225576            0.000240971384184  
         59.864968196672251            1.999618271930653            0.000274944690946  
         59.985912412997500            1.999595640560033            0.000292580074266  
         60.106856629322749            1.999552291760331            0.000331943949557  
         60.227800845647998            1.999548700288444            0.000332618344034  
         60.348745061973247            1.999588755669815            0.000290753172884  
         60.469689278298496            1.999611397972777            0.000267510499045  
         60.590633494623752            1.999608725810839            0.000270842696167  
         60.711577710949001            1.999573557366918            0.000307997306071  
         60.832521927274250            1.999570843812734            0.000313998914850  
         60.953466143599499            1.999617258419104            0.000272176718150  
         61.074410359924748            1.999635011736850            0.000260329881873  
         61.195354576249997            1.999644853237251            0.000257701831551  
         61.316298792575246            1.999615293427054            0.000295724863596  
         61.437243008900502            1.999718382054068            0.000202202634495  
         61.558187225225751            1.999713441057764            0.000217760655172  
         61.679131441551000            1.999697358795063            0.000245384230298  
         61.800075657876249            1.999653447429247            0.000301627817385  
         61.921019874201498            1.999706804251454            0.000261191176030  
         62.041964090526747            1.999748238556782            0.000233122161362  
         62.162908306851996            1.999703542018935            0.000291455188330  
         62.283852523177252            1.999786734020536            0.000221971643260  
         62.404796739502501            1.999791563886803            0.000230712253940  
         62.525740955827750            1.999759871986039            0.000275656003921  
         62.646685172152999            1.999753646104439            0.000294663293326  
         62.767629388478248            1.999816948236112            0.000243484746183  
         62.888573604803497            1.999882002676620            0.000189720885235  
         63.009517821128746            1.999792739682316            0.000289293414242  
         63.130462037454002            1.999829922101947            0.000261406698588  
         63.251406253779251            1.999861814773506            0.000237630064628  
         63.372350470104500            1.999885260720832            0.000221028071369  
         63.493294686429749            1.999801157595600            0.000310651177082  
         63.614238902754998            1.999782122190621            0.000333938617037  
         63.735183119080247            1.999830511719731            0.000288516689044  
         63.856127335405496            1.999887875273797            0.000232773612285  
         63.977071551730752            1.999846186808862            0.000274754985937  
         64.098015768056001            1.999756720973211            0.000363265053822  
         64.218959984381243            1.999729875219442            0.000388029352046  
         64.339904200706499            1.999805922131276            0.000308824486434  
         64.460848417031755            1.999885732594945            0.000224769570013  
         64.581792633356997            1.999927270083724            0.000177975092711  
         64.702736849682253            1.999836727428685            0.000262335014940  
         64.823681066007495            1.999757218495043            0.000334885214182  
         64.944625282332751            1.999638332648560            0.000446116603883  
         65.065569498657993            1.999755326663275            0.000320861025034  
         65.186513714983249            1.999818105425827            0.000249230339316  
         65.307457931308505            1.999891366298924            0.000166616112373  
         65.428402147633747            1.999857665297116            0.000190518892276  
         65.549346363959003            1.999757369626737            0.000280690233219  
         65.670290580284245            1.999654308963787            0.000373386727136  
         65.791234796609501            1.999516771798814            0.000500412880197  
         65.912179012934743            1.999569878913857            0.000436701828879  
         66.033123229259999            1.999617110666126            0.000378805884983  
         66.154067445585255            1.999734315261347            0.000250935647141  
         66.275011661910497            1.999807690022548            0.000166960144767  
         66.395955878235753            1.999796844482914            0.000167367879375  
         66.516900094560995            1.999707237056924            0.000246799133529  
         66.637844310886251            1.999557369002791            0.000386847981720  
         66.758788527211493            1.999492819632219            0.000441962809205  
         66.879732743536749            1.999467702070856            0.000458123054309  
         67.000676959862005            1.999627823114319            0.000289528324090  
         67.121621176187247            1.999708450494911            0.000201018030005  
         67.242565392512503            1.999736419029341            0.000165886264537  
         67.363509608837745            1.999612102643021            0.000283879267971  
         67.484453825163001            1.999497461751914            0.000393134709317  
         67.605398041488243            1.999451530243118            0.000434619802850  
         67.726342257813499            1.999496642118764            0.000386044553757  
         67.847286474138755            1.999677039690493            0.000203233813178  
         67.968230690463997            1.999700344988462            0.000178722315594  
         68.089174906789253            1.999613939074564            0.000265221075552  
         68.210119123114495            1.999490806661678            0.000389755208957  
         68.331063339439751            1.999545700787772            0.000337473043801  
         68.452007555764993            1.999654212622351            0.000232872928235  
         68.572951772090249            1.999655390062502            0.000236957211667  
         68.693895988415505            1.999562374426403            0.000336625507210  
         68.814840204740747            1.999571805954272            0.000335075019519  
         68.935784421066003            1.999725485854127            0.000190375706084  
         69.056728637391245            1.999728307269212            0.000197665855637  
         69.177672853716501            1.999644671504352            0.000292441173642  
         69.298617070041743            1.999626268744266            0.000322826684021  
         69.419561286366999            1.999758945229947            0.000202765466760  
         69.540505502692255            1.999703540191192            0.000271336705914  
         69.661449719017497            1.999642917883141            0.000345508868344  
         69.782393935342753            1.999805096863847            0.000197023910929  
         69.903338151667995            1.999852675521589            0.000163072848090  
         70.024282367993251            1.999753565137808            0.000275593722729  
         70.145226584318493            1.999698458589367            0.000343760974987  
         70.266170800643749            1.999829419078526            0.000225278148419  
         70.387115016969005            1.999818432208113            0.000247931014344  
         70.508059233294247            1.999698496864398            0.000378643676009  
         70.629003449619503            1.999841830507031            0.000245151060699  
         70.749947665944745            1.999957653692354            0.000138019767473  
         70.870891882270001            1.999914126988202            0.000188944471596  
         70.991836098595243            1.999724864642814            0.000384340538380  
         71.112780314920499            1.999763879057944            0.000350293658624  
         71.233724531245755            1.999910455941051            0.000207331060944  
         71.354668747570997            1.999939079388851            0.000180915130217  
         71.475612963896253            1.999784638433696            0.000336196767811  
         71.596557180221495            1.999670389706580            0.000450102931434  
         71.717501396546751            1.999689597818440            0.000429461691361  
         71.838445612871993            1.999931039018074            0.000185414336106  
         71.959389829197249            2.000004090426077            0.000108575155724  
         72.080334045522505            1.999903292084071            0.000204511317187  
         72.201278261847747            1.999652249813750            0.000449772690877  
         72.322222478173003            1.999530674581108            0.000564845501634  
         72.443166694498245            1.999610840760050            0.000477417006722  
         72.564110910823501            1.999844771731325            0.000235557831425  
