#  GS molecular orbital populations, spin channel : 1
#          time (fs)            |   population (orb 1)       |    population (orb 2)      |           ...              |    population (orb N)      |
          0.118525331998745            1.999761171991588            0.000224008500175  
          0.239469548323995            1.999637659671547            0.000348380489706  
          0.360413764649245            1.999692452542204            0.000294585560753  
          0.481357980974495            1.999866939506576            0.000121178870312  
          0.602302197299745            1.999779541038596            0.000209779456975  
          0.723246413624995            1.999625106004021            0.000365599421250  
          0.844190629950245            1.999725839686728            0.000266345881532  
          0.965134846275495            1.999873800754423            0.000119896620941  
          1.086079062600745            1.999803541940977            0.000191718204565  
          1.207023278925995            1.999603670064153            0.000393274260311  
          1.327967495251245            1.999769295320606            0.000229370658308  
          1.448911711576495            1.999895396538270            0.000104952450108  
          1.569855927901745            1.999839402902715            0.000162601377403  
          1.690800144226995            1.999585125828675            0.000418578848601  
          1.811744360552245            1.999799360105154            0.000206022026315  
          1.932688576877495            1.999920759060597            0.000086185463426  
          2.053632793202745            1.999881080662845            0.000127323829367  
          2.174577009527995            1.999579715497897            0.000430118010172  
          2.295521225853245            1.999800644054219            0.000210547096632  
          2.416465442178495            1.999935454996014            0.000076911245455  
          2.537409658503745            1.999918524281965            0.000094856156717  
          2.658353874828995            1.999592906890250            0.000421392519119  
          2.779298091154245            1.999772541561023            0.000242580887740  
          2.900242307479495            1.999931704573083            0.000084015011521  
          3.021186523804745            1.999948788406576            0.000067333310786  
          3.142130740129995            1.999627451019122            0.000388932858822  
          3.263074956455245            1.999725226508882            0.000291325075848  
          3.384019172780495            1.999904364547180            0.000112122717097  
          3.504963389105745            1.999973970235320            0.000042249100600  
          3.625907605430995            1.999685322884456            0.000330468721376  
          3.746851821756245            1.999675642874755            0.000339645794918  
          3.867796038081495            1.999845773149231            0.000168818795038  
          3.988740254406745            1.999989646873667            0.000024059320788  
          4.109684470731995            1.999764243852726            0.000248425108295  
          4.230628687057245            1.999647227660791            0.000364354958467  
          4.351572903382495            1.999754203294475            0.000256176959049  
          4.472517119707745            1.999979562304657            0.000029462641740  
          4.593461336032996            1.999848724834567            0.000158826560626  
          4.714405552358246            1.999661946168060            0.000344110026905  
          4.835349768683495            1.999648467207346            0.000356076286410  
          4.956293985008745            1.999928430519828            0.000074505787311  
          5.077238201333995            1.999908956022343            0.000092303104462  
          5.198182417659245            1.999722007016308            0.000277584581945  
          5.319126633984495            1.999565956908528            0.000432043637675  
          5.440070850309746            1.999843402911149            0.000152992344741  
          5.561015066634996            1.999920139539024            0.000074631879618  
          5.681959282960245            1.999801586581951            0.000191609592336  
          5.802903499285495            1.999536605565534            0.000455161428363  
          5.923847715610745            1.999755083403155            0.000235333516402  
          6.044791931935995            1.999885574450568            0.000103520906842  
          6.165736148261245            1.999865572259812            0.000122293041340  
          6.286680364586495            1.999559834714405            0.000426985080098  
          6.407624580911745            1.999691824532834            0.000294116669409  
          6.528568797236995            1.999833424252427            0.000151707366202  
          6.649513013562244            1.999897666777447            0.000086781288062  
          6.770457229887494            1.999611523121823            0.000372437454625  
          6.891401446212745            1.999659630214046            0.000324070099032  
          7.012345662537995            1.999791148609985            0.000192392647787  
          7.133289878863245            1.999907768615996            0.000075751500355  
          7.254234095188495            1.999668377953619            0.000315307784227  
          7.375178311513745            1.999648322045069            0.000335774940395  
          7.496122527838994            1.999767804589290            0.000216823055623  
          7.617066744164244            1.999916315836594            0.000068961986345  
          7.738010960489495            1.999721292136608            0.000264794330764  
          7.858955176814745            1.999647874401743            0.000339241862704  
          7.979899393139995            1.999756037439732            0.000232224453324  
          8.100843609465246            1.999934612355225            0.000054867838635  
          8.221787825790495            1.999770431246839            0.000220376800187  
          8.342732042115745            1.999654899424244            0.000337399287430  
          8.463676258440994            1.999743110882247            0.000250764883221  
          8.584620474766245            1.999956402938581            0.000039055031061  
          8.705564691091494            1.999813637589316            0.000183444345696  
          8.826508907416745            1.999668352934609            0.000330437840981  
          8.947453123741996            1.999720932980551            0.000279604049385  
          9.068397340067245            1.999966901412458            0.000035309853106  
          9.189341556392495            1.999843838183347            0.000160011198821  
          9.310285772717744            1.999685175063274            0.000320314583735  
          9.431229989042995            1.999690748833102            0.000316364639670  
          9.552174205368244            1.999960392834827            0.000048199005420  
          9.673118421693495            1.999858899424618            0.000151059151975  
          9.794062638018746            1.999701562520541            0.000309691053583  
          9.915006854343995            1.999658683248202            0.000353804833722  
         10.035951070669245            1.999943370042017            0.000070153427084  
         10.156895286994494            1.999867790027702            0.000146594785022  
         10.277839503319745            1.999716313989026            0.000298807595460  
         10.398783719644994            1.999627606374379            0.000388165062043  
         10.519727935970245            1.999919903459733            0.000096299647999  
         10.640672152295496            1.999882853272713            0.000133564870200  
         10.761616368620745            1.999733994760823            0.000282489756124  
         10.882560584945995            1.999598230355450            0.000418225605755  
         11.003504801271244            1.999882514678368            0.000133716156287  
         11.124449017596495            1.999906974027213            0.000108797599697  
         11.245393233921744            1.999765565476181            0.000249601910639  
         11.366337450246995            1.999578401550644            0.000436076328024  
         11.487281666572246            1.999820763122020            0.000192884864651  
         11.608225882897495            1.999925907115852            0.000086692626398  
         11.729170099222745            1.999820234398828            0.000191194361865  
         11.850114315547994            1.999586318532672            0.000423881135009  
         11.971058531873245            1.999738415462110            0.000270488765362  
         12.092002748198494            1.999913131509913            0.000094313898758  
         12.212946964523745            1.999890443497311            0.000115450355908  
         12.333891180848996            1.999637604227703            0.000366722534196  
         12.454835397174245            1.999661683559632            0.000341083693213  
         12.575779613499495            1.999850491883700            0.000150642877611  
         12.696723829824744            1.999948229463506            0.000051213194947  
         12.817668046149995            1.999724907766667            0.000272877913402  
         12.938612262475244            1.999624611865121            0.000371588291555  
         13.059556478800495            1.999749148687317            0.000245501280323  
         13.180500695125746            1.999966375061448            0.000026704598614  
         13.301444911450995            1.999816432904347            0.000175157950096  
         13.422389127776245            1.999641505635951            0.000348720364179  
         13.543333344101494            1.999644844577273            0.000344152701751  
         13.664277560426745            1.999943096731221            0.000044701309175  
         13.785221776751994            1.999881449061872            0.000105261668093  
         13.906165993077245            1.999696844193312            0.000288944481739  
         14.027110209402496            1.999570117919998            0.000414956171606  
         14.148054425727745            1.999898949004277            0.000085494853272  
         14.268998642052996            1.999912809989621            0.000071124725534  
         14.389942858378244            1.999762246699295            0.000221369549710  
         14.510887074703495            1.999535780615032            0.000447756247394  
         14.631831291028744            1.999853921279673            0.000129665426533  
         14.752775507353995            1.999922158853576            0.000061587756938  
         14.873719723679246            1.999816522004956            0.000167576264458  
         14.994663940004495            1.999535820759012            0.000448861529774  
         15.115608156329746            1.999814835329724            0.000170577904059  
         15.236552372654995            1.999921103348603            0.000065122549403  
         15.357496588980245            1.999849138444492            0.000138062931725  
         15.478440805305494            1.999559304350787            0.000429067317633  
         15.599385021630745            1.999780448012735            0.000209222916055  
         15.720329237955996            1.999912442711046            0.000078564476000  
         15.841273454281245            1.999854642084334            0.000137806143023  
         15.962217670606496            1.999595077479505            0.000398946624722  
         16.083161886931745            1.999751303124392            0.000244376493320  
         16.204106103256994            1.999897091788947            0.000100221467801  
         16.325050319582246            1.999834245501316            0.000164727539345  
         16.445994535907495            1.999632106808673            0.000368588934663  
         16.566938752232744            1.999732365734621            0.000270065363710  
         16.687882968557997            1.999882251169698            0.000121829076115  
         16.808827184883246            1.999802452423450            0.000203216317896  
         16.929771401208495            1.999661010377630            0.000346238839047  
         17.050715617533744            1.999725516246585            0.000283257035769  
         17.171659833858996            1.999875310372590            0.000134845525081  
         17.292604050184245            1.999782079794000            0.000229316398841  
         17.413548266509494            1.999676627682135            0.000335943686482  
         17.534492482834747            1.999722380420864            0.000291252692023  
         17.655436699159996            1.999872123104997            0.000142397954992  
         17.776380915485245            1.999788928816613            0.000226273935481  
         17.897325131810494            1.999681538584878            0.000334244784508  
         18.018269348135746            1.999709576250080            0.000306641871972  
         18.139213564460995            1.999857947584543            0.000158528338277  
         18.260157780786244            1.999822732270242            0.000193760089222  
         18.381101997111497            1.999688242932979            0.000328147866794  
         18.502046213436746            1.999681196982103            0.000334947103471  
         18.622990429761995            1.999818060386690            0.000197683502182  
         18.743934646087244            1.999867195990550            0.000147908669824  
         18.864878862412496            1.999714238988694            0.000300103944449  
         18.985823078737745            1.999647390565118            0.000366080095066  
         19.106767295062994            1.999748330022777            0.000264158679517  
         19.227711511388247            1.999894581831150            0.000116728072750  
         19.348655727713496            1.999768293123669            0.000241720610358  
         19.469599944038745            1.999632925210408            0.000375739218721  
         19.590544160363994            1.999664178333163            0.000343085218659  
         19.711488376689246            1.999878584414449            0.000127154726777  
         19.832432593014495            1.999836317789105            0.000167799549653  
         19.953376809339744            1.999660524821933            0.000341978798463  
         20.074321025664997            1.999599345806254            0.000401561224564  
         20.195265241990246            1.999814866248623            0.000184407443749  
         20.316209458315495            1.999884589303047            0.000112996313231  
         20.437153674640744            1.999728036451973            0.000267917110964  
         20.558097890965996            1.999584008522772            0.000410404548178  
         20.679042107291245            1.999729669994125            0.000263248238713  
         20.799986323616494            1.999885483929155            0.000105949793219  
         20.920930539941747            1.999806666463727            0.000183366745693  
         21.041874756266996            1.999619264070569            0.000369529700816  
         21.162818972592245            1.999660878341090            0.000326788758582  
         21.283763188917494            1.999840230927748            0.000146393761153  
         21.404707405242746            1.999866059142388            0.000119619246177  
         21.525651621567995            1.999678514690962            0.000306427964141  
         21.646595837893244            1.999629629166707            0.000354738245359  
         21.767540054218497            1.999773894328901            0.000210042940335  
         21.888484270543746            1.999894988578565            0.000088617504675  
         22.009428486868995            1.999731824335375            0.000251678145121  
         22.130372703194244            1.999631291284656            0.000352294217160  
         22.251316919519496            1.999714403934640            0.000269438452151  
         22.372261135844745            1.999898445646340            0.000085746617398  
         22.493205352169994            1.999763519971566            0.000221230438572  
         22.614149568495247            1.999646836630931            0.000338660081699  
         22.735093784820496            1.999680215303401            0.000306191338817  
         22.856038001145745            1.999886988804034            0.000100399990851  
         22.976982217470994            1.999773338427060            0.000215189729350  
         23.097926433796246            1.999657418063609            0.000332412178058  
         23.218870650121495            1.999679403170721            0.000311848658891  
         23.339814866446744            1.999873738429632            0.000118965536272  
         23.460759082771997            1.999772378301953            0.000221860684640  
         23.581703299097246            1.999653094483579            0.000342792093400  
         23.702647515422495            1.999709252281005            0.000288335904828  
         23.823591731747744            1.999872185808842            0.000127074321871  
         23.944535948072996            1.999777452288845            0.000223476426126  
         24.065480164398245            1.999634692474931            0.000367952364669  
         24.186424380723494            1.999753917288936            0.000250425797583  
         24.307368597048747            1.999886697786349            0.000119246043895  
         24.428312813373996            1.999800101178230            0.000207355032236  
         24.549257029699245            1.999609836576835            0.000399113687392  
         24.670201246024494            1.999789309046088            0.000221054522697  
         24.791145462349750            1.999907597922036            0.000104019791231  
         24.912089678674999            1.999839205361042            0.000173508108201  
         25.033033895000248            1.999588824264738            0.000424911445482  
         25.153978111325497            1.999796602523605            0.000218035881879  
         25.274922327650749            1.999920124883001            0.000095213294093  
         25.395866543975998            1.999885778625212            0.000130057761412  
         25.516810760301247            1.999583630622294            0.000432590619933  
         25.637754976626500            1.999770782036901            0.000245699604283  
         25.758699192951749            1.999912781190816            0.000103740373987  
         25.879643409276998            1.999929476350118            0.000086873512266  
         26.000587625602247            1.999606657519089            0.000409382979213  
         26.121531841927499            1.999720439226224            0.000295194432337  
         26.242476058252748            1.999876550939420            0.000138470488862  
         26.363420274577997            1.999957138722717            0.000057080899842  
         26.484364490903250            1.999665135134783            0.000348138793336  
         26.605308707228499            1.999667069861322            0.000345206354968  
         26.726252923553748            1.999807235676530            0.000203888733107  
         26.847197139878997            1.999950681506680            0.000059147666155  
         26.968141356204249            1.999750597691754            0.000257809004078  
         27.089085572529498            1.999640554549837            0.000366423943856  
         27.210029788854747            1.999716675070429            0.000288804144434  
         27.330974005180000            1.999897296650174            0.000106600126344  
         27.451918221505249            1.999833605794202            0.000168622364296  
         27.572862437830498            1.999661659140361            0.000338931574807  
         27.693806654155747            1.999635953129771            0.000363028458289  
         27.814750870480999            1.999807778948174            0.000189578456320  
         27.935695086806248            1.999878659673803            0.000117045622846  
         28.056639303131497            1.999722797661855            0.000271315684603  
         28.177583519456750            1.999595090859974            0.000397551899943  
         28.298527735781999            1.999717177287126            0.000274052994719  
         28.419471952107248            1.999871716183022            0.000118134565984  
         28.540416168432497            1.999792328858197            0.000196230076682  
         28.661360384757749            1.999598236962820            0.000389217407715  
         28.782304601082998            1.999658536287160            0.000327944828128  
         28.903248817408247            1.999830196905839            0.000155392704082  
         29.024193033733500            1.999841536310065            0.000143276948251  
         29.145137250058749            1.999625246507680            0.000359006368990  
         29.266081466383998            1.999639212390961            0.000344672753471  
         29.387025682709247            1.999785330785566            0.000198296185917  
         29.507969899034499            1.999864288170929            0.000119214603143  
         29.628914115359748            1.999654085302714            0.000329502771375  
         29.749858331684997            1.999644261782214            0.000339638459407  
         29.870802548010250            1.999759478901598            0.000224847277102  
         29.991746764335499            1.999873941179681            0.000110942049538  
         30.112690980660748            1.999676646014590            0.000308969717725  
         30.233635196985997            1.999655109502946            0.000331462583872  
         30.354579413311249            1.999757679604004            0.000229944339384  
         30.475523629636498            1.999888513315075            0.000100261226310  
         30.596467845961747            1.999698672468378            0.000291372854440  
         30.717412062287000            1.999662184211104            0.000329315467385  
         30.838356278612249            1.999770620731959            0.000222390034262  
         30.959300494937498            1.999916206486054            0.000078354382105  
         31.080244711262747            1.999729530334914            0.000266629322371  
         31.201188927587999            1.999665297760069            0.000332577201639  
         31.322133143913248            1.999781282872245            0.000218310747013  
         31.443077360238497            1.999948859445710            0.000052415748657  
         31.564021576563750            1.999770318066885            0.000232608002728  
         31.684965792888999            1.999667945176410            0.000336670090785  
         31.805910009214248            1.999774474190425            0.000231777822316  
         31.926854225539497            1.999971305391500            0.000036467743768  
         32.047798441864749            1.999812735319944            0.000196453142201  
         32.168742658189998            1.999673853438743            0.000336713684151  
         32.289686874515247            1.999745228093915            0.000266622990976  
         32.410631090840496            1.999977539497400            0.000035413392180  
         32.531575307165745            1.999849951949588            0.000163938132708  
         32.652519523491002            1.999686865971085            0.000327863651025  
         32.773463739816250            1.999697518373406            0.000317939069930  
         32.894407956141499            1.999971026870387            0.000044936408899  
         33.015352172466748            1.999883413470264            0.000132855198683  
         33.136296388791997            1.999711608226652            0.000304829513929  
         33.257240605117246            1.999638764917578            0.000377738758858  
         33.378184821442495            1.999950978236972            0.000065368263871  
         33.499129037767752            1.999917068829855            0.000098907399216  
         33.620073254093001            1.999754028459849            0.000261430401635  
         33.741017470418250            1.999581817506908            0.000433046207995  
         33.861961686743498            1.999907120206080            0.000106967757790  
         33.982905903068747            1.999945868012293            0.000067240919917  
         34.103850119393996            1.999817161333520            0.000194839209632  
         34.224794335719245            1.999549215607971            0.000461631097837  
         34.345738552044502            1.999832042267393            0.000177548169304  
         34.466682768369751            1.999951042406714            0.000057122662827  
         34.587626984695000            1.999890496822480            0.000116152305427  
         34.708571201020249            1.999564816871848            0.000440305844652  
         34.829515417345497            1.999738642586599            0.000264945199905  
         34.950459633670746            1.999912925565349            0.000089020049220  
         35.071403849995995            1.999946859176386            0.000053401206454  
         35.192348066321252            1.999632774709161            0.000365828702609  
         35.313292282646501            1.999660230728119            0.000336794148498  
         35.434236498971750            1.999833355111125            0.000162071446746  
         35.555180715296999            1.999961194483730            0.000032636649936  
         35.676124931622248            1.999727415314843            0.000264890981264  
         35.797069147947497            1.999626552055145            0.000364372747621  
         35.918013364272745            1.999739387374012            0.000250236132557  
         36.038957580598002            1.999934781387772            0.000053584080700  
         36.159901796923251            1.999811779214999            0.000175438005190  
         36.280846013248500            1.999641137440341            0.000345113918995  
         36.401790229573749            1.999660286867871            0.000325169082036  
         36.522734445898998            1.999893359413607            0.000091379160683  
         36.643678662224247            1.999865908477370            0.000118247138873  
         36.764622878549496            1.999685422468597            0.000298348318927  
         36.885567094874752            1.999607280160141            0.000376334684977  
         37.006511311200001            1.999862228154011            0.000121335579259  
         37.127455527525250            1.999894464936647            0.000089182354496  
         37.248399743850499            1.999738930757895            0.000244992682176  
         37.369343960175748            1.999576783187049            0.000407659946335  
         37.490288176500997            1.999848403020005            0.000136676063013  
         37.611232392826246            1.999911971163015            0.000073851274864  
         37.732176609151502            1.999789821778427            0.000196908886703  
         37.853120825476751            1.999563716581973            0.000424138233217  
         37.974065041802000            1.999842380190711            0.000146703043994  
         38.095009258127249            1.999925593890738            0.000064773338887  
         38.215953474452498            1.999830312257679            0.000161452806480  
         38.336897690777747            1.999566718897693            0.000426600161194  
         38.457841907102996            1.999830558284457            0.000164381531970  
         38.578786123428252            1.999931398266162            0.000065148148360  
         38.699730339753501            1.999851265026704            0.000146931863501  
         38.820674556078750            1.999584513033442            0.000415413272979  
         38.941618772403999            1.999807507072987            0.000194160722557  
         39.062562988729248            1.999925378859245            0.000077938982166  
         39.183507205054497            1.999848347457034            0.000156585753167  
         39.304451421379746            1.999612225194876            0.000394323002188  
         39.425395637705002            1.999778720490568            0.000229397282859  
         39.546339854030251            1.999912718947027            0.000096806590381  
         39.667284070355500            1.999831242281736            0.000179581482971  
         39.788228286680749            1.999641779265374            0.000370275167327  
         39.909172503005998            1.999750743513129            0.000262449173601  
         40.030116719331247            1.999900065502723            0.000114056786253  
         40.151060935656496            1.999819733417929            0.000195147860750  
         40.272005151981752            1.999666289152934            0.000349239867400  
         40.392949368307001            1.999722612596392            0.000293443411889  
         40.513893584632250            1.999882946857753            0.000133417043307  
         40.634837800957499            1.999830321312826            0.000186139116598  
         40.755782017282748            1.999687019624941            0.000329410275812  
         40.876726233607997            1.999691049297284            0.000325223112891  
         40.997670449933246            1.999846470013791            0.000169454638468  
         41.118614666258502            1.999865260193140            0.000150090529947  
         41.239558882583751            1.999715886475608            0.000298770759199  
         41.360503098909000            1.999661907664293            0.000351946937230  
         41.481447315234249            1.999778273916736            0.000234647921171  
         41.602391531559498            1.999907503254871            0.000104277987851  
         41.723335747884747            1.999766273199760            0.000244268420309  
         41.844279964209996            1.999653815862996            0.000355417802437  
         41.965224180535252            1.999684367719656            0.000323503405379  
         42.086168396860501            1.999926139921114            0.000080215845368  
         42.207112613185750            1.999835694977198            0.000169071685360  
         42.328056829510999            1.999685598851434            0.000317567647724  
         42.449001045836248            1.999595071411986            0.000406516194346  
         42.569945262161497            1.999897027717566            0.000102913192466  
         42.690889478486746            1.999898939621677            0.000099310638698  
         42.811833694812002            1.999754987066936            0.000241622442460  
         42.932777911137251            1.999548276278267            0.000446781991806  
         43.053722127462500            1.999824792397901            0.000168744046720  
         43.174666343787749            1.999926552920324            0.000065457348654  
         43.295610560112998            1.999834688496140            0.000155894913314  
         43.416554776438247            1.999560297237638            0.000429007099899  
         43.537498992763496            1.999740598921854            0.000247542900438  
         43.658443209088752            1.999910494745822            0.000076531678312  
         43.779387425414001            1.999895446908267            0.000090590674851  
         43.900331641739250            1.999615508045167            0.000369733666758  
         44.021275858064499            1.999676387741046            0.000308234370013  
         44.142220074389748            1.999865970142720            0.000118134320392  
         44.263164290714997            1.999927603078601            0.000056113067820  
         44.384108507040246            1.999683684335189            0.000299861363791  
         44.505052723365502            1.999645065232652            0.000338511166281  
         44.625996939690751            1.999813129062543            0.000170620639456  
         44.746941156016000            1.999937568554951            0.000046465632844  
         44.867885372341249            1.999740833354799            0.000243699559609  
         44.988829588666498            1.999641675644160            0.000343548645231  
         45.109773804991747            1.999765100895442            0.000220967345321  
         45.230718021316996            1.999932564610552            0.000054423615442  
         45.351662237642252            1.999775050266596            0.000213036483371  
         45.472606453967501            1.999653577542444            0.000335764353414  
         45.593550670292750            1.999730134033894            0.000260588957728  
         45.714494886617999            1.999916324690874            0.000075804374984  
         45.835439102943248            1.999784305517904            0.000209343749467  
         45.956383319268497            1.999667796880274            0.000327472595112  
         46.077327535593746            1.999715882463162            0.000281077311891  
         46.198271751919002            1.999896585483846            0.000102025455195  
         46.319215968244251            1.999776969761922            0.000223323857546  
         46.440160184569500            1.999674814722703            0.000327194176729  
         46.561104400894749            1.999725455760462            0.000278269012247  
         46.682048617219998            1.999886193371946            0.000119139882142  
         46.802992833545247            1.999769964835195            0.000236921405438  
         46.923937049870496            1.999669598636838            0.000338807981023  
         47.044881266195752            1.999749532902968            0.000260327731953  
         47.165825482521001            1.999890855580199            0.000120293149512  
         47.286769698846250            1.999778576769190            0.000233726537130  
         47.407713915171499            1.999651877802239            0.000361497688799  
         47.528658131496748            1.999768675383299            0.000245655484544  
         47.649602347821997            1.999901732944047            0.000113351280632  
         47.770546564147246            1.999807947599040            0.000207698802234  
         47.891490780472502            1.999628699962354            0.000387398775079  
         48.012434996797751            1.999765900361073            0.000250511557876  
         48.133379213123000            1.999902375685729            0.000114139619965  
         48.254323429448249            1.999852550387448            0.000163849100418  
         48.375267645773498            1.999616012599946            0.000400152788569  
         48.496211862098747            1.999736251985669            0.000279552300944  
         48.617156078423996            1.999877766661807            0.000137486198923  
         48.738100294749252            1.999896917852878            0.000117572828841  
         48.859044511074501            1.999633700834633            0.000379912533580  
         48.979988727399750            1.999690778937256            0.000321874310646  
         49.100932943724999            1.999820941023039            0.000190604920994  
         49.221877160050248            1.999916616107139            0.000093656855467  
         49.342821376375497            1.999692186726659            0.000316709410071  
         49.463765592700746            1.999655674574000            0.000351824332458  
         49.584709809026002            1.999741912345787            0.000264105200916  
         49.705654025351251            1.999888672158282            0.000115770125714  
         49.826598241676500            1.999777655113273            0.000225131406184  
         49.947542458001749            1.999658340706378            0.000342831162420  
         50.068486674326998            1.999670080310337            0.000329471475863  
         50.189430890652247            1.999811799621207            0.000186120235314  
         50.310375106977496            1.999854007406996            0.000142240832681  
         50.431319323302752            1.999704100999480            0.000290562842600  
         50.552263539628001            1.999635795803483            0.000357364123530  
         50.673207755953250            1.999715031138156            0.000276690289073  
         50.794151972278499            1.999888272406832            0.000102026965041  
         50.915096188603748            1.999769910550190            0.000219080824008  
         51.036040404928997            1.999644770371899            0.000343071627989  
         51.156984621254246            1.999638277059782            0.000348544698123  
         51.277928837579502            1.999875081235199            0.000110795369952  
         51.398873053904751            1.999825720886769            0.000159336857747  
         51.519817270230000            1.999676093744615            0.000308356778025  
         51.640761486555249            1.999603876221948            0.000380142106254  
         51.761705702880498            1.999834670588435            0.000149033570489  
         51.882649919205747            1.999857093888654            0.000126424672617  
         52.003594135530996            1.999703370316781            0.000280190449487  
         52.124538351856252            1.999608115957239            0.000375686129899  
         52.245482568181501            1.999793404457750            0.000190770118810  
         52.366426784506750            1.999867783402489            0.000116882583472  
         52.487371000831999            1.999712469814337            0.000272893266832  
         52.608315217157248            1.999633069917002            0.000353187249429  
         52.729259433482497            1.999769943299501            0.000217318992672  
         52.850203649807746            1.999871267991479            0.000117090242962  
         52.971147866133002            1.999705416789106            0.000284189221612  
         53.092092082458251            1.999660881595294            0.000330138684384  
         53.213036298783500            1.999771606459149            0.000220890976450  
         53.333980515108749            1.999882563547836            0.000111451571590  
         53.454924731433998            1.999696561885802            0.000299046694841  
         53.575868947759247            1.999680434142104            0.000316880169702  
         53.696813164084496            1.999792919370922            0.000206097989354  
         53.817757380409752            1.999908708526239            0.000091985750439  
         53.938701596735001            1.999702650670036            0.000299709770315  
         54.059645813060250            1.999687325874238            0.000316747291073  
         54.180590029385499            1.999816504095578            0.000189209489101  
         54.301534245710748            1.999942293201634            0.000064964229648  
         54.422478462035997            1.999730564877775            0.000278141972911  
         54.543422678361246            1.999682708652886            0.000327431288604  
         54.664366894686502            1.999822589376937            0.000188853731852  
         54.785311111011751            1.999969390552976            0.000043198049778  
         54.906255327337000            1.999775409921556            0.000238162477546  
         55.027199543662249            1.999673659447327            0.000340830110993  
         55.148143759987498            1.999800174433153            0.000215073029666  
         55.269087976312747            1.999982433246637            0.000033373012408  
         55.390032192637996            1.999828941985281            0.000187221137370  
         55.510976408963252            1.999672066778305            0.000344352154801  
         55.631920625288501            1.999748599782098            0.000267923681080  
         55.752864841613750            1.999978984493048            0.000037430178385  
         55.873809057938999            1.999884306948999            0.000131787717994  
         55.994753274264248            1.999691328327927            0.000324327284262  
         56.115697490589497            1.999676168663555            0.000338937538491  
         56.236641706914746            1.999952273901296            0.000062089008375  
         56.357585923240002            1.999931572271677            0.000081855044743  
         56.478530139565251            1.999740487424990            0.000271886637538  
         56.599474355890500            1.999603662819463            0.000407605704820  
         56.720418572215749            1.999892821561138            0.000117203383952  
         56.841362788540998            1.999952697087179            0.000055931538427  
         56.962307004866247            1.999813846858665            0.000193291775564  
         57.083251221191496            1.999562643684863            0.000443009260219  
         57.204195437516752            1.999804283362359            0.000199832084293  
         57.325139653842001            1.999929574178719            0.000072904318901  
         57.446083870167250            1.999885047538470            0.000115745444428  
         57.567028086492499            1.999577237814377            0.000421918524978  
         57.687972302817748            1.999713110611099            0.000284457375315  
         57.808916519142997            1.999863698191421            0.000132245995690  
         57.929860735468246            1.999921348688609            0.000072979907661  
         58.050804951793502            1.999642462099789            0.000350332943690  
         58.171749168118751            1.999652331633322            0.000339069570792  
         58.292693384444000            1.999781975152339            0.000208069775306  
         58.413637600769249            1.999910880131803            0.000077870699257  
         58.534581817094498            1.999726419549802            0.000261146023994  
         58.655526033419747            1.999634805267406            0.000351778101372  
         58.776470249744996            1.999715115462052            0.000270598669200  
         58.897414466070252            1.999872369243597            0.000112576450102  
         59.018358682395501            1.999796908675739            0.000187398409962  
         59.139302898720750            1.999648791942128            0.000335105938086  
         59.260247115045999            1.999674174217805            0.000309490856696  
         59.381191331371248            1.999837255544151            0.000146294408918  
         59.502135547696497            1.999842772311778            0.000140800330652  
         59.623079764021746            1.999676311929175            0.000307504092458  
         59.744023980347002            1.999650795659161            0.000333474880070  
         59.864968196672251            1.999826509317918            0.000158327591626  
         59.985912412997500            1.999872506053287            0.000113020148420  
         60.106856629322749            1.999708530024028            0.000277869370812  
         60.227800845647998            1.999632895434187            0.000354584510017  
         60.348745061973247            1.999841060397497            0.000147585039970  
         60.469689278298496            1.999899135003806            0.000090756228510  
         60.590633494623752            1.999745267663990            0.000245994749589  
         60.711577710949001            1.999615779376857            0.000377020429907  
         60.832521927274250            1.999865174933261            0.000129201789603  
         60.953466143599499            1.999926125745880            0.000069841308730  
         61.074410359924748            1.999784967224098            0.000212642026892  
         61.195354576249997            1.999602106605779            0.000397244554357  
         61.316298792575246            1.999877923255704            0.000123152404222  
         61.437243008900502            1.999945802508251            0.000056930643701  
         61.558187225225751            1.999819372043577            0.000184991800845  
         61.679131441551000            1.999596580289222            0.000409438743030  
         61.800075657876249            1.999867714667974            0.000139886338776  
         61.921019874201498            1.999951998270694            0.000057037657434  
         62.041964090526747            1.999841089153064            0.000169283264177  
         62.162908306851996            1.999601774346548            0.000409889956429  
         62.283852523177252            1.999836883247505            0.000175959924169  
         62.404796739502501            1.999948671265449            0.000065139132035  
         62.525740955827750            1.999853265262232            0.000161360019890  
         62.646685172152999            1.999616946911948            0.000398396447882  
         62.767629388478248            1.999792081147004            0.000223853301151  
         62.888573604803497            1.999940910720652            0.000075368696973  
         63.009517821128746            1.999868297506632            0.000148143252143  
         63.130462037454002            1.999641565300412            0.000374911860563  
         63.251406253779251            1.999737499834752            0.000278898108119  
         63.372350470104500            1.999922516300524            0.000093562860308  
         63.493294686429749            1.999897539261100            0.000118027502673  
         63.614238902754998            1.999680619739509            0.000334308880083  
         63.735183119080247            1.999681119594599            0.000333084299339  
         63.856127335405496            1.999877282882879            0.000136007828555  
         63.977071551730752            1.999938830452476            0.000073363380085  
         64.098015768056001            1.999741902848896            0.000269092148097  
         64.218959984381243            1.999642449736355            0.000367298240164  
         64.339904200706499            1.999794855397251            0.000213543383130  
         64.460848417031755            1.999970623531168            0.000036274199705  
         64.581792633356997            1.999822284546588            0.000183048812025  
         64.702736849682253            1.999645686704920            0.000358077916003  
         64.823681066007495            1.999688598023271            0.000313596359001  
         64.944625282332751            1.999964506869612            0.000036022957160  
         65.065569498657993            1.999898502252777            0.000100341159378  
         65.186513714983249            1.999698399644382            0.000298801570442  
         65.307457931308505            1.999594961336618            0.000400688304914  
         65.428402147633747            1.999911277290932            0.000082807923635  
         65.549346363959003            1.999941505576380            0.000051030013272  
         65.670290580284245            1.999779508227788            0.000211571788139  
         65.791234796609501            1.999548120435563            0.000441663227354  
         65.912179012934743            1.999831250894785            0.000157315930852  
         66.033123229259999            1.999942483482802            0.000044912509989  
         66.154067445585255            1.999855526564998            0.000130834072436  
         66.275011661910497            1.999555359375141            0.000430166309620  
         66.395955878235753            1.999754888205429            0.000229963399069  
         66.516900094560995            1.999917429637637            0.000066821716392  
         66.637844310886251            1.999907122236822            0.000076685014811  
         66.758788527211493            1.999599205788486            0.000384373819966  
         66.879732743536749            1.999699663271464            0.000283898747532  
         67.000676959862005            1.999887211432645            0.000096428881362  
         67.121621176187247            1.999935941568872            0.000047925027738  
         67.242565392512503            1.999656868224073            0.000327433863026  
         67.363509608837745            1.999667234933928            0.000317719222690  
         67.484453825163001            1.999860535246828            0.000125174543587  
         67.605398041488243            1.999950528194955            0.000036048186561  
         67.726342257813499            1.999712016639458            0.000275604554627  
         67.847286474138755            1.999652984250114            0.000335865157704  
         67.968230690463997            1.999834714172954            0.000155451181631  
         68.089174906789253            1.999952800083934            0.000038731645367  
         68.210119123114495            1.999753526229396            0.000239495362610  
         68.331063339439751            1.999652145494149            0.000342487605937  
         68.452007555764993            1.999806811652676            0.000189479906972  
         68.572951772090249            1.999940665621395            0.000057258894135  
         68.693895988415505            1.999774089371197            0.000225519183202  
         68.814840204740747            1.999660199984150            0.000341138548611  
         68.935784421066003            1.999781215480939            0.000221844279090  
         69.056728637391245            1.999920241749480            0.000084432974815  
         69.177672853716501            1.999775333736956            0.000230928657200  
         69.298617070041743            1.999671307812766            0.000336513152713  
         69.419561286366999            1.999764254521661            0.000245061175747  
         69.540505502692255            1.999905833916745            0.000104798628215  
         69.661449719017497            1.999769618398886            0.000242231745479  
         69.782393935342753            1.999677613090787            0.000335365437218  
         69.903338151667995            1.999753114031702            0.000260887524405  
         70.024282367993251            1.999904563020527            0.000110236804983  
         70.145226584318493            1.999772982728450            0.000242458983024  
         70.266170800643749            1.999673611435149            0.000342349633904  
         70.387115016969005            1.999736102282252            0.000280251970009  
         70.508059233294247            1.999907166260334            0.000109345844927  
         70.629003449619503            1.999796744885980            0.000219730652339  
         70.749947665944745            1.999664144210128            0.000352169193515  
         70.870891882270001            1.999704181407315            0.000311846439560  
         70.991836098595243            1.999893805606836            0.000121728996709  
         71.112780314920499            1.999840818589194            0.000174014476515  
         71.233724531245755            1.999666936617071            0.000347089265737  
         71.354668747570997            1.999661853668479            0.000351269549650  
         71.475612963896253            1.999847096538481            0.000164974122595  
         71.596557180221495            1.999888142447136            0.000122685526384  
         71.717501396546751            1.999702605717350            0.000306902841591  
         71.838445612871993            1.999630380497323            0.000377764208966  
         71.959389829197249            1.999767279654955            0.000239424476061  
         72.080334045522505            1.999907953337331            0.000097174691868  
         72.201278261847747            1.999774676425668            0.000228826192724  
         72.322222478173003            1.999636270386118            0.000365628009994  
         72.443166694498245            1.999680385385924            0.000319907513020  
         72.564110910823501            1.999875630701526            0.000123005578991  
