#  GS molecular orbital populations, spin channel : 1
#          time (fs)            |   population (orb 1)       |    population (orb 2)      |           ...              |    population (orb N)      |
          0.118525331998745            1.998931071467325            0.001089898077868  
          0.239469548323995            1.999847533382247            0.000175264817376  
          0.360413764649245            1.999855558645232            0.000168885224115  
          0.481357980974495            1.998857639074848            0.001168650148991  
          0.602302197299745            2.000020575518635            0.000005745575680  
          0.723246413624995            1.998783062594202            0.001242486280982  
          0.844190629950245            1.999891548877215            0.000134569948006  
          0.965134846275495            1.999831501426180            0.000195025441619  
          1.086079062600745            1.998893532311271            0.001133601401607  
          1.207023278925995            2.000017915957176            0.000007995017711  
          1.327967495251245            1.998843381802072            0.001180466108036  
          1.448911711576495            1.999804304948879            0.000218839641769  
          1.569855927901745            1.999897728542894            0.000124790354262  
          1.690800144226995            1.998739681334537            0.001282167439554  
          1.811744360552245            1.999880695406342            0.000138909091134  
          1.932688576877495            1.998821461778288            0.001195095469038  
          2.053632793202745            1.999643818600053            0.000371098096850  
          2.174577009527995            1.999849862056190            0.000163788575782  
          2.295521225853245            1.998891784789925            0.001120205691000  
          2.416465442178495            1.999500117068846            0.000508950421548  
          2.537409658503745            1.999176603040097            0.000828910994136  
          2.658353874828995            1.999364834620630            0.000638595814496  
          2.779298091154245            1.999733557909680            0.000268436376344  
          2.900242307479495            1.999143565927376            0.000856291967478  
          3.021186523804745            1.998878005253967            0.001118756311444  
          3.142130740129995            1.999550962500619            0.000442316158233  
          3.263074956455245            1.999174102807631            0.000817248968166  
          3.384019172780495            1.999613394465239            0.000376863476674  
          3.504963389105745            1.999613276954758            0.000374931826110  
          3.625907605430995            1.998555432980963            0.001430003945363  
          3.746851821756245            1.999897943356481            0.000084636791157  
          3.867796038081495            1.999230305141925            0.000750940223785  
          3.988740254406745            1.999448244819664            0.000532811247421  
          4.109684470731995            1.999884420133620            0.000095175368500  
          4.230628687057245            1.998322047939622            0.001655635143112  
          4.351572903382495            1.999974686210405            0.000001218221427  
          4.472517119707745            1.999227320347044            0.000748211655948  
          4.593461336032996            1.999444087789963            0.000532510627205  
          4.714405552358246            1.999961804504960            0.000014350890345  
          4.835349768683495            1.998450268897808            0.001525132181397  
          4.956293985008745            1.999953666707584            0.000021226404049  
          5.077238201333995            1.999333843213241            0.000641814412680  
          5.198182417659245            1.999374392353113            0.000603659521157  
          5.319126633984495            1.999975320592521            0.000003553018626  
          5.440070850309746            1.998388950415117            0.001590437064470  
          5.561015066634996            1.999963049662314            0.000017000026109  
          5.681959282960245            1.999262467239729            0.000719424405768  
          5.802903499285495            1.999474143685458            0.000511214126155  
          5.923847715610745            1.999962279901049            0.000025071229381  
          6.044791931935995            1.998521488631379            0.001467380045346  
          6.165736148261245            1.999989623686376            0.000000665568204  
          6.286680364586495            1.999294150946783            0.000698601031509  
          6.407624580911745            1.999483871395634            0.000512972358389  
          6.528568797236995            1.999905938549681            0.000093612899382  
          6.649513013562244            1.998471841766865            0.001529766424936  
          6.770457229887494            1.999959490818553            0.000043701563382  
          6.891401446212745            1.999193935054483            0.000811663039616  
          7.012345662537995            1.999606670257240            0.000403076337204  
          7.133289878863245            1.999786035766382            0.000226428705778  
          7.254234095188495            1.998629858802119            0.001384556648530  
          7.375178311513745            1.999884635356913            0.000130843101215  
          7.496122527838994            1.999224250311741            0.000792854712172  
          7.617066744164244            1.999611026079399            0.000409715649170  
          7.738010960489495            1.999676621159913            0.000346192694484  
          7.858955176814745            1.998545703711117            0.001478383791921  
          7.979899393139995            1.999818203225560            0.000205920501633  
          8.100843609465246            1.999137410796930            0.000887108694766  
          8.221787825790495            1.999665023244920            0.000362191508133  
          8.342732042115745            1.999704667944458            0.000323557702190  
          8.463676258440994            1.998497299623777            0.001531076662592  
          8.584620474766245            1.999902345583017            0.000124788920912  
          8.705564691091494            1.999151189879187            0.000874979021373  
          8.826508907416745            1.999571670909017            0.000456038531406  
          8.947453123741996            1.999859469595010            0.000168146687923  
          9.068397340067245            1.998133499121230            0.001892969588441  
          9.189341556392495            1.999993494254164            0.000030579205749  
          9.310285772717744            1.999089743170671            0.000932286524393  
          9.431229989042995            1.999500918943206            0.000521523027962  
          9.552174205368244            2.000019217301358            0.000002296691794  
          9.673118421693495            1.998093165739500            0.001925954005852  
          9.794062638018746            1.999829416217360            0.000186440658270  
          9.915006854343995            1.999309170556178            0.000704079512722  
         10.035951070669245            1.999264971469840            0.000747793879794  
         10.156895286994494            1.999805195534243            0.000206230203367  
         10.277839503319745            1.998284575069865            0.001723561282370  
         10.398783719644994            1.999105417506664            0.000899064738272  
         10.519727935970245            1.999561824031859            0.000440069345286  
         10.640672152295496            1.999269764051005            0.000731263140727  
         10.761616368620745            1.999258727905085            0.000740909874407  
         10.882560584945995            1.999149273700708            0.000846717794216  
         11.003504801271244            1.998422693406862            0.001569683635653  
         11.124449017596495            1.999897549777010            0.000092813631944  
         11.245393233921744            1.999527078270878            0.000462529950219  
         11.366337450246995            1.998669717269012            0.001318935510995  
         11.487281666572246            1.999770445192210            0.000214795951890  
         11.608225882897495            1.998059460622938            0.001922661014971  
         11.729170099222745            1.999935993589518            0.000045208562775  
         11.850114315547994            1.999743176674450            0.000237786303407  
         11.971058531873245            1.998570608018607            0.001410280575945  
         12.092002748198494            1.999867383668277            0.000110839192582  
         12.212946964523745            1.998313693360712            0.001662211101335  
         12.333891180848996            1.999708810521807            0.000267508068307  
         12.454835397174245            1.999839813339254            0.000137164523335  
         12.575779613499495            1.998547877566686            0.001430179382398  
         12.696723829824744            1.999602954505452            0.000373606651467  
         12.817668046149995            1.998481221501005            0.001494076420980  
         12.938612262475244            1.999523088922093            0.000453860309884  
         13.059556478800495            1.999807541827901            0.000171232689202  
         13.180500695125746            1.998751239896281            0.001229760824413  
         13.301444911450995            1.999467826392181            0.000512973331142  
         13.422389127776245            1.998729338699879            0.001251210276547  
         13.543333344101494            1.999455232983911            0.000527838783630  
         13.664277560426745            1.999817093004401            0.000168896255464  
         13.785221776751994            1.998754322984193            0.001234844819182  
         13.906165993077245            1.999417180307840            0.000572922254058  
         14.027110209402496            1.998680928842565            0.001309626148945  
         14.148054425727745            1.999473145033845            0.000520290770140  
         14.268998642052996            1.999811963937090            0.000185058683666  
         14.389942858378244            1.998822571670600            0.001178144762044  
         14.510887074703495            1.999518825249551            0.000483471356968  
         14.631831291028744            1.998701956765956            0.001300907240360  
         14.752775507353995            1.999524949188606            0.000480509867803  
         14.873719723679246            1.999842462723759            0.000166645755328  
         14.994663940004495            1.998739409699117            0.001273325556210  
         15.115608156329746            1.999525009866497            0.000489375560146  
         15.236552372654995            1.998571970926309            0.001442476363354  
         15.357496588980245            1.999525108193072            0.000491084285686  
         15.478440805305494            1.999836712265853            0.000182621393097  
         15.599385021630745            1.998797299105143            0.001224987044888  
         15.720329237955996            1.999465207218490            0.000558217689304  
         15.841273454281245            1.998683161702822            0.001339321807555  
         15.962217670606496            1.999415538775788            0.000607377116168  
         16.083161886931745            1.999850949453557            0.000174300934036  
         16.204106103256994            1.998813460189736            0.001213560546279  
         16.325050319582246            1.999081498176569            0.000945816676446  
         16.445994535907495            1.998863427225184            0.001161766532490  
         16.566938752232744            1.999126206925779            0.000897968442534  
         16.687882968557997            1.999819565467957            0.000206114076686  
         16.808827184883246            1.999147237806395            0.000878844310216  
         16.929771401208495            1.998494326946223            0.001530986152770  
         17.050715617533744            1.999448902278792            0.000573232612137  
         17.171659833858996            1.998866348892382            0.001153490615555  
         17.292604050184245            1.999706600181615            0.000313968159500  
         17.413548266509494            1.999673948169057            0.000345929522480  
         17.534492482834747            1.997732141859117            0.002285834475113  
         17.655436699159996            1.999879642154664            0.000134476403079  
         17.776380915485245            1.998785693858589            0.001225420286129  
         17.897325131810494            1.999518851918611            0.000492308471641  
         18.018269348135746            2.000006847384257            0.000003093311591  
         18.139213564460995            1.997714531411997            0.002292493206189  
         18.260157780786244            1.999507878920864            0.000495012097351  
         18.381101997111497            1.999206647137030            0.000793161157477  
         18.502046213436746            1.999225472344080            0.000774001760929  
         18.622990429761995            1.999568293272796            0.000429933137250  
         18.743934646087244            1.998417917670526            0.001576841745598  
         18.864878862412496            1.998412850128438            0.001577936031585  
         18.985823078737745            1.999713856114044            0.000274394428906  
         19.106767295062994            1.999319009060869            0.000668933295043  
         19.227711511388247            1.998939706817711            0.001047425222886  
         19.348655727713496            1.999507424351554            0.000476259253060  
         19.469599944038745            1.997885249180267            0.002094945590467  
         19.590544160363994            1.999975618819078            0.000003153835674  
         19.711488376689246            1.999633994610329            0.000344773430824  
         19.832432593014495            1.998549073856743            0.001429836084026  
         19.953376809339744            1.999847951759101            0.000128116072390  
         20.074321025664997            1.997903034471247            0.002070365639327  
         20.195265241990246            1.999795583695540            0.000177795171085  
         20.316209458315495            1.999753875511549            0.000220182228148  
         20.437153674640744            1.998628864244897            0.001346503076398  
         20.558097890965996            1.999679485916079            0.000294149326251  
         20.679042107291245            1.998327703217710            0.001644304394568  
         20.799986323616494            1.999539898401950            0.000433371822369  
         20.920930539941747            1.999793408077134            0.000181568306289  
         21.041874756266996            1.998728699491417            0.001248729554226  
         21.162818972592245            1.999456137641877            0.000520943462373  
         21.283763188917494            1.998540257673065            0.001436310114622  
         21.404707405242746            1.999425699959616            0.000553070775288  
         21.525651621567995            1.999776843549801            0.000204673716083  
         21.646595837893244            1.998877232813050            0.001107661763354  
         21.767540054218497            1.999452282393400            0.000533517559051  
         21.888484270543746            1.998686029112330            0.001300107671898  
         22.009428486868995            1.999450362415795            0.000538407811114  
         22.130372703194244            1.999790418548992            0.000201764117155  
         22.251316919519496            1.998875827608805            0.001120251377108  
         22.372261135844745            1.999521101658813            0.000476707659959  
         22.493205352169994            1.998615573959606            0.001382908382486  
         22.614149568495247            1.999521271056486            0.000479697076209  
         22.735093784820496            1.999782702728540            0.000221732833130  
         22.856038001145745            1.998912866342682            0.001095415007733  
         22.976982217470994            1.999634836480034            0.000375351353154  
         23.097926433796246            1.998609550916183            0.001400996720658  
         23.218870650121495            1.999577484565553            0.000434812545970  
         23.339814866446744            1.999801137915252            0.000214065834496  
         23.460759082771997            1.998880239183876            0.001138157400276  
         23.581703299097246            1.999629016316616            0.000390857130186  
         23.702647515422495            1.998565378486458            0.001454000932933  
         23.823591731747744            1.999534058769490            0.000485914360506  
         23.944535948072996            1.999797315462119            0.000224615254886  
         24.065480164398245            1.998939632915435            0.001084340750856  
         24.186424380723494            1.999491610927016            0.000532973422037  
         24.307368597048747            1.998740639088828            0.001282300013691  
         24.428312813373996            1.999350856947327            0.000671305669710  
         24.549257029699245            1.999814793936654            0.000208319705161  
         24.670201246024494            1.999040717266758            0.000983030807177  
         24.791145462349750            1.999073966166916            0.000949367917903  
         24.912089678674999            1.999080860487777            0.000939713435802  
         25.033033895000248            1.999022843757991            0.000995708804674  
         25.153978111325497            1.999809510621318            0.000209143245124  
         25.274922327650749            1.999391346278008            0.000626671585499  
         25.395866543975998            1.998532678766909            0.001483893368069  
         25.516810760301247            1.999662058274613            0.000350941779207  
         25.637754976626500            1.998814055492992            0.001196066195865  
         25.758699192951749            1.999740987406087            0.000268631237733  
         25.879643409276998            1.999839298765679            0.000168876365956  
         26.000587625602247            1.998081890267940            0.001924005302230  
         26.121531841927499            1.999943529987887            0.000058459054901  
         26.242476058252748            1.998845968356145            0.001152838876004  
         26.363420274577997            1.999567812257824            0.000430283623387  
         26.484364490903250            1.999985215371289            0.000011160889755  
         26.605308707228499            1.998194248023808            0.001799440674487  
         26.726252923553748            1.999576033149818            0.000413916555600  
         26.847197139878997            1.999187945855565            0.000799051795845  
         26.968141356204249            1.999337420615657            0.000649145006420  
         27.089085572529498            1.999708970836907            0.000276130258932  
         27.210029788854747            1.998685589048063            0.001296974757974  
         27.330974005180000            1.998922039904123            0.001057447856809  
         27.451918221505249            1.999547102564671            0.000430203056199  
         27.572862437830498            1.999302862508283            0.000674651824057  
         27.693806654155747            1.999397475003813            0.000579401791552  
         27.814750870480999            1.999282184629348            0.000692806590132  
         27.935695086806248            1.998576790560941            0.001396163876173  
         28.056639303131497            1.999799032222584            0.000172931656504  
         28.177583519456750            1.999385979290404            0.000587051156150  
         28.298527735781999            1.999226256520390            0.000747394745013  
         28.419471952107248            1.999598457581556            0.000374372530885  
         28.540416168432497            1.998485988703486            0.001486076762692  
         28.661360384757749            1.999880946778253            0.000091448311750  
         28.782304601082998            1.999433734591445            0.000540729935547  
         28.903248817408247            1.999234466947926            0.000741950458517  
         29.024193033733500            1.999691352191333            0.000285510986313  
         29.145137250058749            1.998588454329333            0.001388877369429  
         29.266081466383998            1.999875881059964            0.000102891628051  
         29.387025682709247            1.999444536309975            0.000537210276452  
         29.507969899034499            1.999299404484861            0.000685390937218  
         29.628914115359748            1.999608123534800            0.000378232216210  
         29.749858331684997            1.998725885851002            0.001261852673746  
         29.870802548010250            1.999801355633424            0.000188464600291  
         29.991746764335499            1.999413414846862            0.000579852231648  
         30.112690980660748            1.999445761664632            0.000551172790573  
         30.233635196985997            1.999421633636523            0.000577456253069  
         30.354579413311249            1.998963057279660            0.001037746570961  
         30.475523629636498            1.999674658415638            0.000328234964596  
         30.596467845961747            1.999406251464868            0.000599901038728  
         30.717412062287000            1.999586303643051            0.000423516440414  
         30.838356278612249            1.999195505247775            0.000816362195624  
         30.959300494937498            1.999178347290046            0.000834907322479  
         31.080244711262747            1.999539067713247            0.000475628081125  
         31.201188927587999            1.999421703530478            0.000595449014632  
         31.322133143913248            1.999699840509819            0.000320339191652  
         31.443077360238497            1.999063951686192            0.000957527171977  
         31.564021576563750            1.999312473020204            0.000709494788067  
         31.684965792888999            1.999481651207182            0.000540637058413  
         31.805910009214248            1.999426777797207            0.000596747500094  
         31.926854225539497            1.999722535864981            0.000302949934565  
         32.047798441864749            1.999032097619940            0.000993520331219  
         32.168742658189998            1.999249119042795            0.000775784539890  
         32.289686874515247            1.999509801964993            0.000514169167548  
         32.410631090840496            1.999399507245626            0.000624350397138  
         32.531575307165745            1.999649678974719            0.000374966237829  
         32.652519523491002            1.999186652568379            0.000836844853569  
         32.773463739816250            1.999005243237027            0.001016325816859  
         32.894407956141499            1.999675556714714            0.000344017190493  
         33.015352172466748            1.999376308173898            0.000641990158199  
         33.136296388791997            1.999470463784212            0.000547601851957  
         33.257240605117246            1.999514417838649            0.000501441795336  
         33.378184821442495            1.998645577260468            0.001367404857451  
         33.499129037767752            1.999899396374031            0.000110933837548  
         33.620073254093001            1.999431081255709            0.000577278869479  
         33.741017470418250            1.999275767942390            0.000731665037071  
         33.861961686743498            1.999890149869082            0.000114472375068  
         33.982905903068747            1.998447563018563            0.001553674286003  
         34.103850119393996            1.999986575196299            0.000011877197779  
         34.224794335719245            1.999565438420453            0.000430891064624  
         34.345738552044502            1.999114592647603            0.000880627785299  
         34.466682768369751            1.999983208774484            0.000009123538764  
         34.587626984695000            1.998491809837956            0.001497183380818  
         34.708571201020249            1.999798545141997            0.000188103016672  
         34.829515417345497            1.999646277055731            0.000338603233019  
         34.950459633670746            1.999095776773373            0.000888400921358  
         35.071403849995995            1.999767713468552            0.000214033750093  
         35.192348066321252            1.998766152545894            0.001212845981950  
         35.313292282646501            1.999513835181277            0.000463731269679  
         35.434236498971750            1.999688109557203            0.000288521076537  
         35.555180715296999            1.999162570233986            0.000814235441686  
         35.676124931622248            1.999520363682854            0.000454980071962  
         35.797069147947497            1.999009922838123            0.000963713858338  
         35.918013364272745            1.999348882694223            0.000624517683992  
         36.038957580598002            1.999696330827965            0.000277317769067  
         36.159901796923251            1.999248635735534            0.000726345869863  
         36.280846013248500            1.999443149990857            0.000531659770799  
         36.401790229573749            1.999126504511477            0.000847877063533  
         36.522734445898998            1.999349589135353            0.000625785841725  
         36.643678662224247            1.999695504421383            0.000281367073787  
         36.764622878549496            1.999259253023582            0.000720150103042  
         36.885567094874752            1.999529174133472            0.000451364760589  
         37.006511311200001            1.999056369841168            0.000924950009763  
         37.127455527525250            1.999474758445674            0.000508534790666  
         37.248399743850499            1.999674575239718            0.000311195304934  
         37.369343960175748            1.999245093507732            0.000744128443913  
         37.490288176500997            1.999735198777160            0.000256145399649  
         37.611232392826246            1.998915021604771            0.001077900052647  
         37.732176609151502            1.999687328100652            0.000308019384360  
         37.853120825476751            1.999651988322730            0.000346257940769  
         37.974065041802000            1.999237995930094            0.000764080913199  
         38.095009258127249            1.999930551256324            0.000074034194582  
         38.215953474452498            1.998759646306202            0.001246665349328  
         38.336897690777747            1.999883679199238            0.000124858701713  
         38.457841907102996            1.999601615239108            0.000409502094639  
         38.578786123428252            1.999287743996407            0.000726971324499  
         38.699730339753501            2.000015717737931            0.000001152697949  
         38.820674556078750            1.998694055803668            0.001324007908186  
         38.941618772403999            1.999979656879816            0.000039819675888  
         39.062562988729248            1.999565643494057            0.000455440993797  
         39.183507205054497            1.999309991183427            0.000713912618791  
         39.304451421379746            2.000018102618014            0.000007014762725  
         39.425395637705002            1.998618471850665            0.001406789601932  
         39.546339854030251            2.000008316741641            0.000017146125537  
         39.667284070355500            1.999531759995155            0.000494025159381  
         39.788228286680749            1.999315854180562            0.000711594308913  
         39.909172503005998            2.000024007628507            0.000003454935609  
         40.030116719331247            1.998567784835356            0.001458523441691  
         40.151060935656496            1.999990661847181            0.000034536545838  
         40.272005151981752            1.999560007454415            0.000464305661633  
         40.392949368307001            1.999240876003944            0.000783820820692  
         40.513893584632250            2.000015429041092            0.000008181574152  
         40.634837800957499            1.998516895257326            0.001504326136744  
         40.755782017282748            1.999855538481903            0.000163482973751  
         40.876726233607997            1.999604518883577            0.000412784682375  
         40.997670449933246            1.999184619427501            0.000831974737336  
         41.118614666258502            1.999832367027166            0.000182353688476  
         41.239558882583751            1.998698543988930            0.001312890784967  
         41.360503098909000            1.999499277093110            0.000509301932700  
         41.481447315234249            1.999693646006292            0.000312880017500  
         41.602391531559498            1.999208193355210            0.000796989784131  
         41.723335747884747            1.999391793738162            0.000611145276348  
         41.844279964209996            1.999113595335710            0.000885684780965  
         41.965224180535252            1.999050571965191            0.000945757622992  
         42.086168396860501            1.999780472081673            0.000213999620271  
         42.207112613185750            1.999438206660203            0.000554864923487  
         42.328056829510999            1.998947760253694            0.001043186849194  
         42.449001045836248            1.999636379341110            0.000351110657496  
         42.569945262161497            1.998810707527054            0.001174251164573  
         42.690889478486746            1.999824094140030            0.000159760199021  
         42.811833694812002            1.999704558823022            0.000278333139158  
         42.932777911137251            1.998665960510258            0.001315486600716  
         43.053722127462500            1.999912990756031            0.000065729177918  
         43.174666343787749            1.998749613785858            0.001227414011309  
         43.295610560112998            1.999802287683339            0.000174828819287  
         43.416554776438247            1.999837439953513            0.000139568652945  
         43.537498992763496            1.998631521479003            0.001345151847734  
         43.658443209088752            1.999968063361031            0.000006998896671  
         43.779387425414001            1.998821474470861            0.001152999154214  
         43.900331641739250            1.999751630204797            0.000224275832225  
         44.021275858064499            1.999878484809478            0.000098471158373  
         44.142220074389748            1.998627273400148            0.001350653672291  
         44.263164290714997            1.999965431568406            0.000012149836293  
         44.384108507040246            1.998821058034496            0.001157090370214  
         44.505052723365502            1.999772979484435            0.000207765650370  
         44.625996939690751            1.999864006129085            0.000118986246513  
         44.746941156016000            1.998703440146395            0.001281714315757  
         44.867885372341249            1.999982211296763            0.000003686200403  
         44.988829588666498            1.998842583753341            0.001144742559748  
         45.109773804991747            1.999809000157738            0.000181654956298  
         45.230718021316996            1.999830686763274            0.000163073660902  
         45.351662237642252            1.998735655943701            0.001261095838601  
         45.472606453967501            1.999946803029331            0.000051303374294  
         45.593550670292750            1.998801204349421            0.001198617151587  
         45.714494886617999            1.999861419537411            0.000141884635291  
         45.835439102943248            1.999735893158658            0.000270724148207  
         45.956383319268497            1.998860114828373            0.001149775905140  
         46.077327535593746            1.999836243483418            0.000174933967146  
         46.198271751919002            1.998839225109294            0.001173236181016  
         46.319215968244251            1.999865204505748            0.000150283094210  
         46.440160184569500            1.999650679048909            0.000367611815717  
         46.561104400894749            1.998896822832376            0.001124435832589  
         46.682048617219998            1.999706380085443            0.000315456996976  
         46.802992833545247            1.998791425092513            0.001230679032180  
         46.923937049870496            1.999882444596986            0.000141738979936  
         47.044881266195752            1.999614659707442            0.000411304720721  
         47.165825482521001            1.998896013698339            0.001132094892152  
         47.286769698846250            1.999718378025447            0.000309178498131  
         47.407713915171499            1.998727228023379            0.001299244086607  
         47.528658131496748            1.999902636589121            0.000124722347890  
         47.649602347821997            1.999691060913200            0.000336885067932  
         47.770546564147246            1.998670540572365            0.001358404112940  
         47.891490780472502            1.999856747887734            0.000170447330116  
         48.012434996797751            1.998532516925757            0.001492267713803  
         48.133379213123000            1.999918158564129            0.000106362965465  
         48.254323429448249            1.999847029441463            0.000177100584961  
         48.375267645773498            1.998473674324557            0.001550190274405  
         48.496211862098747            1.999957210081928            0.000063917162978  
         48.617156078423996            1.998558705930792            0.001459007366925  
         48.738100294749252            1.999738562067624            0.000277969023398  
         48.859044511074501            1.999953828583403            0.000061801963439  
         48.979988727399750            1.998367999791219            0.001646241905315  
         49.100932943724999            1.999529415437710            0.000481492206807  
         49.221877160050248            1.998825898660853            0.001181122202897  
         49.342821376375497            1.999377132832572            0.000628249541254  
         49.463765592700746            1.999792574977723            0.000211858746851  
         49.584709809026002            1.998839347673603            0.001163014465899  
         49.705654025351251            1.998679740491553            0.001319077784609  
         49.826598241676500            1.999489670674441            0.000505367404538  
         49.947542458001749            1.999147313817509            0.000846142774839  
         50.068486674326998            1.999485828416447            0.000507096420704  
         50.189430890652247            1.999533514914347            0.000457214271036  
         50.310375106977496            1.997946246194843            0.002041194777380  
         50.431319323302752            1.999925403991826            0.000058952417695  
         50.552263539628001            1.999176536898531            0.000806705383905  
         50.673207755953250            1.999287585248338            0.000696040053417  
         50.794151972278499            1.999945984212374            0.000035835180468  
         50.915096188603748            1.997893342467724            0.002085851973810  
         51.036040404928997            1.999884178001245            0.000093055436286  
         51.156984621254246            1.999374486772905            0.000602403834509  
         51.277928837579502            1.999123927026425            0.000854582144979  
         51.398873053904751            1.999888544021512            0.000089058502776  
         51.519817270230000            1.998028351591101            0.001947627319942  
         51.640761486555249            1.999603394731760            0.000371906225124  
         51.761705702880498            1.999453028984874            0.000522973259296  
         51.882649919205747            1.999156364979764            0.000822475619253  
         52.003594135530996            1.999745391572581            0.000233797872662  
         52.124538351856252            1.998335104339285            0.001643565902753  
         52.245482568181501            1.999441667830249            0.000537449252365  
         52.366426784506750            1.999547535250271            0.000433329872537  
         52.487371000831999            1.999150769144258            0.000833921893929  
         52.608315217157248            1.999666282864002            0.000320063519898  
         52.729259433482497            1.998367856803729            0.001618954441065  
         52.850203649807746            1.999398345737377            0.000589664736103  
         52.971147866133002            1.999522346443454            0.000468125639294  
         53.092092082458251            1.999210400138134            0.000784460087389  
         53.213036298783500            1.999719533215651            0.000277958622006  
         53.333980515108749            1.998419421530641            0.001579085647128  
         53.454924731433998            1.999474933708248            0.000524937753768  
         53.575868947759247            1.999540794860947            0.000461658544490  
         53.696813164084496            1.999187774628421            0.000819059682493  
         53.817757380409752            1.999755874505309            0.000254030432478  
         53.938701596735001            1.998278765301410            0.001732117562578  
         54.059645813060250            1.999492444636512            0.000519375131492  
         54.180590029385499            1.999488570222023            0.000525326458633  
         54.301534245710748            1.999229641156861            0.000788037679686  
         54.422478462035997            1.999771952669583            0.000248622934259  
         54.543422678361246            1.998332250134605            0.001688646248583  
         54.664366894686502            1.999428138184623            0.000592710190943  
         54.785311111011751            1.999559991413496            0.000462005303497  
         54.906255327337000            1.999181480237958            0.000843163312709  
         55.027199543662249            1.999607931097233            0.000419026669024  
         55.148143759987498            1.998372043092143            0.001654134104586  
         55.269087976312747            1.999084162545903            0.000940700207330  
         55.390032192637996            1.999638270422952            0.000386741602333  
         55.510976408963252            1.999240896800079            0.000785344588770  
         55.631920625288501            1.999272627223017            0.000755106142502  
         55.752864841613750            1.998875690342146            0.001150006203005  
         55.873809057938999            1.998583909058204            0.001439128716297  
         55.994753274264248            1.999863467661038            0.000158884785506  
         56.115697490589497            1.999432798451427            0.000589475555399  
         56.236641706914746            1.998620014378269            0.001402785908106  
         56.357585923240002            1.999525338380278            0.000494407427841  
         56.478530139565251            1.998011479174974            0.002004541164735  
         56.599474355890500            1.999979454685759            0.000035284160898  
         56.720418572215749            1.999783425928793            0.000230494771687  
         56.841362788540998            1.998252813784250            0.001760565492085  
         56.962307004866247            1.999822120739126            0.000187619167611  
         57.083251221191496            1.998186767919226            0.001818628184940  
         57.204195437516752            1.999623785763644            0.000380016087559  
         57.325139653842001            1.999919275843969            0.000083594324000  
         57.446083870167250            1.998297667900519            0.001703832450503  
         57.567028086492499            1.998962819831030            0.001034924478905  
         57.687972302817748            1.998848117230645            0.001145277659846  
         57.808916519142997            1.999075728572450            0.000916180020166  
         57.929860735468246            1.999696981640966            0.000294397313676  
         58.050804951793502            1.999170935047957            0.000818723510969  
         58.171749168118751            1.998013032539070            0.001973131169242  
         58.292693384444000            1.999735648527055            0.000246769767692  
         58.413637600769249            1.998996889429519            0.000984405150123  
         58.534581817094498            1.999386215866575            0.000595511283840  
         58.655526033419747            1.999834656836431            0.000145497713695  
         58.776470249744996            1.997558059385509            0.002419324371038  
         58.897414466070252            1.999892391950425            0.000082376409500  
         59.018358682395501            1.999105001110526            0.000869265929338  
         59.139302898720750            1.999269978980868            0.000705998920385  
         59.260247115045999            1.999941485185121            0.000033615921140  
         59.381191331371248            1.997903990249266            0.002069341233473  
         59.502135547696497            1.999636371336593            0.000335675965477  
         59.623079764021746            1.999360124990864            0.000612315618004  
         59.744023980347002            1.999163544001109            0.000811836568935  
         59.864968196672251            1.999767309689632            0.000208387041281  
         59.985912412997500            1.998131809797658            0.001843302318484  
         60.106856629322749            1.999378145001682            0.000596943260005  
         60.227800845647998            1.999411452017542            0.000565047685439  
         60.348745061973247            1.999234889953282            0.000745492495309  
         60.469689278298496            1.999703991296283            0.000278022496280  
         60.590633494623752            1.998426725979341            0.001555781827448  
         60.711577710949001            1.999366277642075            0.000617104326246  
         60.832521927274250            1.999492126262836            0.000493416929227  
         60.953466143599499            1.999227717894084            0.000762236338119  
         61.074410359924748            1.999708847235341            0.000283798491548  
         61.195354576249997            1.998372626046664            0.001621248821734  
         61.316298792575246            1.999416493143195            0.000578658947895  
         61.437243008900502            1.999421155053185            0.000576368348733  
         61.558187225225751            1.999299464977494            0.000702460186568  
         61.679131441551000            1.999802208276419            0.000202882348064  
         61.800075657876249            1.998434134026212            0.001572320349963  
         61.921019874201498            1.999537999610999            0.000469490465294  
         62.041964090526747            1.999448820025618            0.000560603141655  
         62.162908306851996            1.999276732020619            0.000736494184547  
         62.283852523177252            1.999829451507777            0.000186778235185  
         62.404796739502501            1.998311200755498            0.001705904247233  
         62.525740955827750            1.999521526514283            0.000495858011277  
         62.646685172152999            1.999394111284595            0.000624279355588  
         62.767629388478248            1.999320343737234            0.000700766145268  
         62.888573604803497            1.999806630785507            0.000216786774845  
         63.009517821128746            1.998466819432234            0.001556463560346  
         63.130462037454002            1.999391153710110            0.000631254325456  
         63.251406253779251            1.999520958493157            0.000501349365608  
         63.372350470104500            1.999263302507489            0.000760309426924  
         63.493294686429749            1.999591031377069            0.000433970784882  
         63.614238902754998            1.998626007350166            0.001397607095436  
         63.735183119080247            1.998955936784030            0.001065600867374  
         63.856127335405496            1.999654025266106            0.000366449747421  
         63.977071551730752            1.999322967774520            0.000697437064268  
         64.098015768056001            1.999259003091404            0.000761808471156  
         64.218959984381243            1.999234170346683            0.000784095402366  
         64.339904200706499            1.998514259211078            0.001500861866618  
         64.460848417031755            1.999903244351624            0.000110144625429  
         64.581792633356997            1.999531561174020            0.000480759065824  
         64.702736849682253            1.998745656721786            0.001266173792121  
         64.823681066007495            1.999787015311016            0.000221525441227  
         64.944625282332751            1.998135036774248            0.001869712408500  
         65.065569498657993            1.999955276472820            0.000047483540759  
         65.186513714983249            1.999758262607611            0.000243002745062  
         65.307457931308505            1.998613646603869            0.001386514096250  
         65.428402147633747            1.999870457089737            0.000126156727592  
         65.549346363959003            1.998443143757377            0.001549509352119  
         65.670290580284245            1.999611082007094            0.000379795888429  
         65.791234796609501            1.999841467509280            0.000148011733976  
         65.912179012934743            1.998676710199864            0.001311567072470  
         66.033123229259999            1.999280054007174            0.000704969364312  
         66.154067445585255            1.998898599881617            0.001082869029092  
         66.275011661910497            1.999211099516424            0.000769252462127  
         66.395955878235753            1.999741206164452            0.000238389901886  
         66.516900094560995            1.999159481958630            0.000819294741220  
         66.637844310886251            1.998793459128660            0.001182858174176  
         66.758788527211493            1.999483315970095            0.000490351990034  
         66.879732743536749            1.999084219588736            0.000889216826915  
         67.000676959862005            1.999637848601076            0.000335977767205  
         67.121621176187247            1.999489271425806            0.000484521090557  
         67.242565392512503            1.998490109936012            0.001482468073185  
         67.363509608837745            1.999722853592576            0.000248330516275  
         67.484453825163001            1.999031984358985            0.000940022859503  
         67.605398041488243            1.999640128949961            0.000333582160404  
         67.726342257813499            1.999656513211792            0.000318260241268  
         67.847286474138755            1.998594356212564            0.001380558057244  
         67.968230690463997            1.999811257367294            0.000163560091849  
         68.089174906789253            1.999125227604780            0.000851416460532  
         68.210119123114495            1.999614153878483            0.000365352407721  
         68.331063339439751            1.999636732204053            0.000344973180325  
         68.452007555764993            1.998648726586234            0.001334350464365  
         68.572951772090249            1.999729529696872            0.000254472698439  
         68.693895988415505            1.999120831323386            0.000865711035027  
         68.814840204740747            1.999687319083956            0.000302800319709  
         68.935784421066003            1.999523597198106            0.000469511592859  
         69.056728637391245            1.998941667806787            0.001053565497851  
         69.177672853716501            1.999585371354723            0.000411252414134  
         69.298617070041743            1.999241304972785            0.000757954291340  
         69.419561286366999            1.999711731424799            0.000291247875761  
         69.540505502692255            1.999332447931999            0.000673664690686  
         69.661449719017497            1.999138804555804            0.000869585448252  
         69.782393935342753            1.999337134700985            0.000672428356471  
         69.903338151667995            1.999320873755468            0.000690787220712  
         70.024282367993251            1.999755838042239            0.000259032645096  
         70.145226584318493            1.999238404517420            0.000779070069144  
         70.266170800643749            1.999376186645125            0.000643030036389  
         70.387115016969005            1.999236456332172            0.000783089339216  
         70.508059233294247            1.999409123074790            0.000611443675581  
         70.629003449619503            1.999779874071963            0.000242888417656  
         70.749947665944745            1.999143790314237            0.000880525526094  
         70.870891882270001            1.999377077523507            0.000647985062462  
         70.991836098595243            1.999152737095182            0.000871462635741  
         71.112780314920499            1.999366793307453            0.000657120608959  
         71.233724531245755            1.999775082713148            0.000249820758826  
         71.354668747570997            1.999228075110197            0.000797081577231  
         71.475612963896253            1.999260493425265            0.000764197886328  
         71.596557180221495            1.999346023542245            0.000676585270348  
         71.717501396546751            1.999253054863544            0.000767984964177  
         71.838445612871993            1.999750879125652            0.000270072052985  
         71.959389829197249            1.999375702904307            0.000644269740774  
         72.080334045522505            1.998871775027424            0.001146632472265  
         72.201278261847747            1.999618703337000            0.000396688813679  
         72.322222478173003            1.999060941811823            0.000951977746957  
         72.443166694498245            1.999728445132851            0.000283622198954  
         72.564110910823501            1.999704160832704            0.000306083835191  
