#             time (fs)      |   total net charge (e)  |   charge (atom_1) (e)   |   charge (atom_2) (e)   |        ...        |   charge (atom_N) (e)   |
          0.000000000000000       -0.000000000000000       -0.000000000000000        0.000000000000000
          0.120944216325250        0.000000001631387       -0.099611805451069        0.099611807082455
          0.241888432650500        0.000000001307443        0.110957454197889       -0.110957452890446
          0.362832648975750       -0.000000000857987       -0.028950207284718        0.028950206426730
          0.483776865301000        0.000000000919182       -0.071349873476204        0.071349874395386
          0.604721081626250        0.000000002244146        0.100438210594440       -0.100438208350294
          0.725665297951500        0.000000000266151       -0.030552173794036        0.030552174060186
          0.846609514276750       -0.000000001919215       -0.079703667392275        0.079703665473060
          0.967553730602000       -0.000000003937765        0.136821626087687       -0.136821630025452
          1.088497946927250       -0.000000000135789       -0.093909893623184        0.093909893487395
          1.209442163252500        0.000000013034022       -0.009510113788884        0.009510126822906
          1.330386379577750        0.000000020436822        0.082774380369305       -0.082774359932483
          1.451330595903000        0.000000014370943       -0.061417934115903        0.061417948486846
          1.572274812228250        0.000000006790543       -0.036302164678720        0.036302171469264
          1.693219028553500        0.000000000576060        0.124731637986557       -0.124731637410498
          1.814163244878750       -0.000000001391727       -0.125592954840839        0.125592953449112
          1.935107461204000        0.000000010180054        0.036262606544345       -0.036262596364292
          2.056051677529250        0.000000024413237        0.068797981324328       -0.068797956911092
          2.176995893854500        0.000000022010532       -0.101857388403310        0.101857410413842
          2.297940110179750        0.000000010827091        0.037863424657659       -0.037863413830568
          2.418884326505000        0.000000000459325        0.062824784607888       -0.062824784148563
          2.539828542830250       -0.000000010478228       -0.106467948309527        0.106467937831299
          2.660772759155500       -0.000000012994067        0.048432958300550       -0.048432971294616
          2.781716975480750       -0.000000004515946        0.068110833907635       -0.068110838423582
          2.902661191806000       -0.000000001314060       -0.149729650005721        0.149729648691660
          3.023605408131250       -0.000000007690050        0.133298579427844       -0.133298587117894
          3.144549624456500       -0.000000014381653       -0.040456784257954        0.040456769876301
          3.265493840781750       -0.000000023603765       -0.040634776957896        0.040634753354131
          3.386438057107000       -0.000000033038031        0.032742748461150       -0.032742781499180
          3.507382273432250       -0.000000036108437        0.062466178532615       -0.062466214641051
          3.628326489757500       -0.000000036843556       -0.166023213771158        0.166023176927603
          3.749270706082750       -0.000000039391924        0.191098369170982       -0.191098408562906
          3.870214922408000       -0.000000040896918       -0.117499959633185        0.117499918736267
          3.991159138733250       -0.000000042425051        0.008414352499044       -0.008414394924094
          4.112103355058500       -0.000000044826780        0.045064825356084       -0.045064870182864
          4.233047571383750       -0.000000044900991       -0.002956683810848        0.002956638909858
          4.353991787709000       -0.000000042669365       -0.089239535284916        0.089239492615552
          4.474936004034250       -0.000000038246360        0.142213113138963       -0.142213151385322
          4.595880220359500       -0.000000033498145       -0.101470341390488        0.101470307892343
          4.716824436684750       -0.000000031206655       -0.006251021432102        0.006250990225448
          4.837768653010000       -0.000000026834777        0.098209630714206       -0.098209657548983
          4.958712869335250       -0.000000016123537       -0.107364333843780        0.107364317720243
          5.079657085660500       -0.000000001308005        0.039177144027389       -0.039177145335394
          5.200601301985750        0.000000017299111        0.035436301309780       -0.035436284010669
          5.321545518311000        0.000000039485128       -0.043350288074210        0.043350327559338
          5.442489734636251        0.000000056189644       -0.027338496387947        0.027338552577592
          5.563433950961501        0.000000067462945        0.119815795702817       -0.119815728239872
          5.684378167286750        0.000000083223463       -0.160084650686889        0.160084733910353
          5.805322383612000        0.000000104451477        0.120617784314966       -0.120617679863489
          5.926266599937250        0.000000128602959       -0.041732954876865        0.041733083479824
          6.047210816262500        0.000000161184112       -0.005085968196080        0.005086129380192
          6.168155032587750        0.000000195393823       -0.020458147338279        0.020458342732101
          6.289099248913001        0.000000220991846        0.094492743031804       -0.094492522039958
          6.410043465238251        0.000000242203372       -0.152638259960530        0.152638502163903
          6.530987681563500        0.000000265345471        0.147004105362310       -0.147003840016839
          6.651931897888750        0.000000288234351       -0.085667629450273        0.085667917684624
          6.772876114214000        0.000000317069267        0.023466804223690       -0.023466487154423
          6.893820330539250        0.000000350915562       -0.013479837746389        0.013480188661952
          7.014764546864500        0.000000379513166        0.061846441184469       -0.061846061671303
          7.135708763189751        0.000000399632823       -0.124495168981374        0.124495568614197
          7.256652979515001        0.000000417670957        0.147299378958959       -0.147298961288002
          7.377597195840250        0.000000434139875       -0.112052629559361        0.112053063699237
          7.498541412165500        0.000000451176115        0.050237914163529       -0.050237462987413
          7.619485628490750        0.000000468558999       -0.014312066643029        0.014312535202027
          7.740429844816000        0.000000482189783        0.032287946379287       -0.032287464189504
          7.861374061141250        0.000000489654934       -0.084479194408106        0.084479684063040
          7.982318277466501        0.000000493757695        0.122543251917235       -0.122542758159541
          8.103262493791750        0.000000494961042       -0.111524746351685        0.111525241312727
          8.224206710117000        0.000000492405019        0.059040597941555       -0.059040105536536
          8.345150926442249        0.000000485830971       -0.007468065509149        0.007468551340119
          8.466095142767500        0.000000475884584       -0.003026244762063        0.003026720646647
          8.587039359092751        0.000000465149066       -0.031019562070641        0.031020027219708
          8.707983575418000        0.000000453594706        0.074996407123027       -0.074995953528321
          8.828927791743251        0.000000437229413       -0.086989380033432        0.086989817262845
          8.949872008068500        0.000000413583697        0.053845845308407       -0.053845431724710
          9.070816224393750        0.000000385330171       -0.001713284294014        0.001713669624185
          9.191760440718999        0.000000355128591       -0.026958534830332        0.026958889958923
          9.312704657044250        0.000000327488380        0.010481034620073       -0.010480707131693
          9.433648873369501        0.000000303424206        0.034267629812736       -0.034267326388531
          9.554593089694750        0.000000276698922       -0.067313087276012        0.067313363974934
          9.675537306020001        0.000000242507767        0.060493926327149       -0.060493683819382
          9.796481522345250        0.000000204604753       -0.021161243949093        0.021161448553846
          9.917425738670500        0.000000165969793       -0.014615091426824        0.014615257396617
         10.038369954995749        0.000000130344733        0.013992092415723       -0.013991962070989
         10.159314171321000        0.000000100643563        0.024532871697067       -0.024532771053504
         10.280258387646251        0.000000073705002       -0.070505893099712        0.070505966804714
         10.401202603971500        0.000000044024869        0.088620688202298       -0.088620644177429
         10.522146820296751        0.000000013101991       -0.068747987712351        0.068748000814342
         10.643091036622000       -0.000000017663319        0.033991003353754       -0.033991021017074
         10.764035252947250       -0.000000045926963       -0.019554301607698        0.019554255680734
         10.884979469272501       -0.000000069663908        0.041982372196200       -0.041982441860108
         11.005923685597750       -0.000000088448120       -0.085170595994041        0.085170507545921
         11.126867901923001       -0.000000104976813        0.115384381459201       -0.115384486436014
         11.247812118248250       -0.000000119342923       -0.110421347496960        0.110421228154037
         11.368756334573501       -0.000000131932681        0.077944794457417       -0.077944926390099
         11.489700550898750       -0.000000142107227       -0.047282314007224        0.047282171899996
         11.610644767224001       -0.000000149541019        0.043370599731257       -0.043370749272276
         11.731588983549251       -0.000000153439761       -0.065459803970183        0.065459650530422
         11.852533199874500       -0.000000154212056        0.089312906594520       -0.089313060806576
         11.973477416199751       -0.000000152408853       -0.089269978311760        0.089269825902907
         12.094421632525000       -0.000000148569240        0.060366438627699       -0.060366587196939
         12.215365848850251       -0.000000142864113       -0.021177158169687        0.021177015305574
         12.336310065175500       -0.000000134576573       -0.003236194523234        0.003236059946662
         12.457254281500751       -0.000000123285880        0.002746444109208       -0.002746567395089
         12.578198497826001       -0.000000109757250        0.010875943186691       -0.010876052943941
         12.699142714151250       -0.000000094925714       -0.015990458039932        0.015990363114217
         12.820086930476501       -0.000000080138619        0.000540193086036       -0.000540273224655
         12.941031146801750       -0.000000065920161        0.028641170588676       -0.028641236508836
         13.061975363127001       -0.000000051482442       -0.053342660467044        0.053342608984603
         13.182919579452250       -0.000000035106115        0.060364095495426       -0.060364130601542
         13.303863795777501       -0.000000017955115       -0.051826763744596        0.051826745789482
         13.424808012102751       -0.000000000060814        0.041590132104453       -0.041590132165267
         13.545752228428000        0.000000016333034       -0.042210435465578        0.042210451798612
         13.666696444753251        0.000000030905864        0.054750830251247       -0.054750799345383
         13.787640661078500        0.000000042990453       -0.069607329946485        0.069607372936938
         13.908584877403751        0.000000054926796        0.076204618084754       -0.076204563157958
         14.029529093729000        0.000000065963114       -0.071920447994602        0.071920513957716
         14.150473310054251        0.000000077239493        0.062924278521802       -0.062924201282310
         14.271417526379501        0.000000086641527       -0.057441162072873        0.057441248714400
         14.392361742704750        0.000000094560241        0.058533559459155       -0.058533464898914
         14.513305959030001        0.000000099893700       -0.062646969103991        0.062647068997691
         14.634250175355250        0.000000104368415        0.064195094894099       -0.064194990525684
         14.755194391680501        0.000000107496879       -0.060803367976254        0.060803475473133
         14.876138608005750        0.000000110251020        0.054434528307834       -0.054434418056815
         14.997082824331001        0.000000111652704       -0.048175682684293        0.048175794336996
         15.118027040656251        0.000000112384634        0.042852310627386       -0.042852198242751
         15.238971256981500        0.000000112307091       -0.036882032684075        0.036882144991165
         15.359915473306751        0.000000112070045        0.029145213721043       -0.029145101650998
         15.480859689632000        0.000000111659971       -0.020978058899495        0.020978170559466
         15.601803905957251        0.000000111353019        0.014894207500822       -0.014894096147804
         15.722748122282500        0.000000111507304       -0.011188258212001        0.011188369719305
         15.843692338607751        0.000000112315148        0.006696522616677       -0.006696410301528
         15.964636554933001        0.000000113850458        0.002464982255976       -0.002464868405518
         16.085580771258250        0.000000116037723       -0.016179042024215        0.016179158061939
         16.206524987583499        0.000000119329164        0.028992771458158       -0.028992652128994
         16.327469203908752        0.000000124594613       -0.034225689409641        0.034225814004254
         16.448413420234001        0.000000132018252        0.030668253013009       -0.030668120994757
         16.569357636559250        0.000000141187538       -0.024923545897573        0.024923687085112
         16.690301852884499        0.000000150689930        0.026512257382761       -0.026512106692832
         16.811246069209751        0.000000160792091       -0.038831030912612        0.038831191704703
         16.932190285535000        0.000000172184418        0.054722218674762       -0.054722046490344
         17.053134501860249        0.000000186890514       -0.061455047144325        0.061455234034839
         17.174078718185502        0.000000204480831        0.052226480643223       -0.052226276162392
         17.295022934510751        0.000000224575275       -0.033450906030633        0.033451130605909
         17.415967150836000        0.000000243980646        0.020739808165066       -0.020739564184420
         17.536911367161249        0.000000262190188       -0.025293974778779        0.025294236968967
         17.657855583486501        0.000000280118690        0.042810118730700       -0.042809838612010
         17.778799799811750        0.000000299845758       -0.055350734466843        0.055351034312601
         17.899744016136999        0.000000321651338        0.046599558741179       -0.046599237089841
         18.020688232462252        0.000000346113247       -0.017122028942328        0.017122375055575
         18.141632448787501        0.000000370151477       -0.014176779561481        0.014177149712959
         18.262576665112750        0.000000391098524        0.025636182649976       -0.025635791551452
         18.383520881437999        0.000000409490824       -0.012362048850918        0.012362458341741
         18.504465097763251        0.000000426083332       -0.007570288030401        0.007570714113733
         18.625409314088500        0.000000441840571        0.007868813509338       -0.007868371668767
         18.746353530413749        0.000000457719455        0.022403977834153       -0.022403520114699
         18.867297746739002        0.000000473022700       -0.067213578913695        0.067214051936395
         18.988241963064251        0.000000485570893        0.095855838689216       -0.095855353118322
         19.109186179389500        0.000000495340842       -0.089323297005584        0.089323792346426
         19.230130395714749        0.000000501901480        0.058123014823244       -0.058122512921765
         19.351074612040001        0.000000505339527       -0.034486353980252        0.034486859319779
         19.472018828365250        0.000000505695637        0.044419765946743       -0.044419260251106
         19.592963044690499        0.000000502694013       -0.083588333684279        0.083588836378292
         19.713907261015752        0.000000496304955        0.119539684750144       -0.119539188445189
         19.834851477341001        0.000000486561674       -0.119442681986768        0.119443168548442
         19.955795693666250        0.000000473898250        0.079468627191436       -0.079468153293186
         20.076739909991499        0.000000458340952       -0.029597485672191        0.029597944013144
         20.197684126316751        0.000000441752210        0.008593231776606       -0.008592790024396
         20.318628342642000        0.000000423583864       -0.030107252599805        0.030107676183669
         20.439572558967249        0.000000402488650        0.069810530690054       -0.069810128201405
         20.560516775292502        0.000000377491663       -0.086152655826339        0.086153033318002
         20.681460991617751        0.000000348125053        0.056993782201171       -0.056993434076117
         20.802405207943000        0.000000313880130        0.000127467760639       -0.000127153880509
         20.923349424268253        0.000000281017460       -0.042391206626239        0.042391487643699
         21.044293640593501        0.000000252843821        0.038454126497139       -0.038453873653318
         21.165237856918750        0.000000225964402        0.003744501402558       -0.003744275438156
         21.286182073243999        0.000000198411866       -0.043165561892471        0.043165760304337
         21.407126289569252        0.000000167615152        0.041222317761347       -0.041222150146195
         21.528070505894501        0.000000129750075        0.004092614203431       -0.004092484453356
         21.649014722219750        0.000000091185773       -0.056074521749494        0.056074612935267
         21.769958938545003        0.000000060570402        0.070714932715662       -0.070714872145260
         21.890903154870252        0.000000036279390       -0.035010267567205        0.035010303846595
         22.011847371195501        0.000000015240616       -0.020968799991005        0.020968815231621
         22.132791587520749       -0.000000005511679        0.049476935908400       -0.049476941420079
         22.253735803846002       -0.000000030576546       -0.026883034530346        0.026883003953800
         22.374680020171251       -0.000000057013823       -0.025394042417024        0.025393985403202
         22.495624236496500       -0.000000076808949        0.058962373925239       -0.058962450734188
         22.616568452821753       -0.000000088912025       -0.040127414307186        0.040127325395161
         22.737512669147002       -0.000000097237434       -0.020188705771111        0.020188608533678
         22.858456885472251       -0.000000104123216        0.074555951859074       -0.074556055982290
         22.979401101797500       -0.000000110652497       -0.079956454994242        0.079956344341745
         23.100345318122752       -0.000000114690940        0.035562139325134       -0.035562254016073
         23.221289534448001       -0.000000113999112        0.015816494091597       -0.015816608090709
         23.342233750773250       -0.000000110817167       -0.024025485906876        0.024025375089708
         23.463177967098503       -0.000000107285815       -0.024618976958059        0.024618869672245
         23.584122183423752       -0.000000102180398        0.093554386920809       -0.093554489101208
         23.705066399749001       -0.000000093591074       -0.126631110507860        0.126631016916786
         23.826010616074250       -0.000000079714670        0.097098523609845       -0.097098603324516
         23.946954832399502       -0.000000060631070       -0.031889140101921        0.031889079470852
         24.067899048724751       -0.000000046351321       -0.010076413447625        0.010076367096304
         24.188843265050000       -0.000000038531859       -0.011668749398801        0.011668710866942
         24.309787481375253       -0.000000029121648        0.082125301777275       -0.082125330898922
         24.430731697700502       -0.000000014757046       -0.141745067246461        0.141745052489415
         24.551675914025751        0.000000003028438        0.137766076619297       -0.137766073590859
         24.672620130351000        0.000000028459359       -0.071034302666366        0.071034331125724
         24.793564346676252        0.000000049127368       -0.002569172872057        0.002569221999425
         24.914508563001501        0.000000056150589        0.018823834711122       -0.018823778560533
         25.035452779326750        0.000000059547617        0.037966165198159       -0.037966105650542
         25.156396995652003        0.000000066989876       -0.118205713262544        0.118205780252421
         25.277341211977252        0.000000074978393        0.148511162697742       -0.148511087719349
         25.398285428302501        0.000000091109231       -0.095995768586659        0.095995859695890
         25.519229644627750        0.000000111043859       -0.001170208947719        0.001170319991578
         25.640173860953002        0.000000119821765        0.064540300077658       -0.064540180255892
         25.761118077278251        0.000000117705968       -0.042960222802539        0.042960340508506
         25.882062293603500        0.000000114655251       -0.040274702062876        0.040274816718127
         26.003006509928753        0.000000110388293        0.104845720176337       -0.104845609788044
         26.123950726254002        0.000000108952578       -0.083197288630422        0.083197397582999
         26.244894942579251        0.000000114442716       -0.018669731314939        0.018669845757654
         26.365839158904500        0.000000119934203        0.124082596412888       -0.124082476478685
         26.486783375229752        0.000000119089323       -0.150729929677426        0.150730048766749
         26.607727591555001        0.000000115962267        0.082524329850141       -0.082524213887874
         26.728671807880250        0.000000112771355        0.014033722834438       -0.014033610063084
         26.849616024205503        0.000000108893037       -0.046515378563015        0.046515487456051
         26.970560240530752        0.000000107507586       -0.021551014032287        0.021551121539873
         27.091504456856001        0.000000107554625        0.136550537125849       -0.136550429571225
         27.212448673181250        0.000000107841734       -0.200697385440044        0.200697493281779
         27.333392889506502        0.000000108885116        0.156977108571746       -0.156976999686630
         27.454337105831751        0.000000109575552       -0.039514416611976        0.039514526187529
         27.575281322157000        0.000000112499293       -0.054814079497313        0.054814191996606
         27.696225538482253        0.000000121416826        0.049711970297077       -0.049711848880251
         27.817169754807502        0.000000133080319        0.043116890664705       -0.043116757584385
         27.938113971132751        0.000000147211563       -0.133752955408420        0.133753102619983
         28.059058187458000        0.000000164691045        0.133205502836414       -0.133205338145369
         28.180002403783252        0.000000174432668       -0.031754752882622        0.031754927315290
         28.300946620108501        0.000000181729476       -0.092928456851411        0.092928638580887
         28.421890836433750        0.000000200821330        0.142819372182573       -0.142819171361243
         28.542835052759003        0.000000227428769       -0.084018746104483        0.084018973533251
         28.663779269084252        0.000000258269557       -0.023717164939837        0.023717423209394
         28.784723485409501        0.000000297928021        0.078831242914913       -0.078830944986892
         28.905667701734750        0.000000333125644       -0.027217704179542        0.027218037305186
         29.026611918060002        0.000000353048524       -0.091078765203095        0.091079118251620
         29.147556134385251        0.000000375443399        0.177988460516124       -0.177988085072726
         29.268500350710500        0.000000406213489       -0.162575214160815        0.162575620374304
         29.389444567035753        0.000000440078244        0.061576988402971       -0.061576548324727
         29.510388783361002        0.000000481773683        0.034654499866388       -0.034654018092706
         29.631332999686251        0.000000529924515       -0.040626160551697        0.040626690476211
         29.752277216011500        0.000000564505293       -0.049608463001068        0.049609027506361
         29.873221432336752        0.000000587807637        0.157953026282504       -0.157952438474867
         29.994165648662001        0.000000613340529       -0.191261623888781        0.191262237229310
         30.115109864987250        0.000000639769847        0.120899156871711       -0.120898517101864
         30.236054081312503        0.000000666119962       -0.007575888979574        0.007576555099535
         30.356998297637752        0.000000697049438       -0.050529029325178        0.050529726374616
         30.477942513963001        0.000000722165364        0.003176822253006       -0.003176100087642
         30.598886730288250        0.000000735197339        0.107392796224866       -0.107392061027528
         30.719830946613502        0.000000744141791       -0.184202014287822        0.184202758429613
         30.840775162938751        0.000000749460722        0.158908740976543       -0.158907991515822
         30.961719379264000        0.000000749271883       -0.050759918945100        0.050760668216984
         31.082663595589253        0.000000744335304       -0.048498170973759        0.048498915309063
         31.203607811914502        0.000000734259234        0.053311394476454       -0.053310660217220
         31.324552028239751        0.000000722612844        0.039784624505404       -0.039783901892560
         31.445496244565000        0.000000710337767       -0.148950976683117        0.148951687020884
         31.566440460890252        0.000000686672343        0.177641473292462       -0.177640786620119
         31.687384677215501        0.000000651951601       -0.097586170768712        0.097586822720313
         31.808328893540750        0.000000609249131       -0.024620077996383        0.024620687245514
         31.929273109866003        0.000000557130966        0.082787538591852       -0.082786981460886
         32.050217326191252        0.000000509618079       -0.024381513728501        0.024382023346580
         32.171161542516501        0.000000475251572       -0.101974168856913        0.101974644108485
         32.292105758841750        0.000000432410388        0.187904485063620       -0.187904052653233
         32.413049975166999        0.000000371912495       -0.158128179780023        0.158128551692518
         32.533994191492248        0.000000305250994        0.036934062211122       -0.036933756960128
         32.654938407817504        0.000000229195641        0.069083073825104       -0.069082844629462
         32.775882624142753        0.000000149825973       -0.062763482522880        0.062763632348853
         32.896826840468002        0.000000090189712       -0.056414999029099        0.056415089218811
         33.017771056793251        0.000000039726611        0.189463582197992       -0.189463542471381
         33.138715273118500       -0.000000023161634       -0.222850769021570        0.222850745859936
         33.259659489443749       -0.000000088807347        0.126596312715099       -0.126596401522446
         33.380603705768998       -0.000000153599343        0.016739117526506       -0.016739271125849
         33.501547922094254       -0.000000232280188       -0.080887870050768        0.080887637770580
         33.622492138419503       -0.000000304833186        0.006717273332443       -0.006717578165629
         33.743436354744752       -0.000000358745950        0.141947358165595       -0.141947716911545
         33.864380571070001       -0.000000410780421       -0.232335574792033        0.232335164011612
         33.985324787395250       -0.000000460752255        0.178121834400674       -0.178122295152929
         34.106269003720499       -0.000000497730509       -0.015826933799558        0.015826436069049
         34.227213220045748       -0.000000539572610       -0.124702485973546        0.124701946400936
         34.348157436371004       -0.000000589744389        0.130867604324274       -0.130868194068662
         34.469101652696253       -0.000000628390412       -0.007137149704286        0.007136521313874
         34.590045869021502       -0.000000656787395       -0.126242739226975        0.126242082439579
         34.710990085346751       -0.000000677623178        0.138179261319569       -0.138179938942747
         34.831934301672000       -0.000000688096010       -0.003500988673629        0.003500300577620
         34.952878517997249       -0.000000693937032       -0.173949453317580        0.173948759380548
         35.073822734322498       -0.000000699027572        0.250841277319119       -0.250841976346691
         35.194766950647754       -0.000000701135323       -0.167818458743238        0.167817757607915
         35.315711166973003       -0.000000698809540        0.001120001060322       -0.001120699869861
         35.436655383298252       -0.000000688030894        0.102446749625546       -0.102447437656441
         35.557599599623501       -0.000000665210720       -0.053674094839048        0.053673429628328
         35.678543815948750       -0.000000637627545       -0.100214199741381        0.100213562113836
         35.799488032273999       -0.000000602892956        0.217731314048572       -0.217731916941528
         35.920432248599248       -0.000000563476188       -0.188393778028531        0.188393214552343
         36.041376464924504       -0.000000533313696        0.028159783425009       -0.028160316738705
         36.162320681249753       -0.000000501812050        0.135622059021356       -0.135622560833406
         36.283264897575002       -0.000000454433744       -0.174301885974759        0.174301431541015
         36.404209113900251       -0.000000400592849        0.067914879975655       -0.067915280568504
         36.525153330225500       -0.000000342564454        0.077870960067453       -0.077871302631907
         36.646097546550749       -0.000000270914126       -0.125546832476076        0.125546561561950
         36.767041762875998       -0.000000208593152        0.026262776690724       -0.026262985283876
         36.887985979201254       -0.000000166632926        0.139313096965980       -0.139313263598907
         37.008930195526503       -0.000000116653438       -0.234559437108777        0.234559320455339
         37.129874411851752       -0.000000059060851        0.184346152290977       -0.184346211351828
         37.250818628177001       -0.000000006611728       -0.038311607703467        0.038311601091739
         37.371762844502250        0.000000059422932       -0.073197563184418        0.073197622607351
         37.492707060827499        0.000000135664612        0.052104599100258       -0.052104463435647
         37.613651277152748        0.000000191396636        0.081918974945814       -0.081918783549179
         37.734595493478004        0.000000235192596       -0.211737762614150        0.211737997806746
         37.855539709803253        0.000000281354235        0.226371458538682       -0.226371177184447
         37.976483926128502        0.000000317098929       -0.115418285638995        0.115418602737924
         38.097428142453751        0.000000353558841       -0.024162018690687        0.024162372249528
         38.218372358779000        0.000000403416354        0.071428864107415       -0.071428460691061
         38.339316575104249        0.000000448233648        0.013437398756087       -0.013436950522438
         38.460260791429498        0.000000476949637       -0.154883248574108        0.154883725523745
         38.581205007754754        0.000000500811905        0.229953599214409       -0.229953098402504
         38.702149224080003        0.000000517154488       -0.174972440886167        0.174972958040654
         38.823093440405252        0.000000527055877        0.038276291637181       -0.038275764581304
         38.944037656730501        0.000000537498816        0.061451472935907       -0.061450935437091
         39.064981873055750        0.000000545938871       -0.037240436072161        0.037240982011032
         39.185926089380999        0.000000548927644       -0.089610729441190        0.089611278368835
         39.306870305706248        0.000000548090544        0.208441797223475       -0.208441249132931
         39.427814522031504        0.000000541695567       -0.216656918354609        0.216657460050176
         39.548758738356753        0.000000531487405        0.107018397059450       -0.107017865572046
         39.669702954682002        0.000000515684844        0.025983814559132       -0.025983298874288
         39.790647171007251        0.000000487371035       -0.066413178955299        0.066413666326334
         39.911591387332500        0.000000459858219       -0.022087551422646        0.022088011280865
         40.032535603657749        0.000000441197100        0.162627760023885       -0.162627318826785
         40.153479819982998        0.000000419708503       -0.232955248392522        0.232955668101025
         40.274424036308254        0.000000395731754        0.170911690932499       -0.170911295200744
         40.395368252633503        0.000000374164405       -0.028293456916663        0.028293831081068
         40.516312468958752        0.000000335193569       -0.072297304200159        0.072297639393728
         40.637256685284001        0.000000285079068        0.042429597203833       -0.042429312124765
         40.758200901609250        0.000000250612020        0.092244914340456       -0.092244663728436
         40.879145117934499        0.000000223227619       -0.213092298219860        0.213092521447479
         41.000089334259748        0.000000193901721        0.211701949501150       -0.211701755599429
         41.121033550585004        0.000000177471170       -0.084122128267196        0.084122305738366
         41.241977766910253        0.000000159267320       -0.064956175206011        0.064956334473331
         41.362921983235502        0.000000117088030        0.110549177092867       -0.110549060004837
         41.483866199560751        0.000000075555145       -0.016896683600992        0.016896759156137
         41.604810415886000        0.000000045929309       -0.128235771657512        0.128235817586821
         41.725754632211249        0.000000016141603        0.189052605678422       -0.189052589536819
         41.846698848536505       -0.000000002627040       -0.101269093857542        0.101269091230501
         41.967643064861754       -0.000000005860691       -0.071328625662794        0.071328619802103
         42.088587281187003       -0.000000018148572        0.191125734832947       -0.191125752981519
         42.209531497512252       -0.000000041077332       -0.164664426169988        0.164664385092656
         42.330475713837501       -0.000000057468726        0.024477497934248       -0.024477555402974
         42.451419930162750       -0.000000073565975        0.097163066924482       -0.097163140490457
         42.572364146487999       -0.000000087873896       -0.084241428046844        0.084241340172947
         42.693308362813255       -0.000000092551165       -0.059859959942541        0.059859867391377
         42.814252579138504       -0.000000094507149        0.214661379163017       -0.214661473670166
         42.935196795463753       -0.000000098196126       -0.248183615913081        0.248183517716956
         43.056141011789002       -0.000000099850726        0.130536203486243       -0.130536303336969
         43.177085228114251       -0.000000100714014        0.040331602465781       -0.040331703179795
         43.298029444439500       -0.000000101947907       -0.123286863939543        0.123286761991637
         43.418973660764749       -0.000000099444678        0.056056832818133       -0.056056932262811
         43.539917877090005       -0.000000095323683        0.090089089815386       -0.090089185139070
         43.660862093415254       -0.000000087382574       -0.174610887825675        0.174610800443101
         43.781806309740503       -0.000000079569937        0.111805115053421       -0.111805194623358
         43.902750526065752       -0.000000081421925        0.055085954723537       -0.055086036145462
         44.023694742391001       -0.000000081401228       -0.194033915673065        0.194033834271837
         44.144638958716250       -0.000000072654671        0.198279295493876       -0.198279368148548
         44.265583175041499       -0.000000064665943       -0.077056858229206        0.077056793563263
         44.386527391366755       -0.000000053968666       -0.054429115865370        0.054429061896704
         44.507471607692004       -0.000000033174813        0.076217802437597       -0.076217835612410
         44.628415824017253       -0.000000021361804        0.031722076634320       -0.031722097996124
         44.749360040342502       -0.000000022401798       -0.175155265526273        0.175155243124476
         44.870304256667751       -0.000000018276528        0.230993338831900       -0.230993357108429
         44.991248472993000       -0.000000016703183       -0.153678979077470        0.153678962374287
         45.112192689318249       -0.000000020844935        0.011264178105802       -0.011264198950737
         45.233136905643505       -0.000000007912522        0.075136065022790       -0.075136072935313
         45.354081121968754        0.000000016811594       -0.035970758201983        0.035970775013578
         45.475025338294003        0.000000030606208       -0.087967811867559        0.087967842473767
         45.595969554619252        0.000000039283030        0.184187320448463       -0.184187281165433
         45.716913770944501        0.000000043420465       -0.168399320489276        0.168399363909741
         45.837857987269750        0.000000032086744        0.055077576395225       -0.055077544308481
         45.958802203594999        0.000000027547919        0.058446227022295       -0.058446199474376
         46.079746419920255        0.000000042931689       -0.076737066491475        0.076737109423164
         46.200690636245504        0.000000059837106       -0.012421949289308        0.012422009126414
         46.321634852570753        0.000000069710275        0.128665546492198       -0.128665476781923
         46.442579068896002        0.000000076122634       -0.171403833387986        0.171403909510620
         46.563523285221251        0.000000071691522        0.106654476706012       -0.106654405014490
         46.684467501546500        0.000000064902188        0.006487367938383       -0.006487303036195
         46.805411717871749        0.000000068283998       -0.068820526592356        0.068820594876354
         46.926355934197005        0.000000076051636        0.025757769985839       -0.025757693934203
         47.047300150522254        0.000000080356664        0.085447271202771       -0.085447190846106
         47.168244366847503        0.000000082164825       -0.169546743228580        0.169546825393405
         47.289188583172752        0.000000081784643        0.156787094246817       -0.156787012462174
         47.410132799498001        0.000000081972787       -0.061891273438957        0.061891355411743
         47.531077015823250        0.000000082675632       -0.030642446365418        0.030642529041050
         47.652021232148499        0.000000078413936        0.038870350981888       -0.038870272567951
         47.772965448473755        0.000000073031674        0.045439088174075       -0.045439015142401
         47.893909664799004        0.000000070306461       -0.149762065517563        0.149762135824024
         48.014853881124253        0.000000068912671        0.184774575316794       -0.184774506404123
         48.135798097449502        0.000000071104431       -0.121687465924155        0.121687537028585
         48.256742313774751        0.000000074960392        0.015836798755960       -0.015836723795568
         48.377686530100000        0.000000065868275        0.040589137682362       -0.040589071814087
         48.498630746425249        0.000000049747222        0.001798191027418       -0.001798141280196
         48.619574962750505        0.000000040995743       -0.105901197186791        0.105901238182533
         48.740519179075754        0.000000036641050        0.180393746424164       -0.180393709783114
         48.861463395401003        0.000000034518944       -0.159671392289833        0.159671426808777
         48.982407611726252        0.000000040627910        0.059944076667657       -0.059944036039747
         49.103351828051501        0.000000038684276        0.034574157357199       -0.034574118672923
         49.224296044376750        0.000000020867248       -0.044090856485810        0.044090877353058
         49.345240260701999        0.000000004413024       -0.036992153933061        0.036992158346085
         49.466184477027255       -0.000000006226843        0.133943765655149       -0.133943771881993
         49.587128693352504       -0.000000015835924       -0.157316091459190        0.157316075623266
         49.708072909677753       -0.000000015643799        0.080650375895942       -0.080650391539741
         49.829017126003002       -0.000000011007250        0.036722982213502       -0.036722993220751
         49.949961342328251       -0.000000017619709       -0.101142544795560        0.101142527175851
         50.070905558653500       -0.000000030864012        0.065192860518992       -0.065192891383004
         50.191849774978749       -0.000000042050780        0.030290692385967       -0.030290734436746
         50.312793991304005       -0.000000052651022       -0.091970123378533        0.091970070727511
         50.433738207629254       -0.000000059102053        0.056001170582767       -0.056001229684820
         50.554682423954503       -0.000000059659658        0.055876181196273       -0.055876240855932
         50.675626640279752       -0.000000060423455       -0.156168121667711        0.156168061244256
         50.796570856605001       -0.000000063509054        0.167314693895874       -0.167314757404928
         50.917515072930250       -0.000000066173661       -0.088188371100788        0.088188304927128
         51.038459289255499       -0.000000068022855       -0.005956963749607        0.005956895726752
         51.159403505580755       -0.000000068206080        0.029487806198373       -0.029487874404453
         51.280347721906004       -0.000000066063721        0.038506192523283       -0.038506258587004
         51.401291938231253       -0.000000063657800       -0.137205025292367        0.137204961634567
         51.522236154556502       -0.000000060298975        0.178774239709022       -0.178774300007997
         51.643180370881751       -0.000000056735929       -0.124974477083380        0.124974420347451
         51.764124587207000       -0.000000054805835        0.018480970172619       -0.018481024978454
         51.885068803532249       -0.000000048399903        0.055483257679395       -0.055483306079298
         52.006013019857505       -0.000000035001521       -0.042983096103275        0.042983061101753
         52.126957236182754       -0.000000019870362       -0.033425362997378        0.033425343127016
         52.247901452508003       -0.000000003301256        0.096712399691202       -0.096712402992458
         52.368845668833252        0.000000012734934       -0.084208757391263        0.084208770126196
         52.489789885158501        0.000000019606041        0.000937196287524       -0.000937176681483
         52.610734101483750        0.000000025221396        0.087537764357550       -0.087537739136154
         52.731678317808999        0.000000041179074       -0.113364468677212        0.113364509856286
         52.852622534134255        0.000000062827834        0.063812849567181       -0.063812786739347
         52.973566750459504        0.000000088119487        0.009913275584580       -0.009913187465093
         53.094510966784753        0.000000115911124       -0.039080672493537        0.039080788404661
         53.215455183110002        0.000000135522904       -0.002961159605139        0.002961295128043
         53.336399399435251        0.000000144569126        0.080077559066563       -0.080077414497437
         53.457343615760500        0.000000156685783       -0.127524928859200        0.127525085544983
         53.578287832085749        0.000000174937996        0.107968382459120       -0.107968207521125
         53.699232048411005        0.000000197679373       -0.041847004132769        0.041847201812143
         53.820176264736254        0.000000223050784       -0.012340205979609        0.012340429030393
         53.941120481061503        0.000000245237021        0.009474627373659       -0.009474382136638
         54.062064697386752        0.000000256961278        0.044139974793089       -0.044139717831810
         54.183008913712001        0.000000264829245       -0.098870428433222        0.098870693262468
         54.303953130037250        0.000000275658353        0.105829442382392       -0.105829166724038
         54.424897346362499        0.000000289194346       -0.058057170199596        0.058057459393942
         54.545841562687755        0.000000302234669       -0.005175208547930        0.005175510782599
         54.666785779013004        0.000000312674287        0.033400012197072       -0.033399699522785
         54.787729995338253        0.000000317798574       -0.008624101365778        0.008624419164353
         54.908674211663502        0.000000319669029       -0.040920143118736        0.040920462787766
         55.029618427988751        0.000000320898750        0.066800057367171       -0.066799736468421
         55.150562644314000        0.000000319917896       -0.042222732081628        0.042223051999525
         55.271506860639249        0.000000315977608       -0.015810170595216        0.015810486572824
         55.392451076964505        0.000000309736869        0.062025782336361       -0.062025472599492
         55.513395293289754        0.000000302666569       -0.062620540091663        0.062620842758233
         55.634339509615003        0.000000296818575        0.023543953868064       -0.023543657049488
         55.755283725940252        0.000000288931761        0.016016630220019       -0.016016341288258
         55.876227942265501        0.000000274336330       -0.018092520438358        0.018092794774687
         55.997172158590750        0.000000255032454       -0.021759721576441        0.021759976608896
         56.118116374915999        0.000000235352893        0.071135446884543       -0.071135211531649
         56.239060591241255        0.000000216929039       -0.089702284381895        0.089702501310934
         56.360004807566504        0.000000202765289        0.063916731086519       -0.063916528321231
         56.480949023891753        0.000000188767028       -0.017911353582999        0.017911542350027
         56.601893240217002        0.000000168994481       -0.008238722733672        0.008238891728153
         56.722837456542251        0.000000143492100       -0.006996958338489        0.006997101830589
         56.843781672867500        0.000000117827913        0.048234924339968       -0.048234806512055
         56.964725889192749        0.000000094246080       -0.077352155663154        0.077352249909234
         57.085670105518005        0.000000075535053        0.066778798523557       -0.066778722988504
         57.206614321843254        0.000000060290991       -0.022993576273568        0.022993636564559
         57.327558538168503        0.000000044385912       -0.020183164601471        0.020183208987383
         57.448502754493752        0.000000024718747        0.031121837428345       -0.031121812709597
         57.569446970819001        0.000000003696025       -0.007564925712203        0.007564929408228
         57.690391187144250       -0.000000015476387       -0.022393008042261        0.022392992565874
         57.811335403469499       -0.000000031277962        0.025409071545917       -0.025409102823879
         57.932279619794755       -0.000000043044839        0.007959652068001       -0.007959695112840
         58.053223836120004       -0.000000052089445       -0.056024568226551        0.056024516137105
         58.174168052445253       -0.000000060567523        0.085462626646358       -0.085462687213881
         58.295112268770502       -0.000000069027674       -0.080057473410063        0.080057404382389
         58.416056485095751       -0.000000075765875        0.053397220487048       -0.053397296252923
         58.537000701421000       -0.000000080670438       -0.035703723853613        0.035703643183175
         58.657944917746249       -0.000000083231105        0.046821425423030       -0.046821508654135
         58.778889134071505       -0.000000083822780       -0.079689900112160        0.079689816289380
         58.899833350396754       -0.000000083102025        0.107784848284117       -0.107784931386142
         59.020777566722003       -0.000000081121748       -0.108875632099217        0.108875550977468
         59.141721783047252       -0.000000078226139        0.083453485047378       -0.083453563273517
         59.262665999372501       -0.000000073802278       -0.052756287204808        0.052756213402530
         59.383610215697750       -0.000000067642893        0.039386515365526       -0.039386583008419
         59.504554432022999       -0.000000059829911       -0.048344032576535        0.048343972746624
         59.625498648348255       -0.000000051552857        0.064540280590469       -0.064540332143327
         59.746442864673504       -0.000000043037857       -0.067631436524576        0.067631393486720
         59.867387080998753       -0.000000035611140        0.049893832855742       -0.049893868466881
         59.988331297324002       -0.000000028153509       -0.021604584854101        0.021604556700592
         60.109275513649251       -0.000000019626337        0.000747763917692       -0.000747783544028
         60.230219729974500       -0.000000009454877        0.002658118411680       -0.002658127866557
         60.351163946299749        0.000000001458844        0.006248061222633       -0.006248059763789
         60.472108162625005        0.000000011546536       -0.013457489418687        0.013457500965222
         60.593052378950254        0.000000019595877        0.009077156854291       -0.009077137258414
         60.713996595275503        0.000000025640832        0.005031791860564       -0.005031766219732
         60.834940811600752        0.000000031083704       -0.018524835883085        0.018524866966789
         60.955885027926001        0.000000036829092        0.022533214436099       -0.022533177607007
         61.076829244251250        0.000000043202972       -0.016676979977763        0.016677023180735
         61.197773460576499        0.000000048683480        0.007871537268280       -0.007871488584799
         61.318717676901755        0.000000052718066       -0.003099911874094        0.003099964592159
         61.439661893227004        0.000000054988995        0.003638372482152       -0.003638317493157
         61.560606109552253        0.000000056348948       -0.005326131815234        0.005326188164182
         61.681550325877502        0.000000057418718        0.003605589732882       -0.003605532314165
         61.802494542202751        0.000000058353727        0.002395523012319       -0.002395464658592
         61.923438758528000        0.000000058840710       -0.010125784729539        0.010125843570249
         62.044382974853249        0.000000058711558        0.017166062401941       -0.017166003690383
         62.165327191178505        0.000000058368022       -0.023650900038952        0.023650958406974
         62.286271407503754        0.000000057894035        0.031200303211386       -0.031200245317350
         62.407215623829003        0.000000057624580       -0.039917682973882        0.039917740598462
         62.528159840154252        0.000000057424209        0.047413754854794       -0.047413697430586
         62.649104056479501        0.000000057627858       -0.051260699070720        0.051260756698579
         62.770048272804750        0.000000058381594        0.052326395164950       -0.052326336783356
         62.890992489129999        0.000000059539945       -0.054925619937982        0.054925679477927
         63.011936705455255        0.000000061277338        0.062764361607182       -0.062764300329844
         63.132880921780504        0.000000063472387       -0.074374772195773        0.074374835668161
         63.253825138105753        0.000000067349726        0.083086535539135       -0.083086468189409
         63.374769354431002        0.000000072247656       -0.082722674222853        0.082722746470509
         63.495713570756251        0.000000078823434        0.074082822443192       -0.074082743619759
         63.616657787081500        0.000000084994047       -0.065788845261953        0.065788930256000
         63.737602003406749        0.000000091827682        0.067340960731303       -0.067340868903621
         63.858546219732006        0.000000099173904       -0.080032214868177        0.080032314042081
         63.979490436057254        0.000000109609680        0.094236440918591       -0.094236331308911
         64.100434652382503        0.000000121272727       -0.097022790985129        0.097022912257856
         64.221378868707745        0.000000135216487        0.084003920740840       -0.084003785524353
         64.342323085033001        0.000000148005845       -0.064854544100219        0.064854692106064
         64.463267301358258        0.000000160198926        0.056102273012667       -0.056102112813741
         64.584211517683499        0.000000171573369       -0.066458465327807        0.066458636901177
         64.705155734008756        0.000000185117204        0.087435519623545       -0.087435334506341
         64.826099950333997        0.000000199531748       -0.099143782241768        0.099143981773516
         64.947044166659254        0.000000216283283        0.087349672649792       -0.087349456366509
         65.067988382984495        0.000000232570495       -0.057224233510027        0.057224466080522
         65.188932599309751        0.000000247287922        0.030492497537122       -0.030492250249201
         65.309876815635008        0.000000258921869       -0.027041872707301        0.027042131629170
         65.430821031960249        0.000000269298535        0.046249431146568       -0.046249161848033
         65.551765248285506        0.000000278947781       -0.065571828773124        0.065572107720904
         65.672709464610747        0.000000289072094        0.059327991231989       -0.059327702159895
         65.793653680936004        0.000000299201214       -0.022034376145087        0.022034675346301
         65.914597897261245        0.000000308349076       -0.024875284157147        0.024875592506223
         66.035542113586502        0.000000314932370        0.050263957298718       -0.050263642366348
         66.156486329911758        0.000000318985277       -0.040500552101251        0.040500871086528
         66.277430546236999        0.000000321275147        0.012770012675312       -0.012769691400165
         66.398374762562256        0.000000321949996       -0.001188077107695        0.001188399057691
         66.519318978887497        0.000000320773875        0.026673122775642       -0.026672802001767
         66.640263195212754        0.000000317119925       -0.077014931198610        0.077015248318535
         66.761207411537995        0.000000310995618        0.116039618991078       -0.116039307995460
         66.882151627863252        0.000000303710053       -0.114575351836317        0.114575655546370
         67.003095844188508        0.000000294558180        0.076705020700940       -0.076704726142760
         67.124040060513749        0.000000284829819       -0.037456786225764        0.037457071055583
         67.244984276839006        0.000000274536715        0.033025060931092       -0.033024786394376
         67.365928493164247        0.000000262001053       -0.068545462283828        0.068545724284882
         67.486872709489504        0.000000245600446        0.112792257203570       -0.112792011603124
         67.607816925814745        0.000000227731554       -0.125013162021523        0.125013389753078
         67.728761142140002        0.000000206352582        0.091029464269357       -0.091029257916775
         67.849705358465258        0.000000184960981       -0.036403255203269        0.036403440164249
         67.970649574790500        0.000000167222745        0.005304680978907       -0.005304513756163
         68.091593791115756        0.000000152944268       -0.022196674213119        0.022196827157386
         68.212538007440997        0.000000137217661        0.070053589372400       -0.070053452154739
         68.333482223766254        0.000000119485989       -0.104554716893455        0.104554836379444
         68.454426440091495        0.000000096845020        0.092959996888323       -0.092959900043303
         68.575370656416752        0.000000071741798       -0.042861304841465        0.042861376583263
         68.696314872742008        0.000000050310244       -0.003697037542456        0.003697087852700
         68.817259089067250        0.000000037167744        0.006364869003831       -0.006364831836087
         68.938203305392506        0.000000027028603        0.038259103949064       -0.038259076920460
         69.059147521717748        0.000000015848313       -0.092600502065622        0.092600517913935
         69.180091738043004        0.000000001524427        0.110588600843349       -0.110588599318922
         69.301035954368245       -0.000000014594017       -0.077713793041589        0.077713778447572
         69.421980170693502       -0.000000028908467        0.024123462586341       -0.024123491494808
         69.542924387018758       -0.000000036018979        0.000999514420685       -0.000999550439664
         69.663868603344000       -0.000000039331974        0.028108106165871       -0.028108145497845
         69.784812819669256       -0.000000042803020       -0.090085386916805        0.090085344113785
         69.905757035994498       -0.000000046740446        0.134127793319478       -0.134127840059924
         70.026701252319754       -0.000000049311391       -0.123847026025446        0.123846976714055
         70.147645468644996       -0.000000049495166        0.069325529268353       -0.069325578763518
         70.268589684970252       -0.000000047956271       -0.019358739256494        0.019358691300223
         70.389533901295508       -0.000000046999261        0.020133279086108       -0.020133326085369
         70.510478117620750       -0.000000045100670       -0.074068346876667        0.074068301775997
         70.631422333946006       -0.000000039556647        0.136186155834497       -0.136186195391144
         70.752366550271248       -0.000000032063561       -0.152467483201117        0.152467451137556
         70.873310766596504       -0.000000022282331        0.107077403393960       -0.107077425676291
         70.994254982921746       -0.000000015122900       -0.037610164211989        0.037610149089090
         71.115199199247002       -0.000000014229283        0.004550627416309       -0.004550641645593
         71.236143415572258       -0.000000013292711       -0.038582603472408        0.038582590179697
         71.357087631897500       -0.000000003880520        0.111896026279594       -0.111896030160114
         71.478031848222756        0.000000008020217       -0.160782446383370        0.160782454403588
         71.598976064547998        0.000000020014561        0.140685022838509       -0.140685002823948
         71.719920280873254        0.000000029286434       -0.066155632216968        0.066155661503402
         71.840864497198496        0.000000030452254        0.000967800486502       -0.000967770034248
         71.961808713523752        0.000000024717067       -0.003840169051135        0.003840193768201
         72.082752929849008        0.000000025741147        0.075409349182342       -0.075409323441195
         72.203697146174250        0.000000032399905       -0.154884617745119        0.154884650145023
         72.324641362499506        0.000000039434325        0.171742123686928       -0.171742084252603
         72.445585578824748        0.000000047177512       -0.107434271236096        0.107434318413608
         72.566529795150004        0.000000053432221        0.013898826066913       -0.013898772634692
