#             time (fs)      |   total net charge (e)  |   charge (atom_1) (e)   |   charge (atom_2) (e)   |        ...        |   charge (atom_N) (e)   |
          0.000000000000000       -0.000000000000000       -0.000000000000000        0.000000000000000
          0.120944216325250        0.000000005072804       -0.088538045929145        0.088538051001949
          0.241888432650500        0.000000001176456        0.063500055015303       -0.063500053838846
          0.362832648975750       -0.000000016146731        0.037409765292725       -0.037409781439456
          0.483776865301000       -0.000000020368954       -0.080399868925194        0.080399848556240
          0.604721081626250       -0.000000015763869        0.005628198417986       -0.005628214181855
          0.725665297951500       -0.000000013221577        0.096738266175062       -0.096738279396639
          0.846609514276750       -0.000000014831194       -0.102588477940739        0.102588463109545
          0.967553730602000       -0.000000021369047        0.012101043025322       -0.012101064394369
          1.088497946927250       -0.000000022461732        0.052388975414476       -0.052388997876208
          1.209442163252500       -0.000000021079458       -0.002036859973153        0.002036838893694
          1.330386379577750       -0.000000020910224       -0.104641270694115        0.104641249783891
          1.451330595903000       -0.000000020761209        0.136701898348004       -0.136701919109213
          1.572274812228250       -0.000000018224091       -0.058060042849918        0.058060024625827
          1.693219028553500       -0.000000016720575       -0.027208517668470        0.027208500947894
          1.814163244878750       -0.000000021136620        0.006708288757187       -0.006708309893807
          1.935107461204000       -0.000000020639131        0.096048671769392       -0.096048692408523
          2.056051677529250       -0.000000016972947       -0.151138990720330        0.151138973747383
          2.176995893854500       -0.000000012312480        0.088360818699647       -0.088360831012127
          2.297940110179750       -0.000000011089921        0.012873442979366       -0.012873454069287
          2.418884326505000       -0.000000021202759       -0.023026679781023        0.023026658578264
          2.539828542830250       -0.000000020231404       -0.071533266786317        0.071533246554913
          2.660772759155500       -0.000000012749585        0.149697129969941       -0.149697142719526
          2.781716975480750       -0.000000009193983       -0.110204998124386        0.110204988930403
          2.902661191806000       -0.000000008631387        0.001495081580706       -0.001495090212093
          3.023605408131250       -0.000000021813990        0.037758294672875       -0.037758316486866
          3.144549624456500       -0.000000025437851        0.044121784459812       -0.044121809897663
          3.265493840781750       -0.000000017257637       -0.143395533973740        0.143395516716103
          3.386438057107000       -0.000000015355348        0.132973952678090       -0.132973968033438
          3.507382273432250       -0.000000012573102       -0.024886179829436        0.024886167256334
          3.628326489757500       -0.000000022921893       -0.042817831681995        0.042817808760102
          3.749270706082750       -0.000000033283842       -0.018182118188834        0.018182084904992
          3.870214922408000       -0.000000031501941        0.130889573155868       -0.130889604657809
          3.991159138733250       -0.000000031199932       -0.150515683389971        0.150515652190039
          4.112103355058500       -0.000000026704257        0.049529218510323       -0.049529245214580
          4.233047571383750       -0.000000029035508        0.045956345776105       -0.045956374811613
          4.353991787709000       -0.000000039370355       -0.016061019508046        0.016060980137691
          4.474936004034250       -0.000000043557962       -0.097702380119891        0.097702336561929
          4.595880220359500       -0.000000046446509        0.144436026971389       -0.144436073417898
          4.716824436684750       -0.000000044479541       -0.057377662422720        0.057377617943179
          4.837768653010000       -0.000000042793770       -0.060501279625510        0.060501236831741
          4.958712869335250       -0.000000045811593        0.067311997268243       -0.067312043079836
          5.079657085660500       -0.000000047057332        0.036388796037276       -0.036388843094608
          5.200601301985750       -0.000000046215606       -0.107604485484771        0.107604439269165
          5.321545518311000       -0.000000045184945        0.044967526462721       -0.044967571647666
          5.442489734636251       -0.000000047359830        0.081501907901857       -0.081501955261687
          5.563433950961501       -0.000000045816929       -0.120837222824743        0.120837177007814
          5.684378167286750       -0.000000040287529        0.033118846767578       -0.033118887055107
          5.805322383612000       -0.000000031085102        0.059985770746944       -0.059985801832046
          5.926266599937250       -0.000000020816761       -0.031805367265452        0.031805346448691
          6.047210816262500       -0.000000022253642       -0.087154598356017        0.087154576102375
          6.168155032587750       -0.000000020410801        0.150632748257246       -0.150632768668048
          6.289099248913001       -0.000000013135924       -0.083747536544260        0.083747523408337
          6.410043465238251       -0.000000001495537       -0.023081036179365        0.023081034683828
          6.530987681563500        0.000000020021950        0.030671671621142       -0.030671651599192
          6.651931897888750        0.000000029112434        0.070970464233529       -0.070970435121096
          6.772876114214000        0.000000033170989       -0.152474089151525        0.152474122322514
          6.893820330539250        0.000000041676352        0.112184759975992       -0.112184718299639
          7.014764546864500        0.000000050939007       -0.003913081795801        0.003913132734808
          7.135708763189751        0.000000075686460       -0.033525237698475        0.033525313384935
          7.256652979515001        0.000000094340590       -0.046380596283955        0.046380690624545
          7.377597195840250        0.000000101702549        0.140144848750252       -0.140144747047703
          7.498541412165500        0.000000111114326       -0.129043161744601        0.129043272858927
          7.619485628490750        0.000000120214977        0.028957507397433       -0.028957387182456
          7.740429844816000        0.000000141491249        0.032009337739817       -0.032009196248568
          7.861374061141250        0.000000160982243        0.022572397742932       -0.022572236760689
          7.982318277466501        0.000000166760673       -0.120641408818200        0.120641575578872
          8.103262493791750        0.000000174808586        0.136051630702100       -0.136051455893514
          8.224206710117000        0.000000183640446       -0.048562855811293        0.048563039451739
          8.345150926442249        0.000000197184975       -0.032069196095452        0.032069393280427
          8.466095142767500        0.000000208561725        0.006529926479440       -0.006529717917715
          8.587039359092751        0.000000210601008        0.087238332203142       -0.087238121602134
          8.707983575418000        0.000000213458226       -0.124406658662287        0.124406872120513
          8.828927791743251        0.000000216444118        0.052103361171447       -0.052103144727329
          8.949872008068500        0.000000217494627        0.043705842010348       -0.043705624515721
          9.070816224393750        0.000000215836002       -0.047777687526603        0.047777903362606
          9.191760440718999        0.000000214813424       -0.036954792315668        0.036955007129092
          9.312704657044250        0.000000212496613        0.094322081473267       -0.094321868976654
          9.433648873369501        0.000000202460929       -0.042903186396611        0.042903388857540
          9.554593089694750        0.000000188698332       -0.059732509535624        0.059732698233956
          9.675537306020001        0.000000174003786        0.089604900505082       -0.089604726501296
          9.796481522345250        0.000000168709255       -0.015132142694863        0.015132311404118
          9.917425738670500        0.000000161895293       -0.062730187125152        0.062730349020445
         10.038369954995749        0.000000138052792        0.038638804392726       -0.038638666339934
         10.159314171321000        0.000000111993550        0.062196448069076       -0.062196336075527
         10.280258387646251        0.000000087856317       -0.114568089329292        0.114568177185608
         10.401202603971500        0.000000075155378        0.053670530798869       -0.053670455643491
         10.522146820296751        0.000000065703621        0.041548461536908       -0.041548395833286
         10.643091036622000        0.000000035418494       -0.048001560738268        0.048001596156762
         10.764035252947250        0.000000002090367       -0.044244559460086        0.044244561550453
         10.884979469272501       -0.000000027535215        0.117016631115654       -0.117016658650869
         11.005923685597750       -0.000000046627000       -0.075054267647909        0.075054221020909
         11.126867901923001       -0.000000055514848       -0.031374045144129        0.031373989629281
         11.247812118248250       -0.000000081491520        0.069591104858154       -0.069591186349673
         11.368756334573501       -0.000000114200752        0.006557488823397       -0.006557603024149
         11.489700550898750       -0.000000142942666       -0.095417897068084        0.095417754125418
         11.610644767224001       -0.000000164853300        0.076982644938882       -0.076982809792182
         11.731588983549251       -0.000000172625767        0.032641540266407       -0.032641712892175
         11.852533199874500       -0.000000186878795       -0.101152725249541        0.101152538370746
         11.973477416199751       -0.000000208436653        0.048211984036425       -0.048212192473077
         12.094421632525000       -0.000000227220535        0.050783328383828       -0.050783555604363
         12.215365848850251       -0.000000242387867       -0.060374640563461        0.060374398175594
         12.336310065175500       -0.000000248502151       -0.040540795419614        0.040540546917462
         12.457254281500751       -0.000000253028946        0.131416727907538       -0.131416980936484
         12.578198497826001       -0.000000258433802       -0.103961193581246        0.103960935147444
         12.699142714151250       -0.000000261204340        0.000079219017795       -0.000079480222135
         12.820086930476501       -0.000000260318326        0.041485748393011       -0.041486008711336
         12.941031146801750       -0.000000256206750        0.036744546352743       -0.036744802559493
         13.061975363127001       -0.000000251692091       -0.137449914333478        0.137449662641387
         13.182919579452250       -0.000000244158517        0.134300602322172       -0.134300846480688
         13.303863795777501       -0.000000236030004       -0.032764878213658        0.032764642183654
         13.424808012102751       -0.000000220975002       -0.037940675520665        0.037940454545663
         13.545752228428000       -0.000000199226404       -0.009947498825477        0.009947299599073
         13.666696444753251       -0.000000179949577        0.111018822181744       -0.111019002131321
         13.787640661078500       -0.000000160142997       -0.132675996403873        0.132675836260876
         13.908584877403751       -0.000000146322329        0.044885234457113       -0.044885380779442
         14.029529093729000       -0.000000127476150        0.043626079169627       -0.043626206645776
         14.150473310054251       -0.000000093541300       -0.024920048273656        0.024919954732356
         14.271417526379501       -0.000000060362282       -0.071289998904521        0.071289938542238
         14.392361742704750       -0.000000029064653        0.117860670453670       -0.117860699518323
         14.513305959030001       -0.000000009893149       -0.053941259120333        0.053941249227184
         14.634250175355250        0.000000006401920       -0.039789628730123        0.039789635132043
         14.755194391680501        0.000000041201782        0.045912910206808       -0.045912869005027
         14.876138608005750        0.000000078838880        0.040753425052770       -0.040753346213891
         14.997082824331001        0.000000112099050       -0.108425191245333        0.108425303344382
         15.118027040656251        0.000000134031264        0.072761623149864       -0.072761489118601
         15.238971256981500        0.000000146882890        0.017273394325086       -0.017273247442197
         15.359915473306751        0.000000174098991       -0.044405797239684        0.044405971338675
         15.480859689632000        0.000000205499867       -0.027822050160616        0.027822255660483
         15.601803905957251        0.000000230287882        0.109632989997305       -0.109632759709423
         15.722748122282500        0.000000246787923       -0.101324851145827        0.101325097933750
         15.843692338607751        0.000000256094894        0.019354867241541       -0.019354611146647
         15.964636554933001        0.000000271746690        0.026942015354367       -0.026941743607678
         16.085580771258250        0.000000288419771        0.025133406808744       -0.025133118388973
         16.206524987583499        0.000000298238107       -0.111944315316228        0.111944613554335
         16.327469203908752        0.000000304043362        0.126020148744043       -0.126019844700681
         16.448413420234001        0.000000306579942       -0.052675933844980        0.052676240424921
         16.569357636559250        0.000000307701110       -0.012687460079925        0.012687767781035
         16.690301852884499        0.000000305693805       -0.013822399001822        0.013822704695626
         16.811246069209751        0.000000302536296        0.097288871113888       -0.097288568577592
         16.932190285535000        0.000000297589066       -0.129462764054583        0.129463061643649
         17.053134501860249        0.000000288444575        0.066844801987512       -0.066844513542937
         17.174078718185502        0.000000273762675        0.014003883711492       -0.014003609948817
         17.295022934510751        0.000000255426037       -0.013427095143321        0.013427350569358
         17.415967150836000        0.000000245095721       -0.063719505648677        0.063719750744398
         17.536911367161249        0.000000234100914        0.114558247524608       -0.114558013423693
         17.657855583486501        0.000000213579589       -0.069474742412460        0.069474955992049
         17.778799799811750        0.000000187118155       -0.018603581028006        0.018603768146160
         17.899744016136999        0.000000158504965        0.040484016421230       -0.040483857916265
         18.020688232462252        0.000000143683045        0.029385524039256       -0.029385380356211
         18.141632448787501        0.000000132417199       -0.099760873435570        0.099761005852769
         18.262576665112750        0.000000107429628        0.078774274497129       -0.078774167067501
         18.383520881437999        0.000000077730665        0.008475910597208       -0.008475832866543
         18.504465097763251        0.000000046350260       -0.050346662955300        0.050346709305560
         18.625409314088500        0.000000027960612       -0.008432807529173        0.008432835489785
         18.746353530413749        0.000000018910603        0.095059491389697       -0.095059472479094
         18.867297746739002       -0.000000000583603       -0.101175854868919        0.101175854285316
         18.988241963064251       -0.000000024447900        0.021121029847626       -0.021121054295526
         19.109186179389500       -0.000000050134822        0.039419011692875       -0.039419061827697
         19.230130395714749       -0.000000068716411        0.001629925747739       -0.001629994464150
         19.351074612040001       -0.000000076016998       -0.096474728595722        0.096474652578724
         19.472018828365250       -0.000000086588537        0.128189207064515       -0.128189293653052
         19.592963044690499       -0.000000098280170       -0.059726283460963        0.059726185180793
         19.713907261015752       -0.000000110894880       -0.018269421597338        0.018269310702457
         19.834851477341001       -0.000000122498452        0.003005414456095       -0.003005536954547
         19.955795693666250       -0.000000127650749        0.087980024343064       -0.087980151993813
         20.076739909991499       -0.000000131006033       -0.139186235325210        0.139186104319178
         20.197684126316751       -0.000000133052016        0.085002801420345       -0.085002934472361
         20.318628342642000       -0.000000134146216        0.006895055067771       -0.006895189213987
         20.439572558967249       -0.000000133704013       -0.022104092795969        0.022103959091956
         20.560516775292502       -0.000000130795359       -0.054171833193204        0.054171702397845
         20.681460991617751       -0.000000126645432        0.118636632294943       -0.118636758940375
         20.802405207943000       -0.000000122936782       -0.083262975125002        0.083262852188220
         20.923349424268253       -0.000000121469705       -0.012795430015099        0.012795308545394
         21.044293640593501       -0.000000114038485        0.054359392508649       -0.054359506547133
         21.165237856918750       -0.000000101236963        0.002975676180253       -0.002975777417215
         21.286182073243999       -0.000000087848628       -0.077203241815899        0.077203153967271
         21.407126289569252       -0.000000077199992        0.066461533586031       -0.066461610786023
         21.528070505894501       -0.000000076814411        0.020933466257586       -0.020933543071997
         21.649014722219750       -0.000000071698281       -0.079420175726816        0.079420104028535
         21.769958938545003       -0.000000055793207        0.041275807524483       -0.041275863317690
         21.890903154870252       -0.000000037916833        0.038327358991975       -0.038327396908808
         22.011847371195501       -0.000000022004208       -0.053650242995609        0.053650220991400
         22.132791587520749       -0.000000020603748       -0.016294497528848        0.016294476925100
         22.253735803846002       -0.000000020867249        0.083409815101644       -0.083409835968893
         22.374680020171251       -0.000000008758698       -0.064355571643212        0.064355562884514
         22.495624236496500        0.000000007308510       -0.014541884442780        0.014541891751291
         22.616568452821753        0.000000022600295        0.052643766268466       -0.052643743668171
         22.737512669147002        0.000000024584074       -0.004273150364967        0.004273174949041
         22.858456885472251        0.000000020163932       -0.064969759989251        0.064969780153183
         22.979401101797500        0.000000027096440        0.063759159675235       -0.063759132578795
         23.100345318122752        0.000000038308560        0.009370014743937       -0.009369976435377
         23.221289534448001        0.000000047675128       -0.065602122853816        0.065602170528944
         23.342233750773250        0.000000048408412        0.040111786299754       -0.040111737891342
         23.463177967098503        0.000000043850039        0.026466915021523       -0.026466871171483
         23.584122183423752        0.000000046468955       -0.041837493262362        0.041837539731316
         23.705066399749001        0.000000051602943       -0.020569024125658        0.020569075728601
         23.826010616074250        0.000000054208834        0.088256915798588       -0.088256861589754
         23.946954832399502        0.000000053841004       -0.082975433779004        0.082975487620008
         24.067899048724751        0.000000052967853        0.019756225180530       -0.019756172212677
         24.188843265050000        0.000000053211200        0.013686319151990       -0.013686265940791
         24.309787481375253        0.000000052490498        0.031177937887600       -0.031177885397102
         24.430731697700502        0.000000052318886       -0.101729868435976        0.101729920754861
         24.551675914025751        0.000000053221711        0.111917782216649       -0.111917728994938
         24.672620130351000        0.000000055446989       -0.051875541120793        0.051875596567782
         24.793564346676252        0.000000054035888        0.000090124133957       -0.000090070098069
         24.914508563001501        0.000000050476808       -0.023693715444469        0.023693765921277
         25.035452779326750        0.000000053466259        0.092504016873365       -0.092503963407107
         25.156396995652003        0.000000058653596       -0.117879669187239        0.117879727840835
         25.277341211977252        0.000000062043040        0.065983339759093       -0.065983277716053
         25.398285428302501        0.000000060817980       -0.001335245189883        0.001335306007863
         25.519229644627750        0.000000057435220        0.005291380542041       -0.005291323106821
         25.640173860953002        0.000000064984398       -0.071736955767166        0.071737020751564
         25.761118077278251        0.000000075209199        0.114639977735220       -0.114639902526021
         25.882062293603500        0.000000081098920       -0.077890585850459        0.077890666949379
         26.003006509928753        0.000000082666194        0.007371480542257       -0.007371397876063
         26.123950726254002        0.000000080780310        0.006655308958715       -0.006655228178404
         26.244894942579251        0.000000088423157        0.054703642008667       -0.054703553585510
         26.365839158904500        0.000000101254878       -0.114029486724875        0.114029587979752
         26.486783375229752        0.000000109764302        0.096310807304712       -0.096310697540410
         26.607727591555001        0.000000115952174       -0.024842700208769        0.024842816160943
         26.728671807880250        0.000000116775963       -0.007761669102301        0.007761785878264
         26.849616024205503        0.000000120899323       -0.041847191780889        0.041847312680212
         26.970560240530752        0.000000129921511        0.111336999205072       -0.111336869283561
         27.091504456856001        0.000000138007544       -0.112253391404173        0.112253529411716
         27.212448673181250        0.000000145774353        0.042918262673948       -0.042918116899596
         27.333392889506502        0.000000149221708        0.009278747135540       -0.009278597913832
         27.454337105831751        0.000000150471918        0.020462610594498       -0.020462460122580
         27.575281322157000        0.000000153103821       -0.090910519674426        0.090910672778247
         27.696225538482253        0.000000155532667        0.107785239695591       -0.107785084162924
         27.817169754807502        0.000000157722298       -0.044549108807876        0.044549266530174
         27.938113971132751        0.000000157972690       -0.024165972134973        0.024166130107663
         28.059058187458000        0.000000157292745        0.017991747698654       -0.017991590405910
         28.180002403783252        0.000000156143084        0.046692144904506       -0.046691988761422
         28.300946620108501        0.000000153775698       -0.078551378211416        0.078551531987114
         28.421890836433750        0.000000147419386        0.028920410696139       -0.028920263276753
         28.542835052759003        0.000000137458600        0.046737265895238       -0.046737128436638
         28.663779269084252        0.000000130855932       -0.060654896790368        0.060655027646300
         28.784723485409501        0.000000126462099        0.004255753382494       -0.004255626920395
         28.905667701734750        0.000000121759082        0.042144397172150       -0.042144275413068
         29.026611918060002        0.000000111299929       -0.013135639204836        0.013135750504766
         29.147556134385251        0.000000092141987       -0.059006321947140        0.059006414089127
         29.268500350710500        0.000000076747377        0.087458816747912       -0.087458740000535
         29.389444567035753        0.000000066701981       -0.041653171950045        0.041653238652026
         29.510388783361002        0.000000059047733       -0.015261086178967        0.015261145226701
         29.631332999686251        0.000000048511130        0.008297285609302       -0.008297237098172
         29.752277216011500        0.000000026839547        0.054031315652195       -0.054031288812648
         29.873221432336752        0.000000005675832       -0.092850008895054        0.092850014570886
         29.994165648662001       -0.000000007801686        0.060144773588205       -0.060144781389892
         30.115109864987250       -0.000000017309503        0.001456933110101       -0.001456950419604
         30.236054081312503       -0.000000026836982       -0.014579311186840        0.014579284349859
         30.356998297637752       -0.000000046014113       -0.034122157829573        0.034122111815460
         30.477942513963001       -0.000000066433622        0.078749464901206       -0.078749531334828
         30.598886730288250       -0.000000078566016       -0.059280540764697        0.059280462198681
         30.719830946613502       -0.000000086051559       -0.003048616942426        0.003048530890867
         30.840775162938751       -0.000000093347620        0.034091683940362       -0.034091777287982
         30.961719379264000       -0.000000106341608       -0.001815661551015        0.001815555209407
         31.082663595589253       -0.000000119535379       -0.044245828746187        0.044245709210808
         31.203607811914502       -0.000000125794485        0.037374077439141       -0.037374203233626
         31.324552028239751       -0.000000128989688        0.021656873988591       -0.021657002978279
         31.445496244565000       -0.000000132126480       -0.066213014585312        0.066212882458832
         31.566440460890252       -0.000000135464146        0.049124777960642       -0.049124913424789
         31.687384677215501       -0.000000136478513       -0.001891110804217        0.001890974325704
         31.808328893540750       -0.000000135375888       -0.006600948697899        0.006600813322012
         31.929273109866003       -0.000000133692749       -0.042088680039054        0.042088546346305
         32.050217326191252       -0.000000130060901        0.092474302672612       -0.092474432733513
         32.171161542516501       -0.000000123127512       -0.086306050674012        0.086305927546499
         32.292105758841750       -0.000000113608059        0.036504723261938       -0.036504836869998
         32.413049975166999       -0.000000106680354       -0.010381534275366        0.010381427595012
         32.533994191492248       -0.000000100092443        0.043959577437640       -0.043959677530082
         32.654938407817504       -0.000000088166171       -0.095917512231749        0.095917424065579
         32.775882624142753       -0.000000073590293        0.100670919644252       -0.100670993234545
         32.896826840468002       -0.000000058501255       -0.052195161889475        0.052195103388220
         33.017771056793251       -0.000000048116350        0.012051560850910       -0.012051608967259
         33.138715273118500       -0.000000038292242       -0.031266116486430        0.031266078194188
         33.259659489443749       -0.000000021392377        0.084868862666435       -0.084868884058812
         33.380603705768998       -0.000000002716788       -0.103776008300073        0.103776005583285
         33.501547922094254        0.000000013969661        0.063080070259916       -0.063080056290255
         33.622492138419503        0.000000026169323       -0.014259120736559        0.014259146905881
         33.743436354744752        0.000000035593054        0.019909322789993       -0.019909287196939
         33.864380571070001        0.000000050848416       -0.073306093394364        0.073306144242781
         33.985324787395250        0.000000067803407        0.106581837079570       -0.106581769276163
         34.106269003720499        0.000000083349244       -0.077360339293584        0.077360422642827
         34.227213220045748        0.000000095523105        0.022995995831125       -0.022995900308020
         34.348157436371004        0.000000102703687       -0.013162883150868        0.013162985854555
         34.469101652696253        0.000000111185318        0.060414224485000       -0.060414113299682
         34.590045869021502        0.000000121312044       -0.103613739940394        0.103613861252439
         34.710990085346751        0.000000131150029        0.086088293560300       -0.086088162410271
         34.831934301672000        0.000000140018223       -0.027938457898265        0.027938597916487
         34.952878517997249        0.000000144422811        0.000289853084065       -0.000289708661253
         35.073822734322498        0.000000146841394       -0.034297607876920        0.034297754718314
         35.194766950647754        0.000000149109721        0.081162418123744       -0.081162269014022
         35.315711166973003        0.000000151018771       -0.074989945101428        0.074990096120199
         35.436655383298252        0.000000151882020        0.017088985562701       -0.017088833680681
         35.557599599623501        0.000000151090747        0.026160352980456       -0.026160201889709
         35.678543815948750        0.000000149956764       -0.008147643123883        0.008147793080647
         35.799488032273999        0.000000148553958       -0.038923372346713        0.038923520900671
         35.920432248599248        0.000000145917593        0.046137389355337       -0.046137243437744
         36.041376464924504        0.000000139413887        0.003602676147242       -0.003602536733355
         36.162320681249753        0.000000131323334       -0.054634060465742        0.054634191789076
         36.283264897575002        0.000000126391634        0.050191888024744       -0.050191761633110
         36.404209113900251        0.000000123410177       -0.004206770939551        0.004206894349728
         36.525153330225500        0.000000120575403       -0.017738542533368        0.017738663108771
         36.646097546550749        0.000000112701892       -0.017267574726531        0.017267687428423
         36.767041762875998        0.000000100443950        0.068501116479485       -0.068501016035534
         36.887985979201254        0.000000091816451       -0.075005059975298        0.075005151791749
         37.008930195526503        0.000000087445952        0.032941958819839       -0.032941871373887
         37.129874411851752        0.000000085654269        0.000845145946618       -0.000845060292350
         37.250818628177001        0.000000080706293        0.017812866770470       -0.017812786064177
         37.371762844502250        0.000000069326411       -0.064940927309715        0.064940996636126
         37.492707060827499        0.000000060325833        0.080661536830651       -0.080661476504817
         37.613651277152748        0.000000056444190       -0.045590128251816        0.045590184696005
         37.734595493478004        0.000000056274074        0.004143721550075       -0.004143665276002
         37.855539709803253        0.000000054587483       -0.006883859502279        0.006883914089762
         37.976483926128502        0.000000046654585        0.046368846412194       -0.046368799757608
         38.097428142453751        0.000000039816017       -0.068182618513008        0.068182658329025
         38.218372358779000        0.000000038560717        0.040617644095705       -0.040617605534988
         38.339316575104249        0.000000039992848        0.005922230937003       -0.005922190944155
         38.460260791429498        0.000000040035109       -0.018685415302559        0.018685455337668
         38.581205007754754        0.000000036002204       -0.010262073896443        0.010262109898647
         38.702149224080003        0.000000032981798        0.035189385722878       -0.035189352741080
         38.823093440405252        0.000000033506813       -0.015717481254625        0.015717514761438
         38.944037656730501        0.000000034692587       -0.032092228538019        0.032092263230606
         39.064981873055750        0.000000034869015        0.056672436341201       -0.056672401472185
         39.185926089380999        0.000000034468901       -0.036678272405217        0.036678306874119
         39.306870305706248        0.000000034751642        0.007157508358218       -0.007157473606576
         39.427814522031504        0.000000034348798       -0.014174433643470        0.014174467992268
         39.548758738356753        0.000000033105072        0.056031695322642       -0.056031662217570
         39.669702954682002        0.000000032470048       -0.085643960769758        0.085643993239805
         39.790647171007251        0.000000032948837        0.070753634798729       -0.070753601849892
         39.911591387332500        0.000000032679365       -0.034719291339768        0.034719324019133
         40.032535603657749        0.000000028532735        0.026583444058230       -0.026583415525495
         40.153479819982998        0.000000024257624       -0.058647047596698        0.058647071854322
         40.274424036308254        0.000000022395056        0.090928191069820       -0.090928168674764
         40.395368252633503        0.000000020932543       -0.082538234644754        0.082538255577297
         40.516312468958752        0.000000017042761        0.043964519567573       -0.043964502524811
         40.637256685284001        0.000000008815658       -0.023986606350995        0.023986615166653
         40.758200901609250        0.000000001245382        0.047598904394629       -0.047598903149248
         40.879145117934499       -0.000000002370049       -0.084028525468890        0.084028523098841
         41.000089334259748       -0.000000006471836        0.086153217843881       -0.086153224315717
         41.121033550585004       -0.000000012907892       -0.050757705653531        0.050757692745639
         41.241977766910253       -0.000000023249577        0.022887886309470       -0.022887909559047
         41.362921983235502       -0.000000033548333       -0.038420846408510        0.038420812860178
         41.483866199560751       -0.000000039940778        0.077901019782010       -0.077901059722788
         41.604810415886000       -0.000000045425597       -0.091272141147930        0.091272095722333
         41.725754632211249       -0.000000051837021        0.061752577413527       -0.061752629250548
         41.846698848536505       -0.000000060418246       -0.027263368681451        0.027263308263205
         41.967643064861754       -0.000000070379077        0.031926722952040       -0.031926793331117
         42.088587281187003       -0.000000077884231       -0.069340302670704        0.069340224786473
         42.209531497512252       -0.000000083481067        0.090608946761144       -0.090609030242211
         42.330475713837501       -0.000000087728813       -0.066854052162716        0.066853964433903
         42.451419930162750       -0.000000091988243        0.025879346338145       -0.025879438326389
         42.572364146487999       -0.000000097069311       -0.016447106398862        0.016447009329552
         42.693308362813255       -0.000000101027679        0.045856973753611       -0.045857074781289
         42.814252579138504       -0.000000103107155       -0.070854855776137        0.070854752668982
         42.935196795463753       -0.000000103668919        0.053343886251066       -0.053343989919985
         43.056141011789002       -0.000000103377433       -0.008957228665088        0.008957125287654
         43.177085228114251       -0.000000101764832       -0.013355029272843        0.013354927508011
         43.298029444439500       -0.000000097786748       -0.006262801538571        0.006262703751823
         43.418973660764749       -0.000000091805311        0.033881410157617       -0.033881501962928
         43.539917877090005       -0.000000085319114       -0.026029712481084        0.026029627161971
         43.660862093415254       -0.000000079828211       -0.014752062084530        0.014751982256319
         43.781806309740503       -0.000000072634239        0.043939894950864       -0.043939967585103
         43.902750526065752       -0.000000061302156       -0.032128004774176        0.032127943472020
         44.023694742391001       -0.000000046903890        0.001748045890895       -0.001748092794785
         44.144638958716250       -0.000000031965281        0.002570149311760       -0.002570181277042
         44.265583175041499       -0.000000020013890        0.028881758208047       -0.028881778221937
         44.386527391366755       -0.000000008658975       -0.059628729159557        0.059628720500581
         44.507471607692004        0.000000006772141        0.054316124523183       -0.054316117751043
         44.628415824017253        0.000000025774062       -0.023237895971460        0.023237921745521
         44.749360040342502        0.000000045995622        0.008072017422102       -0.008071971426479
         44.870304256667751        0.000000062616741       -0.028413395320365        0.028413457937105
         44.991248472993000        0.000000076210059        0.057734019171444       -0.057733942961385
         45.112192689318249        0.000000092206608       -0.058281433140705        0.058281525347313
         45.233136905643505        0.000000111500968        0.028821179983652       -0.028821068482684
         45.354081121968754        0.000000131450433       -0.005108967808568        0.005109099259001
         45.475025338294003        0.000000147589651        0.013680081943122       -0.013679934353472
         45.595969554619252        0.000000159465970       -0.038673865823254        0.038674025289224
         45.716913770944501        0.000000172361689        0.043073175472956       -0.043073003111266
         45.837857987269750        0.000000187185498       -0.015872664568299        0.015872851753796
         45.958802203594999        0.000000201158655       -0.014739951876905        0.014740153035560
         46.079746419920255        0.000000211371388        0.017846957616648       -0.017846746245260
         46.200690636245504        0.000000218088277        0.001235376223134       -0.001235158134856
         46.321634852570753        0.000000224457163       -0.008839418254065        0.008839642711228
         46.442579068896002        0.000000230418933       -0.013753853384244        0.013754083803176
         46.563523285221251        0.000000234229911        0.046689474964276       -0.046689240734365
         46.684467501546500        0.000000235486778       -0.057139605641849        0.057139841128627
         46.805411717871749        0.000000234886893        0.040774946583217       -0.040774711696324
         46.926355934197005        0.000000232303896       -0.026423996619285        0.026424228923181
         47.047300150522254        0.000000226968964        0.038879583290988       -0.038879356322024
         47.168244366847503        0.000000219905256       -0.067388052581205        0.067388272486460
         47.289188583172752        0.000000211920706        0.079677352238249       -0.079677140317543
         47.410132799498001        0.000000202573579       -0.063197156281879        0.063197358855457
         47.531077015823250        0.000000190057147        0.040878187372006       -0.040877997314859
         47.652021232148499        0.000000174674981       -0.041895217111378        0.041895391786359
         47.772965448473755        0.000000159558386        0.064667723022771       -0.064667563464385
         47.893909664799004        0.000000145026968       -0.079289036126265        0.079289181153233
         48.014853881124253        0.000000128662969        0.065991922314982       -0.065991793652013
         48.135798097449502        0.000000109371295       -0.040470184917555        0.040470294288850
         48.256742313774751        0.000000088251393        0.033987639325118       -0.033987551073725
         48.377686530100000        0.000000069258660       -0.053590379718114        0.053590448976774
         48.498630746425249        0.000000052065856        0.073269845979625       -0.073269793913769
         48.619574962750505        0.000000033819595       -0.067341206865255        0.067341240684850
         48.740519179075754        0.000000013568584        0.043235087840376       -0.043235074271792
         48.861463395401003       -0.000000007475510       -0.032007896524711        0.032007889049201
         48.982407611726252       -0.000000026218405        0.048576790528132       -0.048576816746537
         49.103351828051501       -0.000000041965403       -0.072593041354419        0.072592999389017
         49.224296044376750       -0.000000057110633        0.074443178851617       -0.074443235962249
         49.345240260701999       -0.000000072292517       -0.052940942303665        0.052940870011148
         49.466184477027255       -0.000000087577916        0.036589683512030       -0.036589771089946
         49.587128693352504       -0.000000101284605       -0.046923610021063        0.046923508736458
         49.708072909677753       -0.000000112220500        0.070840814034977       -0.070840926255477
         49.829017126003002       -0.000000121018887       -0.077430037107932        0.077429916089045
         49.949961342328251       -0.000000128294315        0.057361443850206       -0.057361572144522
         50.070905558653500       -0.000000134557734       -0.034438979418383        0.034438844860649
         50.191849774978749       -0.000000139590320        0.034871691804154       -0.034871831394474
         50.312793991304005       -0.000000142566835       -0.053859819438841        0.053859676872007
         50.433738207629254       -0.000000143525559        0.062147625472141       -0.062147768997700
         50.554682423954503       -0.000000142900988       -0.043701449117168        0.043701306216180
         50.675626640279752       -0.000000140923460        0.015889741063623       -0.015889881987083
         50.796570856605001       -0.000000136970074       -0.006986712258654        0.006986575288580
         50.917515072930250       -0.000000130822529        0.020305055820950       -0.020305186643479
         51.038459289255499       -0.000000123257434       -0.030783651212790        0.030783527955356
         51.159403505580755       -0.000000115538023        0.017610681513699       -0.017610797051722
         51.280347721906004       -0.000000107854305        0.009386643293971       -0.009386751148276
         51.401291938231253       -0.000000098251313       -0.022895960362830        0.022895862111517
         51.522236154556502       -0.000000085938015        0.012891670538774       -0.012891756476789
         51.643180370881751       -0.000000072345505        0.001361239043228       -0.001361311388733
         51.764124587207000       -0.000000059702500        0.003351213695631       -0.003351273398131
         51.885068803532249       -0.000000049077103       -0.024788862427119        0.024788813350015
         52.006013019857505       -0.000000037965292        0.038955046563450       -0.038955084528742
         52.126957236182754       -0.000000024480768       -0.031032174444561        0.031032149963793
         52.247901452508003       -0.000000009661733        0.013601366563486       -0.013601376225219
         52.368845668833252        0.000000003866157       -0.009830866117265        0.009830869983421
         52.489789885158501        0.000000014288167        0.023936216556521       -0.023936202268354
         52.610734101483750        0.000000023611425       -0.036667696841896        0.036667720453321
         52.731678317808999        0.000000034577709        0.030333691873580       -0.030333657295871
         52.852622534134255        0.000000046462849       -0.010895140307422        0.010895186770271
         52.973566750459504        0.000000056862170       -0.000464056135465        0.000464112997635
         53.094510966784753        0.000000064054552       -0.005510400800561        0.005510464855113
         53.215455183110002        0.000000069703068        0.015024081675739       -0.015024011972671
         53.336399399435251        0.000000076178324       -0.009500818941742        0.009500895120065
         53.457343615760500        0.000000082899225       -0.010895972997211        0.010896055896437
         53.578287832085749        0.000000088060978        0.027988412422358       -0.027988324361381
         53.699232048411005        0.000000091050578       -0.028881876033093        0.028881967083671
         53.820176264736254        0.000000093091064        0.021681669082505       -0.021681575991441
         53.941120481061503        0.000000095115072       -0.024317305859972        0.024317400975044
         54.062064697386752        0.000000096582698        0.041407354089491       -0.041407257506793
         54.183008913712001        0.000000097063112       -0.058601823720011        0.058601920783124
         54.303953130037250        0.000000096893320        0.060950307977992       -0.060950211084671
         54.424897346362499        0.000000096279637       -0.051508137245303        0.051508233524940
         54.545841562687755        0.000000094862696        0.046800790641780       -0.046800695779084
         54.666785779013004        0.000000092885890       -0.055608164695002        0.055608257580892
         54.787729995338253        0.000000091162586        0.068101629648334       -0.068101538485748
         54.908674211663502        0.000000089744012       -0.068827385343573        0.068827475087586
         55.029618427988751        0.000000087765713        0.056472859881798       -0.056472772116085
         55.150562644314000        0.000000084997401       -0.045411810013917        0.045411895011318
         55.271506860639249        0.000000082574368        0.047445120412365       -0.047445037837997
         55.392451076964505        0.000000081721815       -0.057189796531707        0.057189878253522
         55.513395293289754        0.000000081397306        0.059481849783414       -0.059481768386108
         55.634339509615003        0.000000080378739       -0.048969922853866        0.048970003232605
         55.755283725940252        0.000000078712617        0.036869755020338       -0.036869676307721
         55.876227942265501        0.000000078010685       -0.036620430762888        0.036620508773572
         55.997172158590750        0.000000079237465        0.046916926136184       -0.046916846898719
         56.118116374915999        0.000000081271924       -0.053731727381901        0.053731808653825
         56.239060591241255        0.000000082602053        0.048343493537870       -0.048343410935817
         56.360004807566504        0.000000083402848       -0.038273661351392        0.038273744754241
         56.480949023891753        0.000000084737529        0.037398006506212       -0.037397921768682
         56.601893240217002        0.000000087570185       -0.048171244504293        0.048171332074478
         56.722837456542251        0.000000091177133        0.058657531694381       -0.058657440517248
         56.843781672867500        0.000000094515564       -0.057842428916676        0.057842523432240
         56.964725889192749        0.000000097268638        0.049364856036452       -0.049364758767814
         57.085670105518005        0.000000099842012       -0.046388157224890        0.046388257066902
         57.206614321843254        0.000000102698313        0.054516730040950       -0.054516627342637
         57.327558538168503        0.000000105800829       -0.064759115042095        0.064759220842924
         57.448502754493752        0.000000108636126        0.065141378681929       -0.065141270045803
         57.569446970819001        0.000000110913034       -0.055743827961805        0.055743938874839
         57.690391187144250        0.000000112462116        0.048043125216787       -0.048043012754671
         57.811335403469499        0.000000113376520       -0.049989489554323        0.049989602930843
         57.932279619794755        0.000000113671784        0.056105021315245       -0.056104907643461
         58.053223836120004        0.000000113197937       -0.054963543094110        0.054963656292047
         58.174168052445253        0.000000111789435        0.043839398051766       -0.043839286262332
         58.295112268770502        0.000000109493022       -0.031831146493537        0.031831255986559
         58.416056485095751        0.000000106505857        0.028040223761997       -0.028040117256140
         58.537000701421000        0.000000102703058       -0.030403080451882        0.030403183154940
         58.657944917746249        0.000000097673875        0.029068917818471       -0.029068820144596
         58.778889134071505        0.000000091119837       -0.019350330593483        0.019350421713320
         58.899833350396754        0.000000083418997        0.007407618861483       -0.007407535442486
         59.020777566722003        0.000000075269136       -0.002091930496536        0.002092005765672
         59.141721783047252        0.000000066709491        0.003926615049393       -0.003926548339902
         59.262665999372501        0.000000057092077       -0.005181985170855        0.005182042262932
         59.383610215697750        0.000000045862577        0.000127600817689       -0.000127554955112
         59.504554432022999        0.000000033386222        0.007945209180561       -0.007945175794339
         59.625498648348255        0.000000020689191       -0.011460882247543        0.011460902936734
         59.746442864673504        0.000000008197374        0.008177400207160       -0.008177392009786
         59.867387080998753       -0.000000004630671       -0.003483441929364        0.003483437298693
         59.988331297324002       -0.000000018400145        0.003066049871917       -0.003066068272062
         60.109275513649251       -0.000000032880097       -0.005904563767247        0.005904530887150
         60.230219729974500       -0.000000047063031        0.006130295441265       -0.006130342504296
         60.351163946299749       -0.000000060393932       -0.000698720073927        0.000698659679995
         60.472108162625005       -0.000000073190534       -0.007171411456045        0.007171338265511
         60.593052378950254       -0.000000085873562        0.012513236679673       -0.012513322553235
         60.713996595275503       -0.000000098207283       -0.014796376043741        0.014796277836458
         60.834940811600752       -0.000000109445261        0.017931941959898       -0.017932051405159
         60.955885027926001       -0.000000119235878       -0.024859732684587        0.024859613448710
         61.076829244251250       -0.000000127726362        0.033879371938832       -0.033879499665194
         61.197773460576499       -0.000000135049375       -0.041074450288671        0.041074315239295
         61.318717676901755       -0.000000140949330        0.045055843465692       -0.045055984415022
         61.439661893227004       -0.000000145162493       -0.048007576469139        0.048007431306646
         61.560606109552253       -0.000000147620059        0.052234252302821       -0.052234399922880
         61.681550325877502       -0.000000148368740       -0.057153098559518        0.057152950190779
         61.802494542202751       -0.000000147351651        0.060287329904308       -0.060287477255960
         61.923438758528000       -0.000000144514857       -0.060479974637069        0.060479830122212
         62.044382974853249       -0.000000139902111        0.058952771894100       -0.058952911796212
         62.165327191178505       -0.000000133517513       -0.057385188477361        0.057385054959848
         62.286271407503754       -0.000000125356926        0.055914539283618       -0.055914664640544
         62.407215623829003       -0.000000115425556       -0.053605086544943        0.053604971119387
         62.528159840154252       -0.000000103882008        0.050145345100210       -0.050145448982218
         62.649104056479501       -0.000000090803965       -0.046279942427307        0.046279851623342
         62.770048272804750       -0.000000076314293        0.042663073803201       -0.042663150117494
         62.890992489129999       -0.000000060535031       -0.039212047209329        0.039211986674298
         63.011936705455255       -0.000000043712077        0.035837686371738       -0.035837730083816
         63.132880921780504       -0.000000025955539       -0.033160860799413        0.033160834843874
         63.253825138105753       -0.000000007394988        0.031739822677361       -0.031739830072349
         63.374769354431002        0.000000011760669       -0.031013120820799        0.031013132581467
         63.495713570756251        0.000000031106631        0.029869297061599       -0.029869265954968
         63.616657787081500        0.000000050398406       -0.028462461746175        0.028462512144581
         63.737602003406749        0.000000069586675        0.028495029567104       -0.028494959980429
         63.858546219732006        0.000000088686544       -0.031039384374052        0.031039473060595
         63.979490436057254        0.000000107396107        0.034633496638043       -0.034633389241936
         64.100434652382503        0.000000125262665       -0.036742093928670        0.036742219191335
         64.221378868707745        0.000000141977321        0.037121402647124       -0.037121260669803
         64.342323085033001        0.000000157577814       -0.038551113511346        0.038551271089160
         64.463267301358258        0.000000172130042        0.043262532564115       -0.043262360434074
         64.584211517683499        0.000000185497297       -0.049493816366240        0.049494001863537
         64.705155734008756        0.000000197314385        0.053091010585164       -0.053090813270779
         64.826099950333997        0.000000207349143       -0.052734235915282        0.052734443264425
         64.947044166659254        0.000000215538561        0.051944346040720       -0.051944130502158
         65.067988382984495        0.000000221937108       -0.054678915358758        0.054679137295867
         65.188932599309751        0.000000226531304        0.059756781895800       -0.059756555364497
         65.309876815635008        0.000000229247069       -0.061743815336164        0.061744044583233
         65.430821031960249        0.000000230023221        0.057761871625108       -0.057761641601886
         65.551765248285506        0.000000228878646       -0.051602500348944        0.051602729227590
         65.672709464610747        0.000000225905875        0.049244748822775       -0.049244522916900
         65.793653680936004        0.000000221162152       -0.051090339574962        0.051090560737114
         65.914597897261245        0.000000214629039        0.051062767880116       -0.051062553251078
         66.035542113586502        0.000000206306255       -0.044395035435403        0.044395241741658
         66.156486329911758        0.000000196457827        0.034244446348386       -0.034244249890558
         66.277430546236999        0.000000185566306       -0.028265916588968        0.028266102155274
         66.398374762562256        0.000000173838812        0.028960784621216       -0.028960610782403
         66.519318978887497        0.000000160973276       -0.030275579238313        0.030275740211589
         66.640263195212754        0.000000146637736        0.025285138833864       -0.025284992196128
         66.761207411537995        0.000000131129536       -0.015453017827342        0.015453148956878
         66.882151627863252        0.000000115511821        0.009260690845565       -0.009260575333744
         67.003095844188508        0.000000100386872       -0.011556607004785        0.011556707391657
         67.124040060513749        0.000000085264039        0.017111680870729       -0.017111595606690
         67.244984276839006        0.000000069314926       -0.017113824199139        0.017113893514065
         67.365928493164247        0.000000052622976        0.010580071861153       -0.010580019238177
         67.486872709489504        0.000000036561796       -0.005996140924238        0.005996177486034
         67.607816925814745        0.000000022157986        0.010613879706980       -0.010613857548994
         67.728761142140002        0.000000008842949       -0.020957304571001        0.020957313413951
         67.849705358465258       -0.000000004474216        0.026903323137726       -0.026903327611942
         67.970649574790500       -0.000000017886247       -0.024586868350905        0.024586850464657
         68.091593791115756       -0.000000030042328        0.021534747131057       -0.021534777173384
         68.212538007440997       -0.000000039990032       -0.027159869566777        0.027159829576745
         68.333482223766254       -0.000000048395727        0.040387252816477       -0.040387301212204
         68.454426440091495       -0.000000056194060       -0.050468541530203        0.050468485336142
         68.575370656416752       -0.000000063264975        0.050351762807412       -0.050351826072388
         68.696314872742008       -0.000000068763533       -0.045714106122719        0.045714037359187
         68.817259089067250       -0.000000072452573        0.047737297098233       -0.047737369550807
         68.938203305392506       -0.000000074946354       -0.058498415740719        0.058498340794365
         69.059147521717748       -0.000000076493387        0.067643570041934       -0.067643646535322
         69.180091738043004       -0.000000076892643       -0.065217266166447        0.065217189273804
         69.301035954368245       -0.000000076208999        0.054500328827144       -0.054500405036144
         69.421980170693502       -0.000000074750483       -0.048264921319024        0.048264846568542
         69.542924387018758       -0.000000072332690        0.052556978768727       -0.052557051101418
         69.663868603344000       -0.000000068630526       -0.058665872705351        0.058665804074826
         69.784812819669256       -0.000000064240949        0.054050008829792       -0.054050073070741
         69.905757035994498       -0.000000060038243       -0.038809901793415        0.038809841755172
         70.026701252319754       -0.000000055881353        0.026415655276639       -0.026415711157993
         70.147645468644996       -0.000000050510699       -0.027026942183788        0.027026891673088
         70.268589684970252       -0.000000043676979        0.034302885898242       -0.034302929575221
         70.389533901295508       -0.000000037256083       -0.033195154655536        0.033195117399454
         70.510478117620750       -0.000000032494629        0.019411485716204       -0.019411518210833
         70.631422333946006       -0.000000028461724       -0.005755838501704        0.005755810039979
         70.752366550271248       -0.000000023230296        0.006300846640585       -0.006300869870881
         70.873310766596504       -0.000000016533404       -0.018107006414491        0.018106989881087
         70.994254982921746       -0.000000010825836        0.024301429282673       -0.024301440108508
         71.115199199247002       -0.000000007611051       -0.015540795703058        0.015540788092007
         71.236143415572258       -0.000000005732766        0.002607642945872       -0.002607648678638
         71.357087631897500       -0.000000003141447       -0.003245886026874        0.003245882885427
         71.478031848222756        0.000000000906571        0.019172228580030       -0.019172227673458
         71.598976064547998        0.000000004413589       -0.033068126519502        0.033068130933090
         71.719920280873254        0.000000005716038        0.030289416743107       -0.030289411027068
         71.840864497198496        0.000000005499510       -0.018051219877342        0.018051225376852
         71.961808713523752        0.000000005310506        0.016794065892977       -0.016794060582471
         72.082752929849008        0.000000006178372       -0.033856739996201        0.033856746174574
         72.203697146174250        0.000000007271145        0.053186759114513       -0.053186751843369
         72.324641362499506        0.000000007431545       -0.055233158937265        0.055233166368810
         72.445585578824748        0.000000006809238        0.042066831304121       -0.042066824494883
         72.566529795150004        0.000000006000488       -0.035247117565221        0.035247123565708
