#             time (fs)      |   total net charge (e)  |   charge (atom_1) (e)   |   charge (atom_2) (e)   |        ...        |   charge (atom_N) (e)   |
          0.000000000000000       -0.000000000000000       -0.000000000000000        0.000000000000000
          0.120944216325250       -0.000000000011025        0.000177172140507       -0.000177172151532
          0.241888432650500       -0.000000000025469       -0.000056614536563        0.000056614511094
          0.362832648975750       -0.000000000043745       -0.000913908497720        0.000913908453975
          0.483776865301000       -0.000000000062713        0.001569112012339       -0.001569112075052
          0.604721081626250       -0.000000000083703       -0.000443843667771        0.000443843584068
          0.725665297951500       -0.000000000105428       -0.001520408308484        0.001520408203056
          0.846609514276750       -0.000000000124940        0.001527646863498       -0.001527646988438
          0.967553730602000       -0.000000000145823        0.001141663322075       -0.001141663467898
          1.088497946927250       -0.000000000162694       -0.003301362057820        0.003301361895126
          1.209442163252500       -0.000000000174845        0.001649094974620       -0.001649095149465
          1.330386379577750       -0.000000000185262        0.002316536699233       -0.002316536884495
          1.451330595903000       -0.000000000189792       -0.003419851495445        0.003419851305654
          1.572274812228250       -0.000000000190321       -0.000429358632231        0.000429358441910
          1.693219028553500       -0.000000000185344        0.004671121248574       -0.004671121433918
          1.814163244878750       -0.000000000178402       -0.003417227634513        0.003417227456112
          1.935107461204000       -0.000000000161273       -0.002461353625153        0.002461353463880
          2.056051677529250       -0.000000000147316        0.005540849459207       -0.005540849606523
          2.176995893854500       -0.000000000127190       -0.001235718066153        0.001235717938963
          2.297940110179750       -0.000000000095454       -0.005460949811543        0.005460949716090
          2.418884326505000       -0.000000000088210        0.005644854193078       -0.005644854281288
          2.539828542830250       -0.000000000051473        0.001746383003617       -0.001746383055090
          2.660772759155500       -0.000000000027242       -0.007544201925884        0.007544201898642
          2.781716975480750       -0.000000000019954        0.003730159302331       -0.003730159322285
          2.902661191806000        0.000000000027460        0.005516099054453       -0.005516099026993
          3.023605408131250        0.000000000016189       -0.008209615660223        0.008209615676412
          3.144549624456500        0.000000000039290        0.000047402288477       -0.000047402249187
          3.265493840781750        0.000000000066884        0.009014355097991       -0.009014355031107
          3.386438057107000        0.000000000036497       -0.006860770741408        0.006860770777906
          3.507382273432250        0.000000000083555       -0.004609220220995        0.004609220304550
          3.628326489757500        0.000000000051499        0.010803529906324       -0.010803529854826
          3.749270706082750        0.000000000036746       -0.002976387069126        0.002976387105873
          3.870214922408000        0.000000000076370       -0.009516710349972        0.009516710426342
          3.991159138733250        0.000000000009824        0.010327885802326       -0.010327885792502
          4.112103355058500        0.000000000038060        0.002524789034487       -0.002524788996428
          4.233047571383750        0.000000000023682       -0.012917202284316        0.012917202307998
          4.353991787709000       -0.000000000030239        0.006870670186190       -0.006870670216429
          4.474936004034250        0.000000000008429        0.008652857041693       -0.008652857033264
          4.595880220359500       -0.000000000040320       -0.013626153980559        0.013626153940239
          4.716824436684750       -0.000000000039789        0.000782855724582       -0.000782855764371
          4.837768653010000       -0.000000000033039        0.013956316137327       -0.013956316170366
          4.958712869335250       -0.000000000068496       -0.011251360321599        0.011251360253103
          5.079657085660500       -0.000000000052425       -0.006215880314498        0.006215880262074
          5.200601301985750       -0.000000000060809        0.016139257775142       -0.016139257835951
          5.321545518311000       -0.000000000057101       -0.005073183387206        0.005073183330106
          5.442489734636251       -0.000000000061462       -0.013404469275216        0.013404469213754
          5.563433950961501       -0.000000000031604        0.015381811363803       -0.015381811395407
          5.684378167286750       -0.000000000039415        0.002368072304380       -0.002368072343795
          5.805322383612000       -0.000000000034244       -0.017326845104938        0.017326845070694
          5.926266599937250        0.000000000026824        0.009827076149598       -0.009827076122775
          6.047210816262500       -0.000000000036929        0.011078197652916       -0.011078197689845
          6.168155032587750        0.000000000044608       -0.018527207258188        0.018527207302797
          6.289099248913001        0.000000000055900        0.002426511585710       -0.002426511529810
          6.410043465238251        0.000000000006692        0.016889032951883       -0.016889032945191
          6.530987681563500        0.000000000144704       -0.014367104796657        0.014367104941361
          6.651931897888750        0.000000000023276       -0.007228393513834        0.007228393537110
          6.772876114214000        0.000000000087491        0.020258836940794       -0.020258836853304
          6.893820330539250        0.000000000158306       -0.007614307400257        0.007614307558563
          7.014764546864500        0.000000000004600       -0.014814840493034        0.014814840497634
          7.135708763189751        0.000000000186953        0.018115651696144       -0.018115651509191
          7.256652979515001        0.000000000069775        0.002356380517752       -0.002356380447977
          7.377597195840250        0.000000000018995       -0.020489893019776        0.020489893038771
          7.498541412165500        0.000000000169186        0.012728717051403       -0.012728716882217
          7.619485628490750       -0.000000000039613        0.011327732842039       -0.011327732881652
          7.740429844816000        0.000000000074481       -0.020775105155990        0.020775105230471
          7.861374061141250        0.000000000037161        0.003087481628010       -0.003087481590849
          7.982318277466501       -0.000000000102591        0.019303636677626       -0.019303636780218
          8.103262493791750        0.000000000040127       -0.017439542775132        0.017439542815259
          8.224206710117000       -0.000000000113017       -0.006741229656355        0.006741229543338
          8.345150926442249       -0.000000000091592        0.022307007619447       -0.022307007711039
          8.466095142767500       -0.000000000067129       -0.008861334838489        0.008861334771360
          8.587039359092751       -0.000000000183984       -0.016759441665285        0.016759441481301
          8.707983575418000       -0.000000000114427        0.021514060332751       -0.021514060447178
          8.828927791743251       -0.000000000152963        0.001315306589063       -0.001315306742026
          8.949872008068500       -0.000000000158164       -0.022746334811644        0.022746334653480
          9.070816224393750       -0.000000000158335        0.014864708024476       -0.014864708182811
          9.191760440718999       -0.000000000121358        0.012840276998528       -0.012840277119886
          9.312704657044250       -0.000000000142620       -0.024780663932214        0.024780663789594
          9.433648873369501       -0.000000000134851        0.004861665841494       -0.004861665976345
          9.554593089694750       -0.000000000018559        0.021955961841157       -0.021955961859717
          9.675537306020001       -0.000000000148465       -0.020909665140342        0.020909664991877
          9.796481522345250        0.000000000037156       -0.007521099807394        0.007521099844549
          9.917425738670500        0.000000000021351        0.027068824233737       -0.027068824212386
         10.038369954995749       -0.000000000084037       -0.011813588404870        0.011813588320833
         10.159314171321000        0.000000000242118       -0.019562111438214        0.019562111680332
         10.280258387646251       -0.000000000026761        0.026607258802352       -0.026607258829113
         10.401202603971500        0.000000000147699        0.000785718842347       -0.000785718694648
         10.522146820296751        0.000000000297258       -0.028012063878114        0.028012064175372
         10.643091036622000       -0.000000000044623        0.019390374514748       -0.019390374559371
         10.764035252947250        0.000000000404042        0.015156084069292       -0.015156083665250
         10.884979469272501        0.000000000174764       -0.031360103418284        0.031360103593048
         11.005923685597750        0.000000000135218        0.007309710233161       -0.007309710097944
         11.126867901923001        0.000000000476802        0.027005515625736       -0.027005515148934
         11.247812118248250        0.000000000021547       -0.027038680482797        0.027038680504344
         11.368756334573501        0.000000000377031       -0.008486246688947        0.008486247065978
         11.489700550898750        0.000000000321863        0.034343143107592       -0.034343142785729
         11.610644767224001        0.000000000080600       -0.016364763853022        0.016364763933622
         11.731588983549251        0.000000000484136       -0.023437696979974        0.023437697464111
         11.852533199874500        0.000000000116633        0.033807109074675       -0.033807108958042
         11.973477416199751        0.000000000242627       -0.000316615371113        0.000316615613740
         12.094421632525000        0.000000000366739       -0.034619278016307        0.034619278383046
         12.215365848850251        0.000000000106719        0.025475663429674       -0.025475663322955
         12.336310065175500        0.000000000338731        0.017048920867206       -0.017048920528475
         12.457254281500751        0.000000000230500       -0.038491573292202        0.038491573522702
         12.578198497826001        0.000000000213023        0.010521270569473       -0.010521270356450
         12.699142714151250        0.000000000268021        0.031558864343767       -0.031558864075746
         12.820086930476501        0.000000000259390       -0.033381325129658        0.033381325389048
         12.941031146801750        0.000000000239488       -0.008177476866924        0.008177477106412
         13.061975363127001        0.000000000241412        0.040020612197294       -0.040020611955882
         13.182919579452250        0.000000000378684       -0.020817581360201        0.020817581738884
         13.303863795777501        0.000000000142387       -0.025228211638967        0.025228211781354
         13.424808012102751        0.000000000411594        0.038898208311342       -0.038898207899748
         13.545752228428000        0.000000000331501       -0.002205353564189        0.002205353895690
         13.666696444753251        0.000000000118917       -0.037935914479157        0.037935914598074
         13.787640661078500        0.000000000621277        0.029799706256897       -0.029799705635620
         13.908584877403751        0.000000000124676        0.016395521481020       -0.016395521356344
         14.029529093729000        0.000000000385596       -0.041321952224644        0.041321952610240
         14.150473310054251        0.000000000570267        0.012807856381475       -0.012807855811208
         14.271417526379501       -0.000000000021493        0.032599586019718       -0.032599586041211
         14.392361742704750        0.000000000685495       -0.036525128407821        0.036525129093316
         14.513305959030001        0.000000000231974       -0.006142127135711        0.006142127367685
         14.634250175355250        0.000000000192714        0.040590609291337       -0.040590609098623
         14.755194391680501        0.000000000711206       -0.022522326734848        0.022522327446054
         14.876138608005750       -0.000000000104737       -0.024872505169019        0.024872505064282
         14.997082824331001        0.000000000497319        0.040687437060162       -0.040687436562843
         15.118027040656251        0.000000000350441       -0.004553980611431        0.004553980961872
         15.238971256981500       -0.000000000068534       -0.037131818867977        0.037131818799443
         15.359915473306751        0.000000000589726        0.030758513043500       -0.030758512453774
         15.480859689632000       -0.000000000063557        0.015593370469695       -0.015593370533253
         15.601803905957251        0.000000000140924       -0.042390832394684        0.042390832535608
         15.722748122282500        0.000000000315217        0.015031691317569       -0.015031691002353
         15.843692338607751       -0.000000000147098        0.031525912636739       -0.031525912783837
         15.964636554933001        0.000000000247995       -0.037402133757817        0.037402134005811
         16.085580771258250        0.000000000004755       -0.005271860771417        0.005271860776172
         16.206524987583499       -0.000000000027466        0.041822226413759       -0.041822226441225
         16.327469203908752        0.000000000101964       -0.024950418632780        0.024950418734744
         16.448413420234001       -0.000000000003899       -0.024182842240466        0.024182842236567
         16.569357636559250        0.000000000018000        0.042489450755103       -0.042489450737103
         16.690301852884499        0.000000000017853       -0.005870299040702        0.005870299058555
         16.811246069209751        0.000000000163471       -0.039066235338419        0.039066235501891
         16.932190285535000       -0.000000000109674        0.034180013854392       -0.034180013964066
         17.053134501860249        0.000000000246841        0.015156827989519       -0.015156827742678
         17.174078718185502        0.000000000157203       -0.045835048926147        0.045835049083350
         17.295022934510751       -0.000000000067517        0.017655575599127       -0.017655575666644
         17.415967150836000        0.000000000598050        0.034034830584897       -0.034034829986846
         17.536911367161249       -0.000000000094878       -0.042544523920386        0.042544523825508
         17.657855583486501        0.000000000368447       -0.004278261607110        0.004278261975557
         17.778799799811750        0.000000000613204        0.046915439622390       -0.046915439009186
         17.899744016136999       -0.000000000156548       -0.029758184469069        0.029758184312521
         18.020688232462252        0.000000000949326       -0.026418505290797        0.026418506240123
         18.141632448787501        0.000000000190176        0.049479986754498       -0.049479986564322
         18.262576665112750        0.000000000253049       -0.008449720471898        0.008449720724947
         18.383520881437999        0.000000001105316       -0.044975126746642        0.044975127851957
         18.504465097763251       -0.000000000114741        0.041517018286018       -0.041517018400759
         18.625409314088500        0.000000000929432        0.015893225316340       -0.015893224386907
         18.746353530413749        0.000000000656114       -0.053933309476424        0.053933310132538
         18.867297746739002        0.000000000075491        0.022531292502427       -0.022531292426936
         18.988241963064251        0.000000001223051        0.039234709401606       -0.039234708178555
         19.109186179389500        0.000000000184831       -0.051720313125637        0.051720313310468
         19.230130395714749        0.000000000668679       -0.002566059874679        0.002566060543358
         19.351074612040001        0.000000000924241        0.054636720369212       -0.054636719444971
         19.472018828365250        0.000000000147204       -0.036780144306333        0.036780144453537
         19.592963044690499        0.000000000986756       -0.029277054681900        0.029277055668656
         19.713907261015752        0.000000000516400        0.058730242342836       -0.058730241826436
         19.834851477341001        0.000000000513080       -0.012643032390207        0.012643032903287
         19.955795693666250        0.000000000849194       -0.050585715597973        0.050585716447167
         20.076739909991499        0.000000000490988        0.049377630807975       -0.049377630316987
         20.197684126316751        0.000000000675372        0.015577026475273       -0.015577025799900
         20.318628342642000        0.000000000643577       -0.061050761425390        0.061050762068967
         20.439572558967249        0.000000000723344        0.028039540544277       -0.028039539820933
         20.560516775292502        0.000000000490326        0.041597263855481       -0.041597263365155
         20.681460991617751        0.000000000831218       -0.058355795652264        0.058355796483482
         20.802405207943000        0.000000000681246        0.000343022879209       -0.000343022197963
         20.923349424268253        0.000000000418307        0.058039349459085       -0.058039349040778
         21.044293640593501        0.000000001165287       -0.041636638359204        0.041636639524490
         21.165237856918750        0.000000000225394       -0.028590888432404        0.028590888657798
         21.286182073243999        0.000000000828046        0.062421192955586       -0.062421192127540
         21.407126289569252        0.000000001042926       -0.016434789969666        0.016434791012592
         21.528070505894501        0.000000000005248       -0.050164253173568        0.050164253178817
         21.649014722219750        0.000000001436016        0.051853665258089       -0.051853663822073
         21.769958938545003        0.000000000339046        0.013293247533650       -0.013293247194604
         21.890903154870252        0.000000000392625       -0.061448393306067        0.061448393698692
         22.011847371195501        0.000000001429668        0.030957137648310       -0.030957136218642
         22.132791587520749       -0.000000000202698        0.038671173396077       -0.038671173598775
         22.253735803846002        0.000000001171560       -0.057992279544037        0.057992280715596
         22.374680020171251        0.000000000675620        0.002524017894393       -0.002524017218773
         22.495624236496500       -0.000000000075863        0.056224554174071       -0.056224554249934
         22.616568452821753        0.000000001384901       -0.042939872160912        0.042939873545813
         22.737512669147002       -0.000000000108870       -0.024980839229311        0.024980839120440
         22.858456885472251        0.000000000600556        0.060205563361924       -0.060205562761368
         22.979401101797500        0.000000000845340       -0.017673940229207        0.017673941074547
         23.100345318122752       -0.000000000279398       -0.047790182325017        0.047790182045619
         23.221289534448001        0.000000000903972        0.052103916462715       -0.052103915558743
         23.342233750773250        0.000000000155984        0.010204312911310       -0.010204312755326
         23.463177967098503        0.000000000135665       -0.059074389535361        0.059074389671026
         23.584122183423752        0.000000000615080        0.031664866721198       -0.031664866106118
         23.705066399749001       -0.000000000021231        0.036912704557224       -0.036912704578456
         23.826010616074250        0.000000000341047       -0.058511956754247        0.058511957095294
         23.946954832399502        0.000000000253104        0.005035323424056       -0.005035323170953
         24.067899048724751        0.000000000244614        0.055089850753585       -0.055089850508972
         24.188843265050000        0.000000000138327       -0.044381068569986        0.044381068708313
         24.309787481375253        0.000000000414009       -0.023959308298258        0.023959308712267
         24.430731697700502        0.000000000256947        0.062230505160102       -0.062230504903154
         24.551675914025751        0.000000000045327       -0.020532407950582        0.020532407995909
         24.672620130351000        0.000000000852494       -0.048303104333431        0.048303105185925
         24.793564346676252       -0.000000000141017        0.055604416739334       -0.055604416880351
         24.914508563001501        0.000000000621330        0.009054199871231       -0.009054199249901
         25.035452779326750        0.000000000817134       -0.063073224261895        0.063073225079030
         25.156396995652003       -0.000000000314087        0.036155609584531       -0.036155609898618
         25.277341211977252        0.000000001441095        0.038358983915412       -0.038358982474316
         25.398285428302501        0.000000000141512       -0.064724023202980        0.064724023344493
         25.519229644627750        0.000000000410660        0.007692332568211       -0.007692332157551
         25.640173860953002        0.000000001591769        0.060427973754922       -0.060427972163153
         25.761118077278251       -0.000000000419408       -0.051347980439240        0.051347980019832
         25.882062293603500        0.000000001545709       -0.024861975161026        0.024861976706735
         26.003006509928753        0.000000000817198        0.070666108220646       -0.070666107403448
         26.123950726254002        0.000000000041383       -0.025822145763205        0.025822145804589
         26.244894942579251        0.000000002054774       -0.053412707528869        0.053412709583643
         26.365839158904500       -0.000000000079851        0.064850484596379       -0.064850484676230
         26.486783375229752        0.000000001116834        0.007835019012020       -0.007835017895186
         26.607727591555001        0.000000001485709       -0.071991983222478        0.071991984708187
         26.728671807880250       -0.000000000028465        0.044120709295435       -0.044120709323900
         26.849616024205503        0.000000001818055        0.041421233175540       -0.041421231357485
         26.970560240530752        0.000000000614117       -0.074786100985724        0.074786101599841
         27.091504456856001        0.000000000714351        0.011836589783124       -0.011836589068772
         27.212448673181250        0.000000001541697        0.067390265161299       -0.067390263619601
         27.333392889506502        0.000000000444077       -0.060531944125746        0.060531944569823
         27.454337105831751        0.000000001258069       -0.024728536726665        0.024728537984734
         27.575281322157000        0.000000001023599        0.079159418652485       -0.079159417628886
         27.696225538482253        0.000000000858405       -0.032158311553078        0.032158312411483
         27.817169754807502        0.000000001054469       -0.056461104384905        0.056461105439374
         27.938113971132751        0.000000001064564        0.072693257453990       -0.072693256389426
         28.059058187458000        0.000000000979799        0.004821538010276       -0.004821537030478
         28.180002403783252        0.000000000800100       -0.076682887168789        0.076682887968889
         28.300946620108501        0.000000001491368        0.050441575446730       -0.050441573955362
         28.421890836433750        0.000000000497484        0.040232910355063       -0.040232909857580
         28.542835052759003        0.000000001251267       -0.078825191285454        0.078825192536722
         28.663779269084252        0.000000001343530        0.015875019159833       -0.015875017816303
         28.784723485409501        0.000000000137051        0.067515487873109       -0.067515487736058
         28.905667701734750        0.000000001995533       -0.064341320589047        0.064341322584580
         29.026611918060002        0.000000000411646       -0.020843888049563        0.020843888461209
         29.147556134385251        0.000000000792010        0.078399916557683       -0.078399915765673
         29.268500350710500        0.000000001993637       -0.034843726618658        0.034843728612295
         29.389444567035753       -0.000000000404943       -0.053220689582230        0.053220689177288
         29.510388783361002        0.000000001875484        0.072727851704132       -0.072727849828648
         29.631332999686251        0.000000000865837        0.000643405326848       -0.000643404461012
         29.752277216011500       -0.000000000029426       -0.072156442797433        0.072156442768007
         29.873221432336752        0.000000002260987        0.050372256073300       -0.050372253812313
         29.994165648662001       -0.000000000340691        0.035912604692540       -0.035912605033230
         30.115109864987250        0.000000001061126       -0.075732430745043        0.075732431806169
         30.236054081312503        0.000000001331870        0.018585445982929       -0.018585444651059
         30.356998297637752       -0.000000000457363        0.061515858658739       -0.061515859116102
         30.477942513963001        0.000000001731879       -0.061873740238639        0.061873741970518
         30.598886730288250        0.000000000098703       -0.017351058558101        0.017351058656804
         30.719830946613502        0.000000000284266        0.074154762903802       -0.074154762619535
         30.840775162938751        0.000000001241392       -0.035897931550014        0.035897932791407
         30.961719379264000       -0.000000000279979       -0.047874455340059        0.047874455060080
         31.082663595589253        0.000000000861150        0.069551265399912       -0.069551264538762
         31.203607811914502        0.000000000431343       -0.001473492123618        0.001473492554961
         31.324552028239751        0.000000000115497       -0.068802932302841        0.068802932418338
         31.445496244565000        0.000000000607271        0.050968889910250       -0.050968889302978
         31.566440460890252        0.000000000301583        0.032155162354884       -0.032155162053301
         31.687384677215501        0.000000000359548       -0.073814366557643        0.073814366917191
         31.808328893540750        0.000000000269645        0.020192255237902       -0.020192254968257
         31.929273109866003        0.000000000738590        0.060109592343958       -0.060109591605369
         32.050217326191252       -0.000000000031307       -0.063711464415559        0.063711464384252
         32.171161542516501        0.000000000686726       -0.014712055170269        0.014712055856995
         32.292105758841750        0.000000000727820        0.074726124999394       -0.074726124271574
         32.413049975166999       -0.000000000261649       -0.038587832242773        0.038587831981123
         32.533994191492248        0.000000001605446       -0.048116877216857        0.048116878822303
         32.654938407817504       -0.000000000059584        0.073882417194377       -0.073882417253962
         32.775882624142753        0.000000000505033       -0.004424940593324        0.004424941098357
         32.896826840468002        0.000000001741316       -0.071789086948702        0.071789088690017
         33.017771056793251       -0.000000000665115        0.056133999394211       -0.056134000059326
         33.138715273118500        0.000000001947481        0.032644597624687       -0.032644595677205
         33.259659489443749        0.000000000725906       -0.080730302215933        0.080730302941840
         33.380603705768998       -0.000000000054956        0.024998672741301       -0.024998672796257
         33.501547922094254        0.000000002522718        0.064157522526436       -0.064157520003718
         33.622492138419503       -0.000000000395635       -0.071711391804174        0.071711391408539
         33.743436354744752        0.000000001567118       -0.013657325833743        0.013657327400860
         33.864380571070001        0.000000001697617        0.082940209719081       -0.082940208021464
         33.985324787395250       -0.000000000331375       -0.045996140203176        0.045996139871801
         34.106269003720499        0.000000002543637       -0.051108821699721        0.051108824243358
         34.227213220045748        0.000000000399756        0.083530683069079       -0.083530682669323
         34.348157436371004        0.000000000920000       -0.008171618119962        0.008171619039963
         34.469101652696253        0.000000002196900       -0.079045780721992        0.079045782918892
         34.590045869021502        0.000000000073918        0.065431077685441       -0.065431077611523
         34.710990085346751        0.000000001856753        0.032702610932148       -0.032702609075395
         34.831934301672000        0.000000001199093       -0.089488550040207        0.089488551239299
         34.952878517997249        0.000000000773964        0.031079524742388       -0.031079523968423
         35.073822734322498        0.000000001766272        0.068193140972281       -0.068193139206009
         35.194766950647754        0.000000000946535       -0.080622639296758        0.080622640243293
         35.315711166973003        0.000000001284856       -0.010346197221697        0.010346198506553
         35.436655383298252        0.000000001251827        0.088024646711589       -0.088024645459762
         35.557599599623501        0.000000001386031       -0.052386559327812        0.052386560713843
         35.678543815948750        0.000000000938327       -0.050898302240687        0.050898303179014
         35.799488032273999        0.000000001455635        0.089128461342314       -0.089128459886680
         35.920432248599248        0.000000001424256       -0.013299239240088        0.013299240664344
         36.041376464924504        0.000000000540829       -0.078952574042096        0.078952574582925
         36.162320681249753        0.000000002200388        0.069301365829480       -0.069301363629092
         36.283264897575002        0.000000000535509        0.029252035305975       -0.029252034770466
         36.404209113900251        0.000000001086976       -0.089866643646991        0.089866644733968
         36.525153330225500        0.000000002157078        0.035257179051699       -0.035257176894622
         36.646097546550749       -0.000000000271135        0.063633914260137       -0.063633914531272
         36.767041762875998        0.000000002339093       -0.079964824552587        0.079964826891680
         36.887985979201254        0.000000000899378       -0.006176164198310        0.006176165097688
         37.008930195526503        0.000000000177172        0.083484628115622       -0.083484627938450
         37.129874411851752        0.000000002685720       -0.053326664642527        0.053326667328247
         37.250818628177001       -0.000000000530597       -0.044372326293009        0.044372325762412
         37.371762844502250        0.000000001623034        0.084010459019826       -0.084010457396792
         37.492707060827499        0.000000001572620       -0.015777617779906        0.015777619352525
         37.613651277152748       -0.000000000621574       -0.071736760526444        0.071736759904870
         37.734595493478004        0.000000002418445        0.066562303971016       -0.066562301552571
         37.855539709803253       -0.000000000081692        0.023449114194004       -0.023449114275696
         37.976483926128502        0.000000000500104       -0.082270629684665        0.082270630184769
         38.097428142453751        0.000000001779530        0.035122361111607       -0.035122359332077
         38.218372358779000       -0.000000000643428        0.056513833092950       -0.056513833736378
         38.339316575104249        0.000000001391466       -0.075065354815464        0.075065356206930
         38.460260791429498        0.000000000450014       -0.002456371300708        0.002456371750722
         38.581205007754754       -0.000000000050710        0.075988465603695       -0.075988465654405
         38.702149224080003        0.000000001184754       -0.051402529857389        0.051402531042142
         38.823093440405252       -0.000000000084344       -0.039179716265493        0.039179716181149
         38.944037656730501        0.000000000509363        0.079356484233402       -0.079356483724039
         39.064981873055750        0.000000000480845       -0.017802278703468        0.017802279184313
         39.185926089380999        0.000000000284175       -0.066192302622830        0.066192302907005
         39.306870305706248        0.000000000291892        0.064717305017102       -0.064717304725210
         39.427814522031504        0.000000000498255        0.020372664103449       -0.020372663605193
         39.548758738356753        0.000000000492355       -0.079806999327544        0.079806999819900
         39.669702954682002       -0.000000000057439        0.036994345237200       -0.036994345294639
         39.790647171007251        0.000000001168490        0.053372044302126       -0.053372043133636
         39.911591387332500       -0.000000000101793       -0.075124962992636        0.075124962890844
         40.032535603657749        0.000000000541996       -0.000300445597177        0.000300446139173
         40.153479819982998        0.000000001373759        0.076377009668816       -0.076377008295057
         40.274424036308254       -0.000000000633511       -0.054858500521926        0.054858499888415
         40.395368252633503        0.000000001814749       -0.037495868073868        0.037495869888617
         40.516312468958752        0.000000000398349        0.082158188292184       -0.082158187893835
         40.637256685284001        0.000000000047323       -0.020760620962924        0.020760621010247
         40.758200901609250        0.000000002469901       -0.068642285481930        0.068642287951831
         40.879145117934499       -0.000000000649619        0.070747433845593       -0.070747434495212
         41.000089334259748        0.000000001675582        0.018418571415041       -0.018418569739459
         41.121033550585004        0.000000001528020       -0.084757479621682        0.084757481149702
         41.241977766910253       -0.000000000429714        0.042029507339515       -0.042029507769229
         41.362921983235502        0.000000002841319        0.056028544079774       -0.056028541238455
         41.483866199560751        0.000000000154608       -0.083301970513835        0.083301970668443
         41.604810415886000        0.000000001042053        0.003477317647347       -0.003477316605295
         41.725754632211249        0.000000002327961        0.081604990974144       -0.081604988646183
         41.846698848536505       -0.000000000232570       -0.061937122523098        0.061937122290528
         41.967643064861754        0.000000002364039       -0.038341391138035        0.038341393502074
         42.088587281187003        0.000000001135162        0.090569381883436       -0.090569380748273
         42.209531497512252        0.000000000681439       -0.026758149877528        0.026758150558967
         42.330475713837501        0.000000002302390       -0.071774118022074        0.071774120324464
         42.451419930162750        0.000000000580460        0.078188400184704       -0.078188399604243
         42.572364146487999        0.000000001594123        0.016413233885868       -0.016413232291745
         42.693308362813255        0.000000001572939       -0.090682142688335        0.090682144261274
         42.814252579138504        0.000000001065018        0.048886902776939       -0.048886901711921
         42.935196795463753        0.000000001541655        0.055487850311532       -0.055487848769877
         43.056141011789002        0.000000001378157       -0.088369021215716        0.088369022593873
         43.177085228114251        0.000000001401729        0.007582374845737       -0.007582373444008
         43.298029444439500        0.000000001087526        0.082881420439187       -0.082881419351660
         43.418973660764749        0.000000001882145       -0.066931951975934        0.066931953858079
         43.539917877090005        0.000000000859558       -0.034449675049340        0.034449675908898
         43.660862093415254        0.000000001392590        0.090905007804267       -0.090905006411677
         43.781806309740503        0.000000001962880       -0.030589078439148        0.030589080402029
         43.902750526065752        0.000000000185679       -0.068175784784927        0.068175784970606
         44.023694742391001        0.000000002339880        0.078719167120756       -0.078719164780877
         44.144638958716250        0.000000000885772        0.011383063084570       -0.011383062198799
         44.265583175041499        0.000000000544341       -0.085804318750927        0.085804319295267
         44.386527391366755        0.000000002654482        0.049825608369932       -0.049825605715450
         44.507471607692004       -0.000000000309592        0.048944322932014       -0.048944323241606
         44.628415824017253        0.000000001863885       -0.083574273752984        0.083574275616870
         44.749360040342502        0.000000001469244        0.010948251623974       -0.010948250154730
         44.870304256667751       -0.000000000397506        0.074560504007359       -0.074560504404866
         44.991248472993000        0.000000002625399       -0.063791749185953        0.063791751811352
         45.112192689318249       -0.000000000133302       -0.027844746888928        0.027844746755626
         45.233136905643505        0.000000000817728        0.082193865224774       -0.082193864407045
         45.354081121968754        0.000000001853139       -0.030639585391151        0.030639587244291
         45.475025338294003       -0.000000000807535       -0.059292852118650        0.059292851311116
         45.595969554619252        0.000000001783795        0.072345053782823       -0.072345051999028
         45.716913770944501        0.000000000371018        0.006902298327794       -0.006902297956775
         45.837857987269750       -0.000000000100061       -0.075979568182225        0.075979568082164
         45.958802203594999        0.000000001511002        0.046914337915622       -0.046914336404620
         46.079746419920255       -0.000000000472899        0.041808761934061       -0.041808762406960
         46.200690636245504        0.000000000671513       -0.076128921470739        0.076128922142252
         46.321634852570753        0.000000000543824        0.012774213887540       -0.012774213343716
         46.442579068896002       -0.000000000182545        0.066268744118650       -0.066268744301195
         46.563523285221251        0.000000000617568       -0.059784050942470        0.059784051560038
         46.684467501546500        0.000000000086002       -0.023226067965768        0.023226068051770
         46.805411717871749        0.000000000204835        0.075916706040185       -0.075916705835350
         46.926355934197005        0.000000000155848       -0.030841415974732        0.030841416130581
         47.047300150522254        0.000000000457702       -0.053857809133826        0.053857809591528
         47.168244366847503       -0.000000000041701        0.069419836036773       -0.069419836078473
         47.289188583172752        0.000000000326747        0.004079011703619       -0.004079011376871
         47.410132799498001        0.000000000688179       -0.072194990142909        0.072194990831088
         47.531077015823250       -0.000000000437962        0.047257856945018       -0.047257857382980
         47.652021232148499        0.000000001204412        0.038958992989703       -0.038958991785291
         47.772965448473755        0.000000000140866       -0.075722920321110        0.075722920461975
         47.893909664799004        0.000000000072019        0.015360797987854       -0.015360797915835
         48.014853881124253        0.000000001664141        0.064932922444339       -0.064932920780198
         48.135798097449502       -0.000000000615510       -0.061720620735339        0.061720620119829
         48.256742313774751        0.000000001439472       -0.021578700838234        0.021578702277706
         48.377686530100000        0.000000001041021        0.078171394072577       -0.078171393031556
         48.498630746425249       -0.000000000307354       -0.034687188132173        0.034687187824819
         48.619574962750505        0.000000002371900       -0.053719217789512        0.053719220161412
         48.740519179075754       -0.000000000112789        0.073315080688771       -0.073315080801559
         48.861463395401003        0.000000001071806        0.001972170076209       -0.001972169004403
         48.982407611726252        0.000000002040241       -0.075878121260366        0.075878123300607
         49.103351828051501       -0.000000000289774        0.052892379939677       -0.052892380229451
         49.224296044376750        0.000000002286808        0.038283282576829       -0.038283280290021
         49.345240260701999        0.000000000858769       -0.080588836879566        0.080588837738335
         49.466184477027255        0.000000000656302        0.018946635085914       -0.018946634429612
         49.587128693352504        0.000000002331610        0.067943775798019       -0.067943773466409
         49.708072909677753        0.000000000350500       -0.068180028048909        0.068180028399409
         49.829017126003002        0.000000001733646       -0.019130798654115        0.019130800387762
         49.949961342328251        0.000000001523193        0.081990729047984       -0.081990727524791
         50.070905558653500        0.000000000778571       -0.039366369255653        0.039366370034223
         50.191849774978749        0.000000001884883       -0.054150274525302        0.054150276410185
         50.312793991304005        0.000000001117580        0.078356411739323       -0.078356410621742
         50.433738207629254        0.000000001360961       -0.002101750659000        0.002101752019961
         50.554682423954503        0.000000001446916       -0.076590480556568        0.076590482003484
         50.675626640279752        0.000000001408995        0.056792851972607       -0.056792850563612
         50.796570856605001        0.000000001218898        0.035603425125565       -0.035603423906667
         50.917515072930250        0.000000001398375       -0.081761236796576        0.081761238194950
         51.038459289255499        0.000000001577216        0.022905466369270       -0.022905464792054
         51.159403505580755        0.000000000754233        0.064731850861678       -0.064731850107445
         51.280347721906004        0.000000001930600       -0.068882788168540        0.068882790099140
         51.401291938231253        0.000000000982964       -0.014696117538978        0.014696118521942
         51.522236154556502        0.000000000946651        0.078106122784995       -0.078106121838344
         51.643180370881751        0.000000002097213       -0.040737334980047        0.040737337077260
         51.764124587207000        0.000000000088794       -0.048154123372320        0.048154123461114
         51.885068803532249        0.000000001780707        0.074452254136617       -0.074452252355910
         52.006013019857505        0.000000001263174       -0.005816302264107        0.005816303527282
         52.126957236182754        0.000000000091004       -0.068554243911037        0.068554244002041
         52.247901452508003        0.000000002274007        0.053893905184630       -0.053893902910623
         52.368845668833252       -0.000000000041286        0.029326289898647       -0.029326289939933
         52.489789885158501        0.000000000920387       -0.073844903388122        0.073844904308509
         52.610734101483750        0.000000001568905        0.023852839349542       -0.023852837780637
         52.731678317808999       -0.000000000495720        0.055049069002104       -0.055049069497825
         52.852622534134255        0.000000001684609       -0.061919474014799        0.061919475699409
         52.973566750459504        0.000000000193934       -0.010459371118037        0.010459371311971
         53.094510966784753       -0.000000000006956        0.068371971627481       -0.068371971634437
         53.215455183110002        0.000000001349802       -0.038431334387023        0.038431335736825
         53.336399399435251       -0.000000000580427       -0.039514232191284        0.039514231610857
         53.457343615760500        0.000000000695648        0.065342748359043       -0.065342747663395
         53.578287832085749        0.000000000329132       -0.007124634477266        0.007124634806398
         53.699232048411005       -0.000000000469841       -0.059486141532000        0.059486141062159
         53.820176264736254        0.000000000625477        0.049428957281240       -0.049428956655763
         53.941120481061503       -0.000000000312358        0.023315622115031       -0.023315622427388
         54.062064697386752       -0.000000000044272       -0.065076358865378        0.065076358821106
         54.183008913712001        0.000000000081755        0.022943307088053       -0.022943307006298
         54.303953130037250       -0.000000000243353        0.048243185847713       -0.048243186091066
         54.424897346362499       -0.000000000097206       -0.057146841256825        0.057146841159620
         54.545841562687755       -0.000000000097801       -0.007132536708577        0.007132536610776
         54.666785779013004       -0.000000000012408        0.061805488534003       -0.061805488546411
         54.787729995338253       -0.000000000359696       -0.036911057509816        0.036911057150120
         54.908674211663502        0.000000000322275       -0.035235805201994        0.035235805524269
         55.029618427988751       -0.000000000229463        0.061893728299721       -0.061893728529185
         55.150562644314000       -0.000000000128355       -0.008863459782130        0.008863459653775
         55.271506860639249        0.000000000670787       -0.055720864555768        0.055720865226555
         55.392451076964505       -0.000000000557978        0.048869249369362       -0.048869249927340
         55.513395293289754        0.000000000729055        0.020716733007067       -0.020716732278012
         55.634339509615003        0.000000000355762       -0.063653637244216        0.063653637599979
         55.755283725940252       -0.000000000285804        0.024521526988765       -0.024521527274569
         55.876227942265501        0.000000001400888        0.046662127920478       -0.046662126519590
         55.997172158590750       -0.000000000205565       -0.058361402428821        0.058361402223256
         56.118116374915999        0.000000000755537       -0.004853061694351        0.004853062449887
         56.239060591241255        0.000000001197557        0.061951872486541       -0.061951871288984
         56.360004807566504       -0.000000000238116       -0.039268069362578        0.039268069124462
         56.480949023891753        0.000000001688324       -0.034470506808311        0.034470508496635
         56.601893240217002        0.000000000520799        0.064524315450735       -0.064524314929936
         56.722837456542251        0.000000000597392       -0.011854346537736        0.011854347135128
         56.843781672867500        0.000000001755743       -0.056148952020253        0.056148953775996
         56.964725889192749        0.000000000179172        0.051952588042019       -0.051952587862846
         57.085670105518005        0.000000001472933        0.019365383539914       -0.019365382066982
         57.206614321843254        0.000000001201517       -0.066224350218522        0.066224351420039
         57.327558538168503        0.000000000631992        0.028207908925460       -0.028207908293468
         57.448502754493752        0.000000001703693        0.045971093602750       -0.045971091899057
         57.569446970819001        0.000000000816087       -0.061021449545082        0.061021450361169
         57.690391187144250        0.000000001194943       -0.002337032888946        0.002337034083889
         57.811335403469499        0.000000001366587        0.062581840074391       -0.062581838707803
         57.932279619794755        0.000000000992248       -0.042396836316978        0.042396837309226
         58.053223836120004        0.000000001298573       -0.031995154615369        0.031995155913942
         58.174168052445253        0.000000001188430        0.065009755861303       -0.065009754672873
         58.295112268770502        0.000000001217082       -0.014753597943920        0.014753599161001
         58.416056485095751        0.000000001031476       -0.053669858221913        0.053669859253389
         58.537000701421000        0.000000001388300        0.052589422225559       -0.052589420837259
         58.657944917746249        0.000000000979116        0.015763718234977       -0.015763717255860
         58.778889134071505        0.000000001012500       -0.063255665343733        0.063255666356233
         58.899833350396754        0.000000001478514        0.029682850601487       -0.029682849122973
         59.020777566722003        0.000000000536308        0.040759298882761       -0.040759298346452
         59.141721783047252        0.000000001401594       -0.057689541335326        0.057689542736920
         59.262665999372501        0.000000000970399        0.000606592478776       -0.000606591508377
         59.383610215697750        0.000000000437494        0.056347129733350       -0.056347129295856
         59.504554432022999        0.000000001567286       -0.040790375089751        0.040790376657036
         59.625498648348255        0.000000000217550       -0.025836509395328        0.025836509612878
         59.746442864673504        0.000000000904173        0.057699899838646       -0.057699898934473
         59.867387080998753        0.000000001051827       -0.015193759119179        0.015193760171006
         59.988331297324002       -0.000000000171708       -0.045863071238574        0.045863071066866
         60.109275513649251        0.000000001191163        0.047517532452251       -0.047517531261088
         60.230219729974500        0.000000000129938        0.010797339075511       -0.010797338945573
         60.351163946299749        0.000000000117748       -0.053545845998935        0.053545846116684
         60.472108162625005        0.000000000851497        0.026883442327688       -0.026883441476192
         60.593052378950254       -0.000000000508277        0.033569527428588       -0.033569527936865
         60.713996595275503        0.000000000404777       -0.050244261089055        0.050244261493832
         60.834940811600752        0.000000000029131        0.003056556327539       -0.003056556298409
         60.955885027926001       -0.000000000489573        0.046526509260187       -0.046526509749760
         61.076829244251250        0.000000000265374       -0.035476902760304        0.035476903025678
         61.197773460576499       -0.000000000603524       -0.020778208361520        0.020778207757996
         61.318717676901755       -0.000000000320655        0.049732129600976       -0.049732129921630
         61.439661893227004       -0.000000000250866       -0.015107616298248        0.015107616047383
         61.560606109552253       -0.000000000686031       -0.037804736630780        0.037804735944749
         61.681550325877502       -0.000000000367572        0.041319837767333       -0.041319838134904
         61.802494542202751       -0.000000000580534        0.008165668737821       -0.008165669318356
         61.923438758528000       -0.000000000579840       -0.046694643564762        0.046694642984922
         62.044382974853249       -0.000000000590644        0.025228951625302       -0.025228952215945
         62.165327191178505       -0.000000000483190        0.028079212907938       -0.028079213391128
         62.286271407503754       -0.000000000614255       -0.044802455089065        0.044802454474810
         62.407215623829003       -0.000000000539848        0.003973334202590       -0.003973334742438
         62.528159840154252       -0.000000000275638        0.041618948633787       -0.041618948909425
         62.649104056479501       -0.000000000708895       -0.033534244225530        0.033534243516635
         62.770048272804750       -0.000000000120753       -0.017571479332759        0.017571479212006
         62.890992489129999       -0.000000000300342        0.046010353385153       -0.046010353685494
         63.011936705455255       -0.000000000456702       -0.015427538367331        0.015427537910629
         63.132880921780504        0.000000000306300       -0.034731786163865        0.034731786470165
         63.253825138105753       -0.000000000443425        0.040012697936515       -0.040012698379939
         63.374769354431002        0.000000000162531        0.006334013349021       -0.006334013186490
         63.495713570756251        0.000000000358016       -0.044753860007785        0.044753860365802
         63.616657787081500       -0.000000000247533        0.025878935463286       -0.025878935710818
         63.737602003406749        0.000000000764554        0.026044075738670       -0.026044074974116
         63.858546219732006        0.000000000131665       -0.044287274670514        0.044287274802179
         63.979490436057254        0.000000000321166        0.005361330564529       -0.005361330243363
         64.100434652382503        0.000000000923114        0.040729948364652       -0.040729947441537
         64.221378868707745        0.000000000141329       -0.034735180712075        0.034735180853404
         64.342323085033001        0.000000000939731       -0.015663982273541        0.015663983213272
         64.463267301358258        0.000000000707298        0.045710020038166       -0.045710019330868
         64.584211517683499        0.000000000480294       -0.016839127354938        0.016839127835232
         64.705155734008756        0.000000001152166       -0.033759830501762        0.033759831653928
         64.826099950333997        0.000000000590813        0.041070867258104       -0.041070866667291
         64.947044166659254        0.000000000928923        0.004151043123619       -0.004151042194696
         65.067988382984495        0.000000001024391       -0.043712354392312        0.043712355416702
         65.188932599309751        0.000000000727727        0.026997003982005       -0.026997003254277
         65.309876815635008        0.000000001068842        0.024135954099538       -0.024135953030696
         65.430821031960249        0.000000000904959       -0.043935042563140        0.043935043468099
         65.551765248285506        0.000000000933373        0.007381646520438       -0.007381645587065
         65.672709464610747        0.000000000973696        0.038190913910284       -0.038190912936588
         65.793653680936004        0.000000000968586       -0.034541577913428        0.034541578882013
         65.914597897261245        0.000000000903911       -0.012882648704317        0.012882649608228
         66.035542113586502        0.000000000911583        0.042878984980799       -0.042878984069217
         66.156486329911758        0.000000000999401       -0.017556414930154        0.017556415929556
         66.277430546236999        0.000000000698293       -0.029776215643776        0.029776216342069
         66.398374762562256        0.000000000988591        0.038500320057536       -0.038500319068945
         66.519318978887497        0.000000000788030        0.001535351503907       -0.001535350715877
         66.640263195212754        0.000000000617646       -0.038285961270454        0.038285961888100
         66.761207411537995        0.000000000978640        0.025209876342181       -0.025209875363542
         66.882151627863252        0.000000000395662        0.019747940516522       -0.019747940120860
         67.003095844188508        0.000000000672705       -0.038726088736387        0.038726089409092
         67.124040060513749        0.000000000654076        0.008474583439870       -0.008474582785794
         67.244984276839006        0.000000000173972        0.031193460354259       -0.031193460180288
         67.365928493164247        0.000000000677825       -0.029795667268823        0.029795667946648
         67.486872709489504        0.000000000116631       -0.009572682835266        0.009572682951897
         67.607816925814745        0.000000000120214        0.035884952526434       -0.035884952406220
         67.728761142140002        0.000000000341218       -0.016317797577299        0.016317797918517
         67.849705358465258       -0.000000000281067       -0.022853491238202        0.022853490957135
         67.970649574790500        0.000000000100662        0.031460139370475       -0.031460139269813
         68.091593791115756       -0.000000000208363        0.000340869789486       -0.000340869997848
         68.212538007440997       -0.000000000476262       -0.030997065646258        0.030997065169996
         68.333482223766254       -0.000000000180855        0.021790432402966       -0.021790432583821
         68.454426440091495       -0.000000000659023        0.014328075644928       -0.014328076303951
         68.575370656416752       -0.000000000544648       -0.030821139859825        0.030821139315176
         68.696314872742008       -0.000000000604773        0.007456300689115       -0.007456301293888
         68.817259089067250       -0.000000000889661        0.024946205835446       -0.024946206725108
         68.938203305392506       -0.000000000726804       -0.025076713130964        0.025076712404160
         69.059147521717748       -0.000000000918393       -0.006314057810801        0.006314056892408
         69.180091738043004       -0.000000000944553        0.028589120495040       -0.028589121439593
         69.301035954368245       -0.000000000932031       -0.013788642040412        0.013788641108381
         69.421980170693502       -0.000000001000741       -0.018314213724387        0.018314212723646
         69.542924387018758       -0.000000000994270        0.026503344466276       -0.026503345460546
         69.663868603344000       -0.000000000983804       -0.000899474240392        0.000899473256588
         69.784812819669256       -0.000000000926169       -0.025251743723216        0.025251742797047
         69.905757035994498       -0.000000000986834        0.018730123879124       -0.018730124865959
         70.026701252319754       -0.000000000811141        0.011469537107552       -0.011469537918693
         70.147645468644996       -0.000000000832686       -0.026419126265556        0.026419125432870
         70.268589684970252       -0.000000000809233        0.007307763772587       -0.007307764581820
         70.389533901295508       -0.000000000551599        0.020973692681992       -0.020973693233591
         70.510478117620750       -0.000000000694961       -0.022255506165386        0.022255505470425
         70.631422333946006       -0.000000000438864       -0.004669897841767        0.004669897402904
         70.752366550271248       -0.000000000352449        0.025023913353794       -0.025023913706243
         70.873310766596504       -0.000000000435490       -0.012898717028649        0.012898716593159
         70.994254982921746       -0.000000000051830       -0.015816488234859        0.015816488183028
         71.115199199247002       -0.000000000183706        0.024252975782206       -0.024252975965912
         71.236143415572258       -0.000000000025871       -0.001896639645523        0.001896639619653
         71.357087631897500        0.000000000193607       -0.022315851296800        0.022315851490407
         71.478031848222756        0.000000000023349        0.017436313818547       -0.017436313795198
         71.598976064547998        0.000000000360006        0.009933056038786       -0.009933055678780
         71.719920280873254        0.000000000334516       -0.024553870028296        0.024553870362812
         71.840864497198496        0.000000000340989        0.007931386888577       -0.007931386547588
         71.961808713523752        0.000000000590047        0.018284885532102       -0.018284884942054
         72.082752929849008        0.000000000446476       -0.020528646163021        0.020528646609497
         72.203697146174250        0.000000000621954       -0.003656979279859        0.003656979901813
         72.324641362499506        0.000000000682035        0.022983194316855       -0.022983193634820
         72.445585578824748        0.000000000624532       -0.012919198661185        0.012919199285717
         72.566529795150004        0.000000000782185       -0.013164461378722        0.013164462160907
