#  GS molecular orbital populations, spin channel : 1
#          time (fs)            |   population (orb 1)       |    population (orb 2)      |           ...              |    population (orb N)      |
          0.118525331998745            1.995497240838578            0.004508918325171  
          0.239469548323995            1.990312420261623            0.009695425722557  
          0.360413764649245            1.988195857444941            0.011814573449692  
          0.481357980974495            1.989640423082088            0.010372755682026  
          0.602302197299745            1.994043744415430            0.005971509144548  
          0.723246413624995            1.998283668913762            0.001732171791430  
          0.844190629950245            1.997111643652573            0.002903983398228  
          0.965134846275495            1.991581784920797            0.008434192231619  
          1.086079062600745            1.988013536546303            0.012003772937431  
          1.207023278925995            1.988010065679022            0.012009053682676  
          1.327967495251245            1.991235755520067            0.008785012481582  
          1.448911711576495            1.996537944548632            0.003483152420775  
          1.569855927901745            1.998753602143637            0.001266347297168  
          1.690800144226995            1.995032767662504            0.004985804737730  
          1.811744360552245            1.989847038607714            0.010170970658492  
          1.932688576877495            1.986926459418958            0.013091793591317  
          2.053632793202745            1.987106641497839            0.012912384984661  
          2.174577009527995            1.991493127854630            0.008526180955563  
          2.295521225853245            1.997285839315503            0.002732227435363  
          2.416465442178495            1.999012293691240            0.001003304782120  
          2.537409658503745            1.995578045457565            0.004435054512809  
          2.658353874828995            1.990761387231271            0.009249960519853  
          2.779298091154245            1.986501612033506            0.013509008514946  
          2.900242307479495            1.985844344675343            0.014166173545729  
          3.021186523804745            1.990507621024883            0.009502330480718  
          3.142130740129995            1.997322588116804            0.002685432161585  
          3.263074956455245            1.999819574452679            0.000185396190536  
          3.384019172780495            1.998300828928009            0.001700927799720  
          3.504963389105745            1.993449742688549            0.006549517730002  
          3.625907605430995            1.987422762687686            0.012575185286647  
          3.746851821756245            1.984979165749655            0.015018402355401  
          3.867796038081495            1.989418759739978            0.010578202826671  
          3.988740254406745            1.994919873101882            0.005075359492117  
          4.109684470731995            1.998750751887759            0.001241750763895  
          4.230628687057245            1.999330977632354            0.000658424560602  
          4.351572903382495            1.994962673209678            0.005024208047152  
          4.472517119707745            1.988080981701836            0.011904808017853  
          4.593461336032996            1.985839334055020            0.014146519319843  
          4.714405552358246            1.987912359496945            0.012073477269769  
          4.835349768683495            1.992226006110938            0.007758990590006  
          4.956293985008745            1.997183637865083            0.002799589112179  
          5.077238201333995            1.998864593996822            0.001116414545477  
          5.198182417659245            1.994627785477849            0.005351660615398  
          5.319126633984495            1.989281674733082            0.010697812162628  
          5.440070850309746            1.986929092408090            0.013051500687567  
          5.561015066634996            1.988129909855608            0.011851696979498  
          5.681959282960245            1.992612114097167            0.007369750753803  
          5.802903499285495            1.997647551402704            0.002333724384537  
          5.923847715610745            1.997991215029860            0.001989145695296  
          6.044791931935995            1.993401399014529            0.006579101539497  
          6.165736148261245            1.988943295347617            0.011038888840299  
          6.286680364586495            1.987778766646077            0.012205723159152  
          6.407624580911745            1.990256941185868            0.009729467719139  
          6.528568797236995            1.995408209322995            0.004579306473089  
          6.649513013562244            1.998509822289830            0.001477934537348  
          6.770457229887494            1.995610103607754            0.004378179952354  
          6.891401446212745            1.990396488737224            0.009593704378629  
          7.012345662537995            1.988244418834352            0.011748703506597  
          7.133289878863245            1.989708747323678            0.010287251989542  
          7.254234095188495            1.994137717593527            0.005860462283312  
          7.375178311513745            1.998245179619617            0.001754047946651  
          7.496122527838994            1.996848498068104            0.003151406484533  
          7.617066744164244            1.991253255357394            0.008748285865372  
          7.738010960489495            1.988252688168418            0.011751639027187  
          7.858955176814745            1.989373673857994            0.010633659866177  
          7.979899393139995            1.993413613323546            0.006596206568814  
          8.100843609465246            1.997849083230491            0.002161962379605  
          8.221787825790495            1.998061925690513            0.001949377405700  
          8.342732042115745            1.992701922522794            0.007310045296846  
          8.463676258440994            1.988206147372736            0.011807642259994  
          8.584620474766245            1.988197599613469            0.011818520286436  
          8.705564691091494            1.991803566447457            0.008214677232434  
          8.826508907416745            1.996499711313971            0.003519537311493  
          8.947453123741996            1.998956800246664            0.001062004024474  
          9.068397340067245            1.995518436074758            0.004499531671456  
          9.189341556392495            1.989604589926949            0.010413464993097  
          9.310285772717744            1.986774270837526            0.013244734437167  
          9.431229989042995            1.988478990979107            0.011541266056237  
          9.552174205368244            1.992615183074051            0.007405778645068  
          9.673118421693495            1.997483539618193            0.002536698226181  
          9.794062638018746            1.998651685089202            0.001366512773307  
          9.915006854343995            1.994136488183638            0.005879744678117  
         10.035951070669245            1.988536047332182            0.011479154915809  
         10.156895286994494            1.986161122518068            0.013853923826566  
         10.277839503319745            1.986876594910440            0.013138626413072  
         10.398783719644994            1.991299933337851            0.008714915476668  
         10.519727935970245            1.997578636002524            0.002434328262138  
         10.640672152295496            1.999152521391159            0.000857416822786  
         10.761616368620745            1.995627008797071            0.004379999812950  
         10.882560584945995            1.990800085559260            0.009204905599489  
         11.003504801271244            1.986414578918493            0.013589404297168  
         11.124449017596495            1.984983183344850            0.015020482872562  
         11.245393233921744            1.990222666294802            0.009780262911812  
         11.366337450246995            1.996821418484644            0.003179439362624  
         11.487281666572246            1.999867301603836            0.000130425773397  
         11.608225882897495            1.998711071143786            0.001283426850622  
         11.729170099222745            1.994112379771837            0.005879658842393  
         11.850114315547994            1.987273898280345            0.012716980181044  
         11.971058531873245            1.985139412307776            0.014851291714867  
         12.092002748198494            1.988802040345592            0.011188324483638  
         12.212946964523745            1.994538746029914            0.005450190086923  
         12.333891180848996            1.998513727877306            0.001472776642850  
         12.454835397174245            1.999379886723296            0.000603931163551  
         12.575779613499495            1.994700821530836            0.005281007027054  
         12.696723829824744            1.988299185604024            0.011682143532648  
         12.817668046149995            1.985808495855678            0.014173531271569  
         12.938612262475244            1.988439097693471            0.011543480746227  
         13.059556478800495            1.992926910603714            0.007055258329197  
         13.180500695125746            1.997651175621623            0.002329763082687  
         13.301444911450995            1.998581902978278            0.001397499766415  
         13.422389127776245            1.993832320998244            0.006146412730118  
         13.543333344101494            1.988283018325940            0.011696733088041  
         13.664277560426745            1.987176413886033            0.012805246066808  
         13.785221776751994            1.989531846216558            0.010451303807349  
         13.906165993077245            1.994317573185084            0.005666246229634  
         14.027110209402496            1.998482658860143            0.001500996461007  
         14.148054425727745            1.996966129623873            0.003017376787642  
         14.268998642052996            1.991158737448469            0.008825946112043  
         14.389942858378244            1.987892854925774            0.012094409996165  
         14.510887074703495            1.988698771420198            0.011291238532962  
         14.631831291028744            1.992626457527016            0.007365656151433  
         14.752775507353995            1.997484745319653            0.002508456345394  
         14.873719723679246            1.998214465968617            0.001779223662215  
         14.994663940004495            1.993054597868686            0.006940284274895  
         15.115608156329746            1.988427441241382            0.011570061092336  
         15.236552372654995            1.988354684041799            0.011646009667235  
         15.357496588980245            1.992079836479675            0.007923639050569  
         15.478440805305494            1.996824256540491            0.003180938601670  
         15.599385021630745            1.998879329540627            0.001126525876437  
         15.720329237955996            1.994809327551129            0.005197234022147  
         15.841273454281245            1.989014109804873            0.010994386886131  
         15.962217670606496            1.987495234694621            0.012516059568495  
         16.083161886931745            1.991065719129477            0.008948256150048  
         16.204106103256994            1.995817115369621            0.004198593697134  
         16.325050319582246            1.999076159025118            0.000939926505275  
         16.445994535907495            1.997041225420490            0.002974528553834  
         16.566938752232744            1.990757761570835            0.009258460444836  
         16.687882968557997            1.986571541532042            0.013446273292649  
         16.808827184883246            1.988517814616345            0.011501929518756  
         16.929771401208495            1.992953624834337            0.007067488102102  
         17.050715617533744            1.997558824229739            0.002462395350159  
         17.171659833858996            1.999083781852218            0.000936104161274  
         17.292604050184245            1.994670009822229            0.005348430906445  
         17.413548266509494            1.987966485420572            0.012051580049355  
         17.534492482834747            1.985898330339732            0.014120285052087  
         17.655436699159996            1.987774125159602            0.012245187297109  
         17.776380915485245            1.992131561063603            0.007887904807975  
         17.897325131810494            1.997602486752392            0.002415599542923  
         18.018269348135746            1.998914311784844            0.001101102146612  
         18.139213564460995            1.994058075012217            0.005954802760308  
         18.260157780786244            1.988527058536453            0.011484339090156  
         18.381101997111497            1.985382852167126            0.014627968362989  
         18.502046213436746            1.985139670650719            0.014871096497265  
         18.622990429761995            1.990040792703955            0.009969425481185  
         18.743934646087244            1.996946624981194            0.003061558969726  
         18.864878862412496            1.999671348940278            0.000333594399669  
         18.985823078737745            1.997036480572147            0.002965220187237  
         19.106767295062994            1.992209108842062            0.007790238650726  
         19.227711511388247            1.986331215865755            0.013666982097318  
         19.348655727713496            1.984061859497891            0.015936046159781  
         19.469599944038745            1.988294094308622            0.011703333118873  
         19.590544160363994            1.995568377063819            0.004427310584445  
         19.711488376689246            1.999400026059083            0.000592736249805  
         19.832432593014495            1.999549660956085            0.000439937439911  
         19.953376809339744            1.995030651813369            0.004956497360178  
         20.074321025664997            1.987833882893158            0.012152179222340  
         20.195265241990246            1.984186889348033            0.015799377419325  
         20.316209458315495            1.987587494610640            0.012398970997926  
         20.437153674640744            1.992814816411054            0.007170753924562  
         20.558097890965996            1.997565965579102            0.002417711267490  
         20.679042107291245            1.999374873309325            0.000606503256678  
         20.799986323616494            1.995129139526036            0.004850547787605  
         20.920930539941747            1.988079844777805            0.011899820208813  
         21.041874756266996            1.985718902643598            0.014262058982182  
         21.162818972592245            1.987727165403222            0.012254928315513  
         21.283763188917494            1.992282504430983            0.007699828442428  
         21.404707405242746            1.997635530927780            0.002346107461988  
         21.525651621567995            1.998592460418415            0.001388112264704  
         21.646595837893244            1.993167441567386            0.006813021069687  
         21.767540054218497            1.987888228892056            0.012093893356120  
         21.888484270543746            1.986787777426004            0.013196795475098  
         22.009428486868995            1.989523812647070            0.010462783838432  
         22.130372703194244            1.994898796071112            0.005088871510436  
         22.251316919519496            1.998806133792143            0.001181698387792  
         22.372261135844745            1.996148843752535            0.003839218385478  
         22.493205352169994            1.990038919871986            0.009950829254388  
         22.614149568495247            1.986975155386471            0.013017578175099  
         22.735093784820496            1.988730965403116            0.011264822409787  
         22.856038001145745            1.993352006378660            0.006646039726103  
         22.976982217470994            1.998176920824596            0.001822233197758  
         23.097926433796246            1.997796427901414            0.002203166983504  
         23.218870650121495            1.991764669685713            0.008236230657428  
         23.339814866446744            1.986938856234088            0.013064766217555  
         23.460759082771997            1.987990416268322            0.012016416451086  
         23.581703299097246            1.992235142330256            0.007774365243010  
         23.702647515422495            1.997290538493586            0.002720455843908  
         23.823591731747744            1.998966161831453            0.001045021398324  
         23.944535948072996            1.994046372632664            0.005965106127588  
         24.065480164398245            1.987349793052321            0.012663294624245  
         24.186424380723494            1.986448815760845            0.013566774437419  
         24.307368597048747            1.989932770487081            0.010085186122283  
         24.428312813373996            1.995070050873711            0.004949386137557  
         24.549257029699245            1.999125642656062            0.000893600880604  
         24.670201246024494            1.997298534667623            0.002719609122608  
         24.791145462349750            1.989978961946105            0.010038875466908  
         24.912089678674999            1.985450713519743            0.014568060082949  
         25.033033895000248            1.986056153536107            0.013964023103387  
         25.153978111325497            1.989888608947975            0.010132817500000  
         25.274922327650749            1.995785903014700            0.004235449727422  
         25.395866543975998            1.999413435588716            0.000606046641748  
         25.516810760301247            1.995850697310690            0.004166446877635  
         25.637754976626500            1.989099430401512            0.010916332879288  
         25.758699192951749            1.984846062608863            0.015169363816255  
         25.879643409276998            1.983858785320789            0.016157068584613  
         26.000587625602247            1.987356841189326            0.012659355714596  
         26.121531841927499            1.994852553060387            0.005162540307768  
         26.242476058252748            1.999736034030230            0.000276259679010  
         26.363420274577997            1.997629437124404            0.002379582304840  
         26.484364490903250            1.992457768261359            0.007548659047588  
         26.605308707228499            1.986416613401396            0.013588428263237  
         26.726252923553748            1.982087135892332            0.017917676102790  
         26.847197139878997            1.984508734525741            0.015496094804663  
         26.968141356204249            1.992947953689369            0.007055715046576  
         27.089085572529498            1.998623973591884            0.001376992529474  
         27.210029788854747            1.999951980134966            0.000045520751152  
         27.330974005180000            1.996984633529602            0.003009647634737  
         27.451918221505249            1.989164461116070            0.010827807764081  
         27.572862437830498            1.982106713982137            0.017885189119721  
         27.693806654155747            1.983245665906974            0.016746522636432  
         27.814750870480999            1.988454241012540            0.011537435105136  
         27.935695086806248            1.994144348785366            0.005845611022073  
         28.056639303131497            1.999096325251800            0.000890887680512  
         28.177583519456750            1.998349733045382            0.001634484391755  
         28.298527735781999            1.990867850966276            0.009114588379611  
         28.419471952107248            1.984841233711836            0.015141360106828  
         28.540416168432497            1.983418949568720            0.016564611097937  
         28.661360384757749            1.985493501687254            0.014490631130883  
         28.782304601082998            1.991920937589313            0.008062824763833  
         28.903248817408247            1.998588863868177            0.001393330189263  
         29.024193033733500            1.998276391154770            0.001703807133645  
         29.145137250058749            1.992428099383604            0.007551504986546  
         29.266081466383998            1.987046976614675            0.012933873183993  
         29.387025682709247            1.984047008551183            0.015935808141332  
         29.507969899034499            1.986154783045502            0.013829793080664  
         29.628914115359748            1.993749735905360            0.006235639596147  
         29.749858331684997            1.999446433808908            0.000538325905992  
         29.870802548010250            1.997344071340051            0.002640086756964  
         29.991746764335499            1.991664765432820            0.008320412896389  
         30.112690980660748            1.986470874861918            0.013516749568439  
         30.233635196985997            1.984553279566657            0.015437288467774  
         30.354579413311249            1.989394002140217            0.010599162899379  
         30.475523629636498            1.997527090409914            0.002467131294311  
         30.596467845961747            1.999198566788442            0.000795618165753  
         30.717412062287000            1.994457061763663            0.005537821112867  
         30.838356278612249            1.988748455382259            0.011248610739388  
         30.959300494937498            1.984850383947047            0.015149849459297  
         31.080244711262747            1.986471424389448            0.013532258528546  
         31.201188927587999            1.994544649974547            0.005461256270554  
         31.322133143913248            1.999537732831662            0.000468614440358  
         31.443077360238497            1.996548779265906            0.003457707769973  
         31.564021576563750            1.990565906149736            0.009441777626290  
         31.684965792888999            1.985565325857595            0.014444738767985  
         31.805910009214248            1.984163721230203            0.015849644753126  
         31.926854225539497            1.990298066717441            0.009718099190174  
         32.047798441864749            1.998192594779256            0.001824343320000  
         32.168742658189998            1.998960842707559            0.001055507591707  
         32.289686874515247            1.993650647743604            0.006365330594080  
         32.410631090840496            1.987556901492570            0.012459687988655  
         32.531575307165745            1.982709364379545            0.017309220406111  
         32.652519523491002            1.984283399183407            0.015737856728822  
         32.773463739816250            1.992903639306937            0.007118927111341  
         32.894407956141499            1.999634578777352            0.000387241788271  
         33.015352172466748            1.998561073096788            0.001458982180670  
         33.136296388791997            1.993432131792852            0.006586251834482  
         33.257240605117246            1.985886697070504            0.014131185253637  
         33.378184821442495            1.979960689750442            0.020058394645142  
         33.499129037767752            1.982876738984943            0.017143921744711  
         33.620073254093001            1.992521214239608            0.007499640629085  
         33.741017470418250            1.998522755407271            0.001496600215386  
         33.861961686743498            1.999747205532104            0.000269360513848  
         33.982905903068747            1.996021030940079            0.003992384283213  
         34.103850119393996            1.986139333608283            0.013872252880120  
         34.224794335719245            1.978008150191437            0.022003483351141  
         34.345738552044502            1.979755712018157            0.020256557226348  
         34.466682768369751            1.985499688465247            0.014512601734383  
         34.587626984695000            1.991883015470390            0.008128148817932  
         34.708571201020249            1.998742719920652            0.001265481905649  
         34.829515417345497            1.998664440974160            0.001339723980608  
         34.950459633670746            1.989996412074176            0.010004639235445  
         35.071403849995995            1.982416219839686            0.017583540937439  
         35.192348066321252            1.978385558313404            0.021614065125265  
         35.313292282646501            1.977117323667321            0.022882703932977  
         35.434236498971750            1.983976852260830            0.016023094793617  
         35.555180715296999            1.995024255690725            0.004973758845016  
         35.676124931622248            1.999714658646747            0.000279775153506  
         35.797069147947497            1.997639755264648            0.002351094572463  
         35.918013364272745            1.992254581868870            0.007733890450783  
         36.038957580598002            1.982454072393850            0.017533620530981  
         36.159901796923251            1.975938684525101            0.024049799636192  
         36.280846013248500            1.980093392572686            0.019896188207806  
         36.401790229573749            1.989028885951839            0.010960302447750  
         36.522734445898998            1.995483959185911            0.004503200445648  
         36.643678662224247            1.999702939552065            0.000281430314569  
         36.764622878549496            1.996770595942175            0.003211195901426  
         36.885567094874752            1.986131189393983            0.013849707702674  
         37.006511311200001            1.978824115553270            0.021158219625815  
         37.127455527525250            1.979674462850470            0.020309896334737  
         37.248399743850499            1.983770577415660            0.016214810895813  
         37.369343960175748            1.991513015663826            0.008472236919416  
         37.490288176500997            1.999322791027692            0.000660928974625  
         37.611232392826246            1.997292991733901            0.002688817153161  
         37.732176609151502            1.988464615239669            0.011517174232643  
         37.853120825476751            1.982550968304851            0.017433002302289  
         37.974065041802000            1.980028244588182            0.019958426190879  
         38.095009258127249            1.982629551113364            0.017359534834995  
         38.215953474452498            1.992744727950046            0.007245530049771  
         38.336897690777747            1.999830934071973            0.000158619250505  
         38.457841907102996            1.996468903086150            0.003519823613418  
         38.578786123428252            1.989316083937577            0.010673706071841  
         38.699730339753501            1.983041814434746            0.016950625568709  
         38.820674556078750            1.979401662039032            0.020594233304603  
         38.941618772403999            1.985039829319946            0.014959353283867  
         39.062562988729248            1.996106899295657            0.003893640952671  
         39.183507205054497            1.999843691326566            0.000156438640093  
         39.304451421379746            1.995066668935446            0.004933384464839  
         39.425395637705002            1.988101579960611            0.011899826689786  
         39.546339854030251            1.980590171554224            0.019414086458828  
         39.667284070355500            1.979170433647863            0.020837790170478  
         39.788228286680749            1.988616646073734            0.011394655748399  
         39.909172503005998            1.998543381898353            0.001468648412842  
         40.030116719331247            1.999116619048737            0.000894831612186  
         40.151060935656496            1.994160903595868            0.005850102891052  
         40.272005151981752            1.985730742154771            0.014280999241711  
         40.392949368307001            1.977100573329536            0.022913924178306  
         40.513893584632250            1.978901630357413            0.021116516301106  
         40.634837800957499            1.990473723622789            0.009546557342522  
         40.755782017282748            1.998100644961247            0.001919790931284  
         40.876726233607997            1.999117347418791            0.000901801769184  
         40.997670449933246            1.995042597006211            0.004974664069327  
         41.118614666258502            1.983548971556463            0.016467850333075  
         41.239558882583751            1.973666682625001            0.026352055750231  
         41.360503098909000            1.976780874060621            0.023240336620626  
         41.481447315234249            1.985456453499561            0.014566366833561  
         41.602391531559498            1.992463573558208            0.007559607052953  
         41.723335747884747            1.998818354327068            0.001202833096135  
         41.844279964209996            1.997280112734634            0.002737642813047  
         41.965224180535252            1.984842068515705            0.015173538596786  
         42.086168396860501            1.974992405856939            0.025023037956816  
         42.207112613185750            1.972420368816335            0.027595925274188  
         42.328056829510999            1.972524410695871            0.027493565004721  
         42.449001045836248            1.980331370018946            0.019687799711451  
         42.569945262161497            1.993910304992071            0.006107452055936  
         42.690889478486746            1.998800274438611            0.001214019296642  
         42.811833694812002            1.994466345833324            0.005544186760335  
         42.932777911137251            1.988164205051192            0.011843255377841  
         43.053722127462500            1.976728109256005            0.023277953894913  
         43.174666343787749            1.966029533959809            0.033977334268861  
         43.295610560112998            1.968633627479182            0.031374717047864  
         43.416554776438247            1.978398181809176            0.021610537947492  
         43.537498992763496            1.985946723568550            0.014060982268242  
         43.658443209088752            1.994794646351515            0.005210191341071  
         43.779387425414001            1.998723451171480            0.001276901833819  
         43.900331641739250            1.989274593509541            0.010721814292556  
         44.021275858064499            1.977607014082289            0.022387749273649  
         44.142220074389748            1.971254056318529            0.028740830304791  
         44.263164290714997            1.965491222580352            0.034504664430509  
         44.384108507040246            1.967492790245673            0.032504536796502  
         44.505052723365502            1.981723131486557            0.018274276872175  
         44.625996939690751            1.993176094946856            0.006818948234685  
         44.746941156016000            1.996334486873665            0.003656869493379  
         44.867885372341249            1.996577163637985            0.003410594340858  
         44.988829588666498            1.988049559098112            0.011935635395171  
         45.109773804991747            1.972666033716426            0.027318877796178  
         45.230718021316996            1.966714911729862            0.033271959212701  
         45.351662237642252            1.970164699618333            0.029824064372812  
         45.472606453967501            1.975183533454910            0.024805939435462  
         45.593550670292750            1.986219090649920            0.013769804552737  
         45.714494886617999            1.998036072751433            0.001950246336205  
         45.835439102943248            1.996735052091928            0.003247757743936  
         45.956383319268497            1.987814108523725            0.012167042506367  
         46.077327535593746            1.980240777484858            0.019741181202491  
         46.198271751919002            1.971175674380514            0.028808231201598  
         46.319215968244251            1.968159929066650            0.031826734627838  
         46.440160184569500            1.979691112108607            0.020297716367287  
         46.561104400894749            1.992750521254730            0.007237941609350  
         46.682048617219998            1.997358565853857            0.002627861948216  
         46.802992833545247            1.997628058714589            0.002356609760373  
         46.923937049870496            1.989980856078066            0.010003242185962  
         47.044881266195752            1.975255724149326            0.024729961054784  
         47.165825482521001            1.970108030042007            0.029881394301704  
         47.286769698846250            1.977232277477036            0.022760478530842  
         47.407713915171499            1.985361026121594            0.014633271562157  
         47.528658131496748            1.993909255903929            0.006085070392577  
         47.649602347821997            1.999724498022952            0.000268456790182  
         47.770546564147246            1.992092491677637            0.007899319625879  
         47.891490780472502            1.978844722620177            0.021148538143820  
         48.012434996797751            1.973985352581109            0.026011378919826  
         48.133379213123000            1.974607180121671            0.025393096741839  
         48.254323429448249            1.979636337237199            0.020367039826649  
         48.375267645773498            1.992288007138434            0.007716645287933  
         48.496211862098747            1.999806936851571            0.000196514804810  
         48.617156078423996            1.993289460319965            0.006712736016198  
         48.738100294749252            1.983891635577927            0.016111203813427  
         48.859044511074501            1.976627010468503            0.023378023383783  
         48.979988727399750            1.970717744472831            0.029290853423801  
         49.100932943724999            1.976075286252521            0.023937195520480  
         49.221877160050248            1.991237192135213            0.008776867244609  
         49.342821376375497            1.998553469627915            0.001459778189472  
         49.463765592700746            1.996282750853605            0.003728943033492  
         49.584709809026002            1.990419791303352            0.009590659106889  
         49.705654025351251            1.977849063022012            0.022161864175487  
         49.826598241676500            1.967140184799457            0.032873720864389  
         49.947542458001749            1.972335120243524            0.027682174846241  
         50.068486674326998            1.983997922571706            0.016021303148465  
         50.189430890652247            1.991486126870167            0.008533566959954  
         50.310375106977496            1.997744380139389            0.002273529453089  
         50.431319323302752            1.996138611561351            0.003876093427245  
         50.552263539628001            1.981467757097791            0.018545295884225  
         50.673207755953250            1.969646621184925            0.030367157673405  
         50.794151972278499            1.967511460828859            0.032503990546596  
         50.915096188603748            1.967830126738328            0.032187772442068  
         51.036040404928997            1.975631809439310            0.024388238270637  
         51.156984621254246            1.991210977968894            0.008808393978686  
         51.277928837579502            1.997746490904868            0.002269834089406  
         51.398873053904751            1.992956206437908            0.007056668873374  
         51.519817270230000            1.986580972777928            0.013428956739275  
         51.640761486555249            1.974611979364922            0.025396593085841  
         51.761705702880498            1.961082464652055            0.038927251158960  
         51.882649919205747            1.961472115141250            0.038539751683156  
         52.003594135530996            1.971417384527164            0.028595731938258  
         52.124538351856252            1.979131903541092            0.020881373327898  
         52.245482568181501            1.989644816475563            0.010366637514133  
         52.366426784506750            1.997877764477883            0.002129453241613  
         52.487371000831999            1.990932231506013            0.009070533504062  
         52.608315217157248            1.978604121572891            0.021396053568620  
         52.729259433482497            1.970726174167063            0.029273214965894  
         52.850203649807746            1.961044133804991            0.038955882168693  
         52.971147866133002            1.957053025689918            0.042948918172538  
         53.092092082458251            1.968793099738538            0.031210140072497  
         53.213036298783500            1.981599120269151            0.018403293907062  
         53.333980515108749            1.988559548022954            0.011440326280851  
         53.454924731433998            1.995877733300364            0.004118158497439  
         53.575868947759247            1.994422408347285            0.005568917598577  
         53.696813164084496            1.979788471084406            0.020199875145808  
         53.817757380409752            1.968598123056194            0.031390001784951  
         53.938701596735001            1.963777179386045            0.036212056009564  
         54.059645813060250            1.959660944274310            0.040329721246205  
         54.180590029385499            1.966371687487690            0.033620325136426  
         54.301534245710748            1.982998348735183            0.016993140543263  
         54.422478462035997            1.993033542552560            0.006954887134414  
         54.543422678361246            1.995409915444011            0.004574540840600  
         54.664366894686502            1.994974420383250            0.005006643109290  
         54.785311111011751            1.983933801802609            0.016045151449126  
         54.906255327337000            1.968786846473057            0.031192435507933  
         55.027199543662249            1.964865955490409            0.035115735352576  
         55.148143759987498            1.968622727748129            0.031360821366522  
         55.269087976312747            1.974165346537573            0.025818693006884  
         55.390032192637996            1.987003171278156            0.012980074725961  
         55.510976408963252            1.998453241513045            0.001527145744649  
         55.631920625288501            1.995791177980038            0.004185699272258  
         55.752864841613750            1.987541918444735            0.012433720872789  
         55.873809057938999            1.979896985954400            0.020079788428809  
         55.994753274264248            1.970253136403456            0.029725706008069  
         56.115697490589497            1.968903918544485            0.031077814079123  
         56.236641706914746            1.981945007985122            0.018038656692896  
         56.357585923240002            1.993528748851095            0.006454185331974  
         56.478530139565251            1.997672168610928            0.002308720118652  
         56.599474355890500            1.997717405384696            0.002262016464069  
         56.720418572215749            1.988578291573837            0.011400978016483  
         56.841362788540998            1.974639618537409            0.025341816670462  
         56.962307004866247            1.972724105184580            0.027261289487181  
         57.083251221191496            1.980385675204255            0.019602741077592  
         57.204195437516752            1.988286331873298            0.011703230059159  
         57.325139653842001            1.996602763937776            0.003386533122324  
         57.446083870167250            1.999407579331375            0.000580511992934  
         57.567028086492499            1.989292421676570            0.010695410585231  
         57.687972302817748            1.978223630202391            0.021766678483284  
         57.808916519142997            1.976204622602830            0.023789550447497  
         57.929860735468246            1.979151868112841            0.020845720766705  
         58.050804951793502            1.986528572215122            0.013471437430594  
         58.171749168118751            1.997239451315563            0.002760953783272  
         58.292693384444000            1.998779934587117            0.001219278120483  
         58.413637600769249            1.989191310355530            0.010807807207810  
         58.534581817094498            1.980852525952778            0.019148639102589  
         58.655526033419747            1.977028172877314            0.022976151649934  
         58.776470249744996            1.977331202967109            0.022676788367629  
         58.897414466070252            1.986811851916423            0.013198868681967  
         59.018358682395501            1.998414993962101            0.001595759504819  
         59.139302898720750            1.998322548235160            0.001686793796479  
         59.260247115045999            1.990953900832141            0.009054725732026  
         59.381191331371248            1.983399315228300            0.016609945477620  
         59.502135547696497            1.975399155445138            0.024612401615735  
         59.623079764021746            1.974812884421297            0.025202154849935  
         59.744023980347002            1.986937994939205            0.013079209947364  
         59.864968196672251            1.997195225327257            0.002821718474592  
         59.985912412997500            1.998725594817024            0.001289662129623  
         60.106856629322749            1.995731435157316            0.004281590828714  
         60.227800845647998            1.986262886663507            0.013748851782233  
         60.348745061973247            1.973730618169020            0.026282196461658  
         60.469689278298496            1.973004022539089            0.027011141042120  
         60.590633494623752            1.981480935857854            0.018535771392767  
         60.711577710949001            1.989293516557590            0.010723546273261  
         60.832521927274250            1.996471958971587            0.003543516499953  
         60.953466143599499            1.999450023916134            0.000561943096082  
         61.074410359924748            1.990513985960952            0.009494842949335  
         61.195354576249997            1.978806904202242            0.021200854910569  
         61.316298792575246            1.973775239523322            0.026232870365042  
         61.437243008900502            1.972387958653840            0.027621240685575  
         61.558187225225751            1.976444794686135            0.023565540953526  
         61.679131441551000            1.988801242786914            0.011208460713125  
         61.800075657876249            1.998512672108969            0.001493989210495  
         61.921019874201498            1.997660815511332            0.002341862802522  
         62.041964090526747            1.992879058540908            0.007120210440733  
         62.162908306851996            1.984329850520731            0.015667376431130  
         62.283852523177252            1.973078172061401            0.026918877420349  
         62.404796739502501            1.970507863106691            0.029490341241138  
         62.525740955827750            1.979078930545189            0.020919773513507  
         62.646685172152999            1.987117653331894            0.012879883422149  
         62.767629388478248            1.994372075810728            0.005622794042193  
         62.888573604803497            1.999729511881382            0.000261412129582  
         63.009517821128746            1.994321645027857            0.005665412670128  
         63.130462037454002            1.982834270962246            0.017150999170072  
         63.251406253779251            1.976914882390458            0.023070728457468  
         63.372350470104500            1.974318850453834            0.025667583587919  
         63.493294686429749            1.975830687064666            0.024156398538811  
         63.614238902754998            1.987045374788243            0.012941264920479  
         63.735183119080247            1.997718980459119            0.002265106371388  
         63.856127335405496            1.999015749107611            0.000964748006223  
         63.977071551730752            1.995170659157406            0.004807438427653  
         64.098015768056001            1.987972847039127            0.012004630912732  
         64.218959984381243            1.977816133729800            0.022162238491189  
         64.339904200706499            1.976236188391960            0.023744144764091  
         64.460848417031755            1.984784682619580            0.015196929419676  
         64.581792633356997            1.993877704221697            0.006103070075353  
         64.702736849682253            1.998738649742209            0.001240092683153  
         64.823681066007495            1.999240958412260            0.000736020842970  
         64.944625282332751            1.991149766751818            0.008826681105226  
         65.065569498657993            1.981061441355208            0.018916608260792  
         65.186513714983249            1.979497534774650            0.020483600219938  
         65.307457931308505            1.985562512185270            0.014420822582990  
         65.428402147633747            1.992337425840259            0.007646441112616  
         65.549346363959003            1.998618391466179            0.001364970302573  
         65.670290580284245            1.998596962044247            0.001385594636089  
         65.791234796609501            1.989745610336735            0.010237480359620  
         65.912179012934743            1.981993492458661            0.017992473222733  
         66.033123229259999            1.982817310935284            0.017172249253241  
         66.154067445585255            1.987578259210314            0.012413912352211  
         66.275011661910497            1.994436025625772            0.005557519761218  
         66.395955878235753            1.999707103281425            0.000286471891330  
         66.516900094560995            1.995742137957465            0.004251382880744  
         66.637844310886251            1.986296050423252            0.013699274227231  
         66.758788527211493            1.982783684623566            0.017215088127869  
         66.879732743536749            1.985094076972666            0.014908124790578  
         67.000676959862005            1.990600826508024            0.009404022635329  
         67.121621176187247            1.997788348664451            0.002217509299357  
         67.242565392512503            1.999017245469073            0.000988253502951  
         67.363509608837745            1.991119102560340            0.008886747383013  
         67.484453825163001            1.984109532896012            0.015898467052130  
         67.605398041488243            1.983219493273724            0.016791457994755  
         67.726342257813499            1.986593023302417            0.013420882140709  
         67.847286474138755            1.993509167149628            0.006506539456116  
         67.968230690463997            1.999441359938677            0.000574021443334  
         68.089174906789253            1.996581974921098            0.003432242955335  
         68.210119123114495            1.988323187187079            0.011691014992398  
         68.331063339439751            1.983152813953148            0.016862654938559  
         68.452007555764993            1.982517366158448            0.017500193110704  
         68.572951772090249            1.986322064560632            0.013697600204147  
         68.693895988415505            1.994619933567808            0.005400164991083  
         68.814840204740747            1.999863292047196            0.000155100792953  
         68.935784421066003            1.996046479295090            0.003969737055283  
         69.056728637391245            1.989070109615134            0.010944797810076  
         69.177672853716501            1.983474010075068            0.016540821818822  
         69.298617070041743            1.980285454834976            0.019730484435921  
         69.419561286366999            1.984103795359489            0.015913323881278  
         69.540505502692255            1.994332283793519            0.005684297171783  
         69.661449719017497            1.999770503967167            0.000243664013898  
         69.782393935342753            1.998648561494579            0.001362468084355  
         69.903338151667995            1.993920009558070            0.006088215938015  
         70.024282367993251            1.985608304555730            0.014398430588447  
         70.145226584318493            1.978760574138584            0.021246302949930  
         70.266170800643749            1.982117611128259            0.017889747668988  
         70.387115016969005            1.989773125602778            0.010233552890574  
         70.508059233294247            1.995849206799609            0.004155374129647  
         70.629003449619503            1.999719054687207            0.000282140723166  
         70.749947665944745            1.997919301461153            0.002078129367954  
         70.870891882270001            1.988783630521648            0.011211236039417  
         70.991836098595243            1.981750439285800            0.018243720169440  
         71.112780314920499            1.980610429236319            0.019383836011932  
         71.233724531245755            1.983031262949669            0.016962834137115  
         71.354668747570997            1.989523447543720            0.010469505111893  
         71.475612963896253            1.997591661550438            0.002398670447853  
         71.596557180221495            1.999411763891364            0.000574960400963  
         71.717501396546751            1.994337780586699            0.005646140272220  
         71.838445612871993            1.988311353944181            0.011671555667810  
         71.959389829197249            1.982955576162367            0.017027539659242  
         72.080334045522505            1.981561034752007            0.018422673362693  
         72.201278261847747            1.987698110355740            0.012285779048263  
         72.322222478173003            1.996832144406683            0.003150313500981  
         72.443166694498245            1.999979151847175            0.000000743254746  
         72.564110910823501            1.997972423890420            0.002005528083866  
