#             time (fs)      |   total net charge (e)  |   charge (atom_1) (e)   |   charge (atom_2) (e)   |        ...        |   charge (atom_N) (e)   |
          0.000000000000000       -0.000000000000000       -0.000000000000000        0.000000000000000
          0.120944216325250       -0.000000000055113       -0.000417101445261        0.000417101390148
          0.241888432650500       -0.000000000168571        0.001329533175857       -0.001329533344428
          0.362832648975750       -0.000000000335071       -0.002097130366228        0.002097130031157
          0.483776865301000       -0.000000000550100        0.002005513435418       -0.002005513985519
          0.604721081626250       -0.000000000826666       -0.000720746399453        0.000720745572787
          0.725665297951500       -0.000000001163783       -0.001617144124326        0.001617142960543
          0.846609514276750       -0.000000001525409        0.004296702312637       -0.004296703838046
          0.967553730602000       -0.000000001862201       -0.006353527526985        0.006353525664784
          1.088497946927250       -0.000000002143851        0.006809856134186       -0.006809858278037
          1.209442163252500       -0.000000002391551       -0.005131403289393        0.005131400897842
          1.330386379577750       -0.000000002621564        0.001375588428349       -0.001375591049914
          1.451330595903000       -0.000000002805500        0.003650248804258       -0.003650251609757
          1.572274812228250       -0.000000002890588       -0.008640192114881        0.008640189224293
          1.693219028553500       -0.000000002871248        0.012019762143917       -0.012019765015165
          1.814163244878750       -0.000000002798363       -0.012467821611976        0.012467818813612
          1.935107461204000       -0.000000002691719        0.009242422552961       -0.009242425244680
          2.056051677529250       -0.000000002487666       -0.002598367767360        0.002598365279694
          2.176995893854500       -0.000000002124098       -0.006195133126266        0.006195131002168
          2.297940110179750       -0.000000001681985        0.014914750102340       -0.014914751784324
          2.418884326505000       -0.000000001393047       -0.020942170795010        0.020942169401963
          2.539828542830250       -0.000000001314509        0.021855282798632       -0.021855284113142
          2.660772759155500       -0.000000001297727       -0.016314355821251        0.016314354523523
          2.781716975480750       -0.000000000998738        0.004605774299540       -0.004605775298278
          2.902661191806000       -0.000000000441363        0.010960378233043       -0.010960378674405
          3.023605408131250       -0.000000000081570       -0.026412847693173        0.026412847611603
          3.144549624456500       -0.000000000225997        0.036852472810664       -0.036852473036661
          3.265493840781750       -0.000000000947178       -0.037899779498447        0.037899778551269
          3.386438057107000       -0.000000001451012        0.027105537173779       -0.027105538624791
          3.507382273432250       -0.000000001506234       -0.005361322969335        0.005361321463101
          3.628326489757500       -0.000000001230143       -0.022657135076616        0.022657133846473
          3.749270706082750       -0.000000001045170        0.048935877183961       -0.048935878229131
          3.870214922408000       -0.000000001554627       -0.064103282576618        0.064103281021991
          3.991159138733250       -0.000000002311432        0.060202262104714       -0.060202264416146
          4.112103355058500       -0.000000003700879       -0.034033980618480        0.034033976917601
          4.233047571383750       -0.000000005005371       -0.010523042428851        0.010523037423480
          4.353991787709000       -0.000000005166606        0.061893774854344       -0.061893780020949
          4.474936004034250       -0.000000003706950       -0.103187181947560        0.103187178240610
          4.595880220359500       -0.000000001234494        0.117010715489748       -0.117010716724242
          4.716824436684750       -0.000000001551419       -0.092013099453989        0.092013097902570
          4.837768653010000       -0.000000005051297        0.028470074760060       -0.028470079811357
          4.958712869335250       -0.000000008463861        0.059090104985632       -0.059090113449494
          5.079657085660500       -0.000000007346035       -0.144457270685776        0.144457263339741
          5.200601301985750       -0.000000002041784        0.197079575913487       -0.197079577955271
          5.321545518311000        0.000000000997119       -0.192629255694606        0.192629256691725
          5.442489734636251       -0.000000000452914        0.122703818651605       -0.122703819104519
          5.563433950961501       -0.000000002317846       -0.000189339316020        0.000189336998174
          5.684378167286750       -0.000000000180444       -0.142672293346479        0.142672293166035
          5.805322383612000        0.000000001937004        0.262981065187058       -0.262981063250054
          5.926266599937250       -0.000000002128719       -0.320423303808131        0.320423301679412
          6.047210816262500       -0.000000009510467        0.290348516029059       -0.290348525539526
          6.168155032587750       -0.000000007602758       -0.172566635019507        0.172566627416749
          6.289099248913001        0.000000007658366       -0.007538358176931        0.007538365835297
          6.410043465238251        0.000000023301285        0.205353592575809       -0.205353569274525
          6.530987681563500        0.000000021581164       -0.368950486667180        0.368950508248344
          6.651931897888750        0.000000001660826        0.452757521847092       -0.452757520186266
          6.772876114214000       -0.000000014211037       -0.429803445144048        0.429803430933011
          6.893820330539250       -0.000000012135741        0.298979784534285       -0.298979796670026
          7.014764546864500        0.000000000583091       -0.085983937533875        0.085983938116966
          7.135708763189751        0.000000003312217       -0.162166140192769        0.162166143504986
          7.256652979515001       -0.000000008307409        0.386954628590895       -0.386954636898303
          7.377597195840250       -0.000000011400436       -0.531064237416833        0.531064226016396
          7.498541412165500        0.000000018070979        0.551724117347983       -0.551724099277004
          7.619485628490750        0.000000054505580       -0.432916392434466        0.432916446940046
          7.740429844816000        0.000000038410332        0.193067010584943       -0.193066972174611
          7.861374061141250       -0.000000052126208        0.113881167287961       -0.113881219414169
          7.982318277466501       -0.000000133087279       -0.405998336282253        0.405998203194975
          8.103262493791750       -0.000000074670632        0.589955764547819       -0.589955839218451
          8.224206710117000        0.000000103689802       -0.587948543918616        0.587948647608417
          8.345150926442249        0.000000167378293        0.371078569329644       -0.371078401951351
          8.466095142767500       -0.000000085698386        0.012029717823427       -0.012029803521812
          8.587039359092751       -0.000000365656413       -0.428387033551472        0.428386667895059
          8.707983575418000       -0.000000123072129        0.688230400216202       -0.688230523288331
          8.828927791743251        0.000000409994618       -0.620710394977428        0.620710804972046
          8.949872008068500        0.000000084332323        0.190540127152424       -0.190540042820101
          9.070816224393750       -0.000000909957298        0.413988396407710       -0.413989306365008
          9.191760440718999       -0.000000307940591       -0.811359796793665        0.811359488853074
          9.312704657044250        0.000001224095039        0.639531675263711       -0.639530451168673
          9.433648873369501       -0.000000408509809        0.069969354103898       -0.069969762613706
          9.554593089694750       -0.000001412453819       -0.756226290623149        0.756224878169330
          9.675537306020001        0.000001703095841        0.723163730532413       -0.723162027436572
          9.796481522345250        0.000000326235079        0.058575018794444       -0.058574692559366
          9.917425738670500       -0.000000811268058       -0.727359402572968        0.727358591304909
         10.038369954995749        0.000001316304847        0.457726589304240       -0.457725272999393
         10.159314171321000       -0.000000864849123        0.411958191610926       -0.411959056460049
         10.280258387646251        0.000000792901070       -0.663819174670057        0.663819967571128
         10.401202603971500       -0.000001054212135       -0.140542966385758        0.140541912173623
         10.522146820296751        0.000000135200952        0.765562053151215       -0.765561917950263
         10.643091036622000        0.000000728123869       -0.101277641688134        0.101278369812003
         10.764035252947250       -0.000000766748760       -0.712858037840216        0.712857271091456
         10.884979469272501        0.000001063904245        0.184728373052295       -0.184727309148050
         11.005923685597750       -0.000000425923742        0.655691607126477       -0.655692033050220
         11.126867901923001       -0.000000046825928       -0.127785506068346        0.127785459242418
         11.247812118248250       -0.000000361971388       -0.708585251507951        0.708584889536563
         11.368756334573501        0.000000448163282        0.039172920726676       -0.039172472563395
         11.489700550898750        0.000000095632564        0.683970727523767       -0.683970631891203
         11.610644767224001       -0.000000157399413        0.149084136480215       -0.149084293879628
         11.731588983549251        0.000000795363279       -0.585203384054331        0.585204179417609
         11.852533199874500       -0.000001679377471       -0.417152114668415        0.417150435290944
         11.973477416199751        0.000001713930312        0.424541194281335       -0.424539480351023
         12.094421632525000       -0.000000918690205        0.592437113235810       -0.592438031926016
         12.215365848850251        0.000000378613309       -0.079663802684765        0.079664181298074
         12.336310065175500        0.000000461283629       -0.618759864698572        0.618760325982201
         12.457254281500751       -0.000001417365936       -0.330382444503237        0.330381027137301
         12.578198497826001        0.000001549853680        0.416270949638998       -0.416269399785318
         12.699142714151250       -0.000000553293915        0.582871368815575       -0.582871922109490
         12.820086930476501       -0.000000250686819        0.047527414100693       -0.047527664787512
         12.941031146801750        0.000000880943864       -0.545811429281853        0.545812310225717
         13.061975363127001       -0.000001201320950       -0.491347733289102        0.491346531968152
         13.182919579452250        0.000000828154056        0.147018879917399       -0.147018051763343
         13.303863795777501        0.000000285818300        0.576047240960161       -0.576046955141860
         13.424808012102751       -0.000000983469289        0.395598943347491       -0.395599926816781
         13.545752228428000        0.000000685110613       -0.221043614994433        0.221044300105046
         13.666696444753251        0.000000099889353       -0.598770891919784        0.598770991809137
         13.787640661078500       -0.000000400575685       -0.331237242589639        0.331236842013954
         13.908584877403751        0.000000181228777        0.222560799880673       -0.222560618651896
         14.029529093729000        0.000000243240456        0.599546904082422       -0.599546660841966
         14.150473310054251       -0.000000396570502        0.336983395317016       -0.336983791887518
         14.271417526379501        0.000000311704107       -0.199084621591212        0.199084933295319
         14.392361742704750        0.000000299354103       -0.564249996558636        0.564250295912739
         14.513305959030001       -0.000000722571393       -0.404613777777437        0.404613055206043
         14.634250175355250        0.000000488600397        0.127978005722572       -0.127977517122175
         14.755194391680501        0.000000257833310        0.518043871337057       -0.518043613503747
         14.876138608005750       -0.000000478405792        0.481833763346443       -0.481834241752236
         14.997082824331001        0.000000040647136        0.014526788916769       -0.014526748269633
         15.118027040656251        0.000000441796878       -0.451438355783986        0.451438797580864
         15.238971256981500       -0.000000132620969       -0.532065270946667        0.532065138325699
         15.359915473306751       -0.000000380566002       -0.191778565152768        0.191778184586766
         15.480859689632000        0.000000500028543        0.313055668631907       -0.313055168603364
         15.601803905957251        0.000000018226112        0.551831114868640       -0.551831096642529
         15.722748122282500       -0.000000251473144        0.352865961014903       -0.352866212488047
         15.843692338607751        0.000000067894944       -0.109176183497153        0.109176251392097
         15.964636554933001        0.000000253853680       -0.505892205674071        0.505892459527751
         16.085580771258250       -0.000000098082506       -0.471667221870267        0.471667123787761
         16.206524987583499       -0.000000143157169       -0.107494683912208        0.107494540755039
         16.327469203908752        0.000000264563838        0.354023511846095       -0.354023247282257
         16.448413420234001       -0.000000020673466        0.539064730054913       -0.539064750728379
         16.569357636559250       -0.000000061283632        0.295079151063953       -0.295079212347585
         16.690301852884499        0.000000024040116       -0.138501464569804        0.138501488609920
         16.811246069209751        0.000000111851163       -0.506332328176025        0.506332440027188
         16.932190285535000       -0.000000019203847       -0.442256411979773        0.442256392775926
         17.053134501860249       -0.000000005790323       -0.077910184849413        0.077910179059090
         17.174078718185502        0.000000059805724        0.354744801619812       -0.354744741814088
         17.295022934510751        0.000000017609871        0.530322687343997       -0.530322669734126
         17.415967150836000        0.000000026869523        0.266054626003905       -0.266054599134382
         17.536911367161249        0.000000020371330       -0.151968025538950        0.151968045910280
         17.657855583486501       -0.000000025303336       -0.504084971601687        0.504084946298351
         17.778799799811750        0.000000084131815       -0.425617461973037        0.425617546104852
         17.899744016136999        0.000000035031410       -0.043851617247176        0.043851652278586
         18.020688232462252       -0.000000069277844        0.369301571782239       -0.369301641060083
         18.141632448787501        0.000000096328768        0.527817085269795       -0.527816988941027
         18.262576665112750        0.000000051693345        0.224361899499293       -0.224361847805948
         18.383520881437999       -0.000000015179145       -0.201699273824701        0.201699258645557
         18.504465097763251       -0.000000116553895       -0.520991798283186        0.520991681729291
         18.625409314088500        0.000000268189999       -0.393440675137215        0.393440943327215
         18.746353530413749       -0.000000081981114        0.039676451033616       -0.039676533014730
         18.867297746739002       -0.000000150979068        0.429959829872466       -0.429959980851534
         18.988241963064251        0.000000299036735        0.513971168486994       -0.513970869450258
         19.109186179389500        0.000000004024433        0.128020089105832       -0.128020085081399
         19.230130395714749       -0.000000202031482       -0.323267882008420        0.323267679976938
         19.351074612040001       -0.000000007496046       -0.545320889996045        0.545320882499998
         19.472018828365250        0.000000514993813       -0.293728572903103        0.293729087896916
         19.592963044690499       -0.000000460187460        0.213444417725304       -0.213444877912765
         19.713907261015752       -0.000000117773366        0.525749590809217       -0.525749708582583
         19.834851477341001        0.000000650011098        0.413123462128229       -0.413122812117131
         19.955795693666250       -0.000000274064078       -0.091040109514190        0.091039835450113
         20.076739909991499       -0.000000336382056       -0.512058498079390        0.512058161697334
         20.197684126316751        0.000000378764680       -0.461754041602354        0.461754420367035
         20.318628342642000        0.000000348203980       -0.006792031503385        0.006792379707365
         20.439572558967249       -0.000000781750843        0.500153484328050       -0.500154266078894
         20.560516775292502        0.000000439028432        0.487291675543987       -0.487291236515555
         20.681460991617751        0.000000221342714        0.027053026766121       -0.027052805423406
         20.802405207943000       -0.000000687762113       -0.485679700169071        0.485679012406958
         20.923349424268253        0.000000940099199       -0.513204845038852        0.513205785138050
         21.044293640593501       -0.000000464294749        0.029703741885275       -0.029704206180024
         21.165237856918750       -0.000000395315272        0.507268687587354       -0.507269082902626
         21.286182073243999        0.000001047342050        0.481111327412364       -0.481110280070315
         21.407126289569252       -0.000000547873610       -0.124350908513462        0.124350360639852
         21.528070505894501       -0.000000287880989       -0.587831305798737        0.587831017917748
         21.649014722219750        0.000000561314000       -0.346015797964961        0.346016359278961
         21.769958938545003       -0.000000305830985        0.282486178396347       -0.282486484227333
         21.890903154870252        0.000000376577703        0.631695922560409       -0.631695545982706
         22.011847371195501       -0.000000051435779        0.116313737707589       -0.116313789143368
         22.132791587520749       -0.000000718618115       -0.515631358705349        0.515630640087234
         22.253735803846002        0.000000921407225       -0.474343365872181        0.474344287279405
         22.374680020171251       -0.000000336692266        0.225615442746990       -0.225615779439256
         22.495624236496500        0.000000465896302        0.662283262814907       -0.662282796918605
         22.616568452821753       -0.000000442288619        0.063216154581948       -0.063216596870567
         22.737512669147002       -0.000000495317740       -0.582209638091960        0.582209142774220
         22.858456885472251        0.000001266690112       -0.348447717616698        0.348448984306810
         22.979401101797500       -0.000001307736743        0.488971739840319       -0.488973047577062
         23.100345318122752        0.000001978094935        0.529419581883174       -0.529417603788239
         23.221289534448001       -0.000001917230369       -0.403693957427441        0.403692040197073
         23.342233750773250        0.000000808592156       -0.551328219811658        0.551329028403814
         23.463177967098503       -0.000000454509218        0.291625719822906       -0.291626174332124
         23.584122183423752        0.000001111466384        0.620858725581608       -0.620857614115224
         23.705066399749001       -0.000001066386705       -0.344975384508698        0.344974318121992
         23.826010616074250        0.000002094166153       -0.618268825217218        0.618270919383371
         23.946954832399502       -0.000002097764872        0.510681504363099       -0.510683602127971
         24.067899048724751        0.000000677252758        0.408523104548358       -0.408522427295600
         24.188843265050000       -0.000000624742396       -0.603901092302781        0.603900467560385
         24.309787481375253        0.000000744528973       -0.154589452678130        0.154590197207103
         24.430731697700502        0.000000057923191        0.725432088989276       -0.725432031066085
         24.551675914025751       -0.000000510589008       -0.326747733271133        0.326747222682125
         24.672620130351000        0.000002515031694       -0.533076352172162        0.533078867203856
         24.793564346676252       -0.000000758608663        0.858172730230177       -0.858173488838839
         24.914508563001501       -0.000001633698968       -0.343222919644826        0.343221285945858
         25.035452779326750        0.000001181276175       -0.429758358376530        0.429759539652705
         25.156396995652003        0.000000552216869        0.810691139214847       -0.810690586997979
         25.277341211977252       -0.000001113776760       -0.621500642085401        0.621499528308641
         25.398285428302501       -0.000000770011333        0.126110962605019       -0.126111732616351
         25.519229644627750        0.000000126639184        0.324922940757541       -0.324922814118358
         25.640173860953002        0.000000237371822       -0.533488815758260        0.533489053130082
         25.761118077278251       -0.000000116811627        0.488300201409176       -0.488300318220803
         25.882062293603500       -0.000000299578451       -0.293469855547607        0.293469555969156
         26.003006509928753       -0.000000270597444        0.076430029518368       -0.076430300115812
         26.123950726254002       -0.000000164856089        0.072591994720230       -0.072592159576319
         26.244894942579251       -0.000000086546257       -0.119345387805092        0.119345301258835
         26.365839158904500       -0.000000051314038        0.076377744160546       -0.076377795474583
         26.486783375229752       -0.000000042874785        0.018388446745416       -0.018388489620201
         26.607727591555001       -0.000000040784858       -0.122798828345161        0.122798787560303
         26.728671807880250       -0.000000034748593        0.205493571006877       -0.205493605755470
         26.849616024205503       -0.000000018062758       -0.252182705957816        0.252182687895058
         26.970560240530752       -0.000000040896984        0.264359220660997       -0.264359261557981
         27.091504456856001       -0.000000087478056       -0.251936786975462        0.251936699497405
         27.212448673181250       -0.000000138559703        0.224062971537111       -0.224063110096814
         27.333392889506502       -0.000000118099242       -0.182194217743483        0.182194099644240
         27.454337105831751       -0.000000046915014        0.119984094310002       -0.119984141225016
         27.575281322157000        0.000000015987154       -0.030941963312090        0.030941979299244
         27.696225538482253       -0.000000008378813       -0.078493581228100        0.078493572849287
         27.817169754807502       -0.000000071977237        0.179180473245882       -0.179180545223119
         27.938113971132751       -0.000000085873364       -0.224486288941717        0.224486203068353
         28.059058187458000       -0.000000074030123        0.176807476187653       -0.176807550217777
         28.180002403783252       -0.000000083783965       -0.041295920270343        0.041295836486378
         28.300946620108501       -0.000000098991346       -0.126314221363740        0.126314122372394
         28.421890836433750       -0.000000082242699        0.251482422839061       -0.251482505081760
         28.542835052759003       -0.000000058465432       -0.283615797847910        0.283615739382478
         28.663779269084252       -0.000000063423812        0.217142190915391       -0.217142254339203
         28.784723485409501       -0.000000111987186       -0.087043908514918        0.087043796527732
         28.905667701734750       -0.000000154149209       -0.053123682004487        0.053123527855278
         29.026611918060002       -0.000000166374992        0.156359450493051       -0.156359616868043
         29.147556134385251       -0.000000139260121       -0.196916840941668        0.196916701681546
         29.268500350710500       -0.000000061038924        0.170865930826034       -0.170865991864958
         29.389444567035753        0.000000022120892       -0.091927821101458        0.091927843222351
         29.510388783361002        0.000000071599175       -0.012453664453903        0.012453736053078
         29.631332999686251        0.000000044818717        0.104733212271993       -0.104733167453277
         29.752277216011500       -0.000000035067975       -0.145601297738152        0.145601262670177
         29.873221432336752       -0.000000106958858        0.106753292865434       -0.106753399824291
         29.994165648662001       -0.000000143847296        0.013065747638723       -0.013065891486019
         30.115109864987250       -0.000000139610546       -0.176326905532131        0.176326765921585
         30.236054081312503       -0.000000088523720        0.306485208359372       -0.306485296883093
         30.356998297637752       -0.000000114265180       -0.309734458437185        0.309734344172005
         30.477942513963001       -0.000000379158471        0.120842466829281       -0.120842845987752
         30.598886730288250       -0.000000801170284        0.236257361100696       -0.236258162270980
         30.719830946613502       -0.000000660717276       -0.606239097449718        0.606238436732442
         30.840775162938751        0.000000437545083        0.728767850991526       -0.728767413446442
         30.961719379264000        0.000000398803374       -0.394399882138991        0.394400280942365
         31.082663595589253       -0.000001916288196       -0.306964790303661        0.306962874015465
         31.203607811914502       -0.000001313683262        0.877493823007562       -0.877495136690824
         31.324552028239751        0.000002623143742       -0.710014140085947        0.710016763229689
         31.445496244565000       -0.000000151419181       -0.145786230918323        0.145786079499142
         31.566440460890252       -0.000001295116541        0.800606148478206       -0.800607443594747
         31.687384677215501        0.000002104092047       -0.476876851081311        0.476878955173359
         31.808328893540750       -0.000000382245134       -0.391076781352514        0.391076399107380
         31.929273109866003        0.000000400183404        0.608847831716574       -0.608847431533170
         32.050217326191252       -0.000001651183245        0.179498417545301       -0.179500068728545
         32.171161542516501        0.000000443538945       -0.756314590208832        0.756315033747777
         32.292105758841750       -0.000000224075487        0.038538323169871       -0.038538547245359
         32.413049975166999       -0.000001048122229        0.760779306008002       -0.760780354130232
         32.533994191492248        0.000001712395593       -0.138009684641279        0.138011397036872
         32.654938407817504       -0.000000384049021       -0.643707741011979        0.643707356962959
         32.775882624142753       -0.000000929229546        0.008726054577706       -0.008726983807252
         32.896826840468002        0.000000463116161        0.704170203302959       -0.704169740186797
         33.017771056793251       -0.000001046144761        0.133087157143425       -0.133088203288186
         33.138715273118500        0.000000958947698       -0.665178253408225        0.665179212355923
         33.259659489443749       -0.000000234699822       -0.312465691817258        0.312465457117436
         33.380603705768998        0.000000369295095        0.428202711744590       -0.428202342449495
         33.501547922094254       -0.000001568765490        0.590719586738438       -0.590721155503928
         33.622492138419503        0.000000861888556       -0.158753801619210        0.158754663507767
         33.743436354744752       -0.000000279296352       -0.656296413670407        0.656296134374056
         33.864380571070001       -0.000000239764492       -0.227121496793612        0.227121257029120
         33.985324787395250        0.000000287003481        0.420940978021926       -0.420940691018445
         34.106269003720499       -0.000001467828215        0.604426772054211       -0.604428239882427
         34.227213220045748        0.000000655437931       -0.024505342291492        0.024505997729423
         34.348157436371004        0.000000394526109       -0.560104933044260        0.560105327570369
         34.469101652696253       -0.000000843362586       -0.447592123503511        0.447591280140925
         34.590045869021502       -0.000000362227660        0.132697274282712       -0.132697636510372
         34.710990085346751        0.000000504033125        0.619457759593606       -0.619457255560481
         34.831934301672000       -0.000000403492976        0.361172208110940       -0.361172611603916
         34.952878517997249       -0.000000096759694       -0.183810627179566        0.183810530419872
         35.073822734322498        0.000000415987184       -0.588630780637032        0.588631196624216
         35.194766950647754       -0.000001325711879       -0.384703240522938        0.384701914811059
         35.315711166973003        0.000000825385559        0.186931718101682       -0.186930892716123
         35.436655383298252        0.000000072974593        0.537847471687506       -0.537847398712913
         35.557599599623501       -0.000001299761127        0.452258574101277       -0.452259873862404
         35.678543815948750        0.000000457175126       -0.074097427293381        0.074097884468507
         35.799488032273999        0.000000300180548       -0.500620403287596        0.500620703468144
         35.920432248599248       -0.000000453673894       -0.503651474350769        0.503651020676875
         36.041376464924504       -0.000000826299110       -0.113956258309108        0.113955432009998
         36.162320681249753        0.000000921357772        0.390205022325024       -0.390204100967252
         36.283264897575002       -0.000000224229043        0.537340288513335       -0.537340512742378
         36.404209113900251       -0.000000787116219        0.303089931597624       -0.303090718713843
         36.525153330225500        0.000000200091323       -0.169041109326997        0.169041309418320
         36.646097546550749        0.000000134669886       -0.519815821396252        0.519815956066138
         36.767041762875998       -0.000000313382504       -0.439548838555558        0.439548525173054
         36.887985979201254       -0.000000647806635       -0.090942390801438        0.090941742994803
         37.008930195526503        0.000000571867869        0.357268560745899       -0.357267988878029
         37.129874411851752       -0.000000209957317        0.512367359768135       -0.512367569725452
         37.250818628177001       -0.000000408208267        0.315887033502037       -0.315887441710304
         37.371762844502250       -0.000000179673702       -0.082691212171102        0.082691032497400
         37.492707060827499        0.000000225810749       -0.451534701708755        0.451534927519505
         37.613651277152748       -0.000000203509236       -0.454936121969935        0.454935918460699
         37.734595493478004       -0.000000474483953       -0.200849315647610        0.200848841163657
         37.855539709803253        0.000000153614497        0.211268498663895       -0.211268345049398
         37.976483926128502       -0.000000078064739        0.471441974948999       -0.471442053013737
         38.097428142453751       -0.000000220597288        0.401439523569114       -0.401439744166402
         38.218372358779000       -0.000000337605217        0.098412877467985       -0.098413215073201
         38.339316575104249        0.000000133842992       -0.297450482664620        0.297450616507612
         38.460260791429498       -0.000000134280370       -0.461457055147631        0.461456920867261
         38.581205007754754       -0.000000252084646       -0.360669801016415        0.360669548931769
         38.702149224080003       -0.000000143590554       -0.010501628738821        0.010501485148266
         38.823093440405252       -0.000000039975487        0.345327997735344       -0.345328037710830
         38.944037656730501       -0.000000136145664        0.461038006566524       -0.461038142712189
         39.064981873055750       -0.000000199993518        0.318646672676815       -0.318646872670333
         39.185926089380999       -0.000000105674033       -0.062522980748890        0.062522875074857
         39.306870305706248       -0.000000130263556       -0.373138037632783        0.373137907369228
         39.427814522031504       -0.000000137196826       -0.479242782987448        0.479242645790623
         39.548758738356753       -0.000000092680976       -0.266451304536233        0.266451211855257
         39.669702954682002       -0.000000181979207        0.122589784865459       -0.122589966844666
         39.790647171007251       -0.000000153650373        0.408761212735101       -0.408761366385474
         39.911591387332500       -0.000000085360771        0.495693008011950       -0.495693093372722
         40.032535603657749       -0.000000104853292        0.205417331279629       -0.205417436132922
         40.153479819982998       -0.000000205899147       -0.176250328853407        0.176250122954260
         40.274424036308254       -0.000000211126152       -0.464429423501275        0.464429212375122
         40.395368252633503        0.000000085902656       -0.483286853282356        0.483286939185012
         40.516312468958752       -0.000000209842380       -0.135017865908810        0.135017656066429
         40.637256685284001       -0.000000153802320        0.240327600434381       -0.240327754236701
         40.758200901609250       -0.000000308349979        0.526977138762611       -0.526977447112591
         40.879145117934499        0.000000153395326        0.430045179666154       -0.430045026270828
         41.000089334259748       -0.000000234371723        0.049724013981576       -0.049724248353299
         41.121033550585004       -0.000000205647578       -0.331348181200341        0.331347975552764
         41.241977766910253       -0.000000164415104       -0.565777716111325        0.565777551696221
         41.362921983235502       -0.000000014912188       -0.335845029310740        0.335845014398552
         41.483866199560751       -0.000000114426788        0.063883428927064       -0.063883543353852
         41.604810415886000       -0.000000481662803        0.449476060139570       -0.449476541802373
         41.725754632211249        0.000000264795337        0.541772946260840       -0.541772681465503
         41.846698848536505       -0.000000209409820        0.195511206199135       -0.195511415608955
         41.967643064861754       -0.000000094008787       -0.224246454641331        0.224246360632544
         42.088587281187003       -0.000000542062030       -0.562076764002884        0.562076221940853
         42.209531497512252        0.000000297084550       -0.424364375343095        0.424364672427645
         42.330475713837501       -0.000000252147538        0.005810606432314       -0.005810858579853
         42.451419930162750       -0.000000469491976        0.427127371587444       -0.427127841079419
         42.572364146487999        0.000000367446472        0.576435162076808       -0.576434794630336
         42.693308362813255       -0.000000260477305        0.196224205645336       -0.196224466122641
         42.814252579138504       -0.000000272700970       -0.272855258935836        0.272854986234866
         42.935196795463753       -0.000000480982898       -0.593316070157839        0.593315589174942
         43.056141011789002        0.000000794519495       -0.388710962539018        0.388711757058514
         43.177085228114251       -0.000000874503772        0.142938931565212       -0.142939806068984
         43.298029444439500       -0.000000453345136        0.536709570253676       -0.536710023598812
         43.418973660764749        0.000001039335069        0.525984778107470       -0.525983738772401
         43.539917877090005       -0.000000695968683       -0.008579808828338        0.008579112859655
         43.660862093415254       -0.000000759538321       -0.508221425128887        0.508220665590566
         43.781806309740503        0.000000319053732       -0.564727874097047        0.564728193150779
         43.902750526065752        0.000000797975400       -0.096632589032116        0.096633387007516
         44.023694742391001       -0.000001702209053        0.511541682127128       -0.511543384336182
         44.144638958716250        0.000000285571028        0.567367921398073       -0.567367635827045
         44.265583175041499        0.000000722260316        0.096694870841273       -0.096694148580956
         44.386527391366755       -0.000001501672299       -0.528018048671307        0.528016546999007
         44.507471607692004        0.000001288470403       -0.583565425756707        0.583566714227110
         44.628415824017253       -0.000000997183664        0.041669428393117       -0.041670425576781
         44.749360040342502       -0.000000620568740        0.576143722868653       -0.576144343437394
         44.870304256667751        0.000001842642955        0.504454436574832       -0.504452593931876
         44.991248472993000       -0.000001757598095       -0.249167356184171        0.249165598586076
         45.112192689318249        0.000000112043081       -0.672928245206679        0.672928357249760
         45.233136905643505        0.000000286377328       -0.225368818074665        0.225369104451993
         45.354081121968754       -0.000000891105373        0.502448551340043       -0.502449442445416
         45.475025338294003        0.000002108872838        0.615428489407712       -0.615426380534874
         45.595969554619252       -0.000002116537047       -0.228015670384020        0.228013553846973
         45.716913770944501        0.000000197528713       -0.679901163289375        0.679901360818089
         45.837857987269750        0.000000489042322       -0.127413184490125        0.127413673532447
         45.958802203594999       -0.000001227249064        0.655511986512315       -0.655513213761379
         46.079746419920255        0.000002459892464        0.400692141467387       -0.400689681574923
         46.200690636245504       -0.000002624654604       -0.611605614974166        0.611602990319563
         46.321634852570753        0.000000521766867       -0.477001730118577        0.477002251885445
         46.442579068896002       -0.000000928843949        0.460170717930605       -0.460171646774554
         46.563523285221251        0.000001247365136        0.570247028829652       -0.570245781464516
         46.684467501546500       -0.000001303910555       -0.483522423734799        0.483521119824244
         46.805411717871749        0.000002744972798       -0.607144449044523        0.607147194017322
         46.926355934197005       -0.000002640362207        0.630748622204074       -0.630751262566281
         47.047300150522254        0.000000323157416        0.395571790728767       -0.395571467571351
         47.168244366847503       -0.000000617254512       -0.664170715481572        0.664170098227060
         47.289188583172752        0.000000490739718       -0.163279209724789        0.163279700464507
         47.410132799498001       -0.000000245726053        0.766040224708849       -0.766040470434902
         47.531077015823250        0.000000078189642       -0.245964106617432        0.245964184807074
         47.652021232148499        0.000002411534879       -0.707987994764727        0.707990406299606
         47.772965448473755       -0.000002012767272        0.839069075769791       -0.839071088537062
         47.893909664799004       -0.000000709004329       -0.009462654605406        0.009461945601077
         48.014853881124253        0.000000986371586       -0.765874120227478        0.765875106599064
         48.135798097449502       -0.000000976717763        0.737322417051473       -0.737323393769235
         48.256742313774751       -0.000000844728653       -0.091761861969098        0.091761017240445
         48.377686530100000        0.000000024325977       -0.507105226870950        0.507105251196927
         48.498630746425249       -0.000000228852603        0.606839361331307       -0.606839590183910
         48.619574962750505       -0.000000158671351       -0.204963048483162        0.204962889811810
         48.740519179075754        0.000000271796669       -0.370368596558863        0.370368868355532
         48.861463395401003       -0.000000059008061        0.728334816913293       -0.728334875921354
         48.982407611726252       -0.000000340964460       -0.632379777435397        0.632379436470937
         49.103351828051501        0.000000202139831        0.109446026769026       -0.109445824629196
         49.224296044376750        0.000000360547879        0.577945539223019       -0.577945178675140
         49.345240260701999       -0.000000112004620       -1.037935257203542        1.037935145198922
         49.466184477027255        0.000000558898062        0.916950836621150       -0.916950277723088
         49.587128693352504       -0.000000167022542       -0.164684074043167        0.164683907020626
         49.708072909677753       -0.000002966330757       -0.786692994944521        0.786690028613764
         49.829017126003002        0.000001361604950        1.132433883026794       -1.132432521421844
         49.949961342328251        0.000004055813756       -0.384049978071262        0.384054033885018
         50.070905558653500       -0.000002780959787       -0.744587940456338        0.744585159496551
         50.191849774978749        0.000002816944675        0.935243992195370       -0.935241175250695
         50.312793991304005        0.000000968951158        0.104869122697459       -0.104868153746301
         50.433738207629254       -0.000000240687268       -0.927632103528243        0.927631862840975
         50.554682423954503       -0.000001093615362        0.178102367824169       -0.178103461439532
         50.675626640279752       -0.000002289656027        0.955807709795160       -0.955809999451187
         50.796570856605001        0.000002635199798       -0.177596160988986        0.177598796188784
         50.917515072930250       -0.000001191788333       -0.935755693924152        0.935754502135820
         51.038459289255499        0.000000966945069       -0.092343496510883        0.092344463455952
         51.159403505580755        0.000001883549205        0.814845360751136       -0.814843477201931
         51.280347721906004       -0.000006088682756        0.540198659859074       -0.540204748541830
         51.401291938231253        0.000005744286894       -0.457089817559142        0.457095561846036
         51.522236154556502       -0.000001478172367       -0.842566263979269        0.842564785806902
         51.643180370881751       -0.000001382730064       -0.237788087783026        0.237786705052962
         51.764124587207000        0.000002549934019        0.562348703416499       -0.562346153482481
         51.885068803532249       -0.000003050287544        0.813702840185600       -0.813705890473144
         52.006013019857505        0.000000199247788        0.245178650243218       -0.245178450995430
         52.126957236182754        0.000001481806726       -0.437999369006985        0.438000850813711
         52.247901452508003        0.000000553252597       -0.800173597105077        0.800174150357673
         52.368845668833252       -0.000003469850247       -0.492930123635410        0.492926653785164
         52.489789885158501        0.000001991316100        0.078719092079295       -0.078717100763195
         52.610734101483750        0.000001561554269        0.585021688893707       -0.585020127339438
         52.731678317808999       -0.000001673934213        0.770767885516896       -0.770769559451109
         52.852622534134255       -0.000001566917663        0.440346437459154       -0.440348004376817
         52.973566750459504       -0.000000467054928       -0.005315304320588        0.005314837265659
         53.094510966784753        0.000001909597775       -0.420395123889418        0.420397033487192
         53.215455183110002        0.000001562508519       -0.700342521305018        0.700344083813537
         53.336399399435251       -0.000000498146823       -0.588922856848052        0.588922358701229
         53.457343615760500       -0.000002081304189       -0.286719567131297        0.286717485827108
         53.578287832085749        0.000000708444938        0.003368739114945       -0.003368030670007
         53.699232048411005        0.000000576589457        0.294736100038405       -0.294735523448948
         53.820176264736254        0.000000618672706        0.554282550383193       -0.554281931710487
         53.941120481061503       -0.000002085678493        0.632430400119530       -0.632432485798023
         54.062064697386752       -0.000001279818030        0.448292838613406       -0.448294118431436
         54.183008913712001       -0.000001684557066        0.229009295687232       -0.229010980244298
         54.303953130037250        0.000000135481475        0.082074143819087       -0.082074008337611
         54.424897346362499        0.000000354845078       -0.063376012932608        0.063376367777686
         54.545841562687755        0.000000793525572       -0.206498580245279        0.206499373770851
         54.666785779013004        0.000002084708326       -0.355500906028984        0.355502990737310
         54.787729995338253        0.000001208020973       -0.480105696138498        0.480106904159472
         54.908674211663502        0.000000403979509       -0.516301710672185        0.516302114651695
         55.029618427988751        0.000000325966028       -0.412363855874428        0.412364181840456
         55.150562644314000        0.000000158742257       -0.296000469460452        0.296000628202709
         55.271506860639249        0.000000620669395       -0.229761731778649        0.229762352448045
         55.392451076964505        0.000000824793454       -0.227242720755505        0.227243545548959
         55.513395293289754        0.000001371652409       -0.244259012814208        0.244260384466617
         55.634339509615003        0.000001243104138       -0.319454690679779        0.319455933783917
         55.755283725940252        0.000001776427226       -0.396071407650596        0.396073184077821
         55.876227942265501        0.000001176827488       -0.429459813879799        0.429460990707287
         55.997172158590750        0.000001065040897       -0.403671352037567        0.403672417078463
         56.118116374915999        0.000000752502019       -0.352875941522912        0.352876694024931
         56.239060591241255        0.000001064698086       -0.316055179205011        0.316056243903097
         56.360004807566504        0.000001069276624       -0.296969864765804        0.296970934042429
         56.480949023891753        0.000001200599112       -0.322634997723511        0.322636198322623
         56.601893240217002        0.000001337882480       -0.359922699511970        0.359924037394450
         56.722837456542251        0.000001236349793       -0.387353971091994        0.387355207441788
         56.843781672867500        0.000001185644744       -0.383286032620636        0.383287218265380
         56.964725889192749        0.000000975702305       -0.364835236468577        0.364836212170883
         57.085670105518005        0.000001119861514       -0.343264584798616        0.343265704660130
         57.206614321843254        0.000001074058684       -0.331015613119924        0.331016687178608
         57.327558538168503        0.000001198673484       -0.340189076525988        0.340190275199472
         57.448502754493752        0.000001197448686       -0.358402294525329        0.358403491974014
         57.569446970819001        0.000001193432218       -0.371593648743931        0.371594842176148
         57.690391187144250        0.000001164213744       -0.367408073911812        0.367409238125556
         57.811335403469499        0.000001083792115       -0.358064847687604        0.358065931479719
         57.932279619794755        0.000001139485811       -0.349194751893348        0.349195891379159
         58.053223836120004        0.000001127624052       -0.346472136835023        0.346473264459074
         58.174168052445253        0.000001188629379       -0.351324080252439        0.351325268881819
         58.295112268770502        0.000001162218664       -0.358993209446568        0.358994371665232
         58.416056485095751        0.000001162415473       -0.363551375691095        0.363552538106569
         58.537000701421000        0.000001149307366       -0.359710205736181        0.359711355043547
         58.657944917746249        0.000001121386185       -0.354459774364581        0.354460895750766
         58.778889134071505        0.000001153186162       -0.351898244733346        0.351899397919509
         58.899833350396754        0.000001149364207       -0.353433953824752        0.353435103188959
         59.020777566722003        0.000001174012263       -0.356375610637145        0.356376784649408
         59.141721783047252        0.000001154646877       -0.358173495625733        0.358174650272611
         59.262665999372501        0.000001148346589       -0.358470126914719        0.358471275261309
         59.383610215697750        0.000001145354094       -0.356340678755108        0.356341824109203
         59.504554432022999        0.000001139078995       -0.354519972759429        0.354521111838425
         59.625498648348255        0.000001160619874       -0.354402363553360        0.354403524173234
         59.746442864673504        0.000001152739907       -0.355948292567012        0.355949445306919
         59.867387080998753        0.000001161809474       -0.357263064807945        0.357264226617419
         59.988331297324002        0.000001150602607       -0.356998098116185        0.356999248718792
         60.109275513649251        0.000001143087993       -0.356183820072775        0.356184963160769
         60.230219729974500        0.000001150306245       -0.355461456276516        0.355462606582761
         60.351163946299749        0.000001148946832       -0.355521109738738        0.355522258685570
         60.472108162625005        0.000001160777048       -0.355981536630660        0.355982697407708
         60.593052378950254        0.000001152349102       -0.356435156381568        0.356436308730670
         60.713996595275503        0.000001152111247       -0.356605414486018        0.356606566597265
         60.834940811600752        0.000001148276262       -0.356179486293560        0.356180634569822
         60.955885027926001        0.000001145653802       -0.355766280390391        0.355767426044193
         61.076829244251250        0.000001156030993       -0.355720345697659        0.355721501728652
         61.197773460576499        0.000001151780897       -0.356090945470407        0.356092097251305
         61.318717676901755        0.000001155799914       -0.356411714309614        0.356412870109529
         61.439661893227004        0.000001150401258       -0.356302838238373        0.356303988639631
         61.560606109552253        0.000001147065973       -0.356049427634722        0.356050574700695
         61.681550325877502        0.000001151981276       -0.355871604099318        0.355872756080594
         61.802494542202751        0.000001150665698       -0.355963571739565        0.355964722405262
         61.923438758528000        0.000001154895974       -0.356149411336248        0.356150566232222
         62.044382974853249        0.000001151397697       -0.356236861328549        0.356238012726245
         62.165327191178505        0.000001150371419       -0.356221530640547        0.356222681011966
         62.286271407503754        0.000001150559325       -0.356049576061368        0.356050726620693
         62.407215623829003        0.000001149645195       -0.355945142046993        0.355946291692189
         62.528159840154252        0.000001152987262       -0.355997996397205        0.355999149384467
         62.649104056479501        0.000001151325605       -0.356154572855614        0.356155724181219
         62.770048272804750        0.000001151499920       -0.356256355344532        0.356257506844452
         62.890992489129999        0.000001150933746       -0.356140904367201        0.356142055300948
         63.011936705455255        0.000001150353269       -0.355999488072013        0.356000638425282
         63.132880921780504        0.000001151412442       -0.355978933648800        0.355980085061242
         63.253825138105753        0.000001151132831       -0.356092358037476        0.356093509170307
         63.374769354431002        0.000001151043203       -0.356194737145298        0.356195888188501
         63.495713570756251        0.000001151070553       -0.356152754689326        0.356153905759880
         63.616657787081500        0.000001151702641       -0.356075410991884        0.356076562694525
         63.737602003406749        0.000001150944673       -0.356029954808325        0.356031105752998
         63.858546219732006        0.000001151422243       -0.356059704825004        0.356060856247247
         63.979490436057254        0.000001149238644       -0.356117943091987        0.356119092330631
         64.100434652382503        0.000001149840705       -0.356129203997300        0.356130353838005
         64.221378868707745        0.000001154889693       -0.356116508630960        0.356117663520653
         64.342323085033001        0.000001151811353       -0.356084402765758        0.356085554577111
         64.463267301358258        0.000001156010275       -0.356073631108133        0.356074787118408
         64.584211517683499        0.000001146528468       -0.356088665488371        0.356089812016840
         64.705155734008756        0.000001148633365       -0.356100259139378        0.356101407772742
         64.826099950333997        0.000001154273463       -0.356102344975842        0.356103499249306
         64.947044166659254        0.000001151038225       -0.356096591330254        0.356097742368479
         65.067988382984495        0.000001154193384       -0.356094263876598        0.356095418069982
         65.188932599309751        0.000001150591980       -0.356094889302077        0.356096039894057
         65.309876815635008        0.000001151093807       -0.356095127102178        0.356096278195986
         65.430821031960249        0.000001151127801       -0.356095131520455        0.356096282648256
         65.551765248285506        0.000001151127801       -0.356095131520455        0.356096282648256
         65.672709464610747        0.000001151127801       -0.356095131520455        0.356096282648256
         65.793653680936004        0.000001151127801       -0.356095131520455        0.356096282648256
         65.914597897261245        0.000001151127801       -0.356095131520455        0.356096282648256
         66.035542113586502        0.000001151127801       -0.356095131520455        0.356096282648256
         66.156486329911758        0.000001151127801       -0.356095131520455        0.356096282648256
         66.277430546236999        0.000001151127801       -0.356095131520455        0.356096282648256
         66.398374762562256        0.000001151127801       -0.356095131520455        0.356096282648256
         66.519318978887497        0.000001151127801       -0.356095131520455        0.356096282648256
         66.640263195212754        0.000001151127801       -0.356095131520455        0.356096282648256
         66.761207411537995        0.000001151127801       -0.356095131520455        0.356096282648256
         66.882151627863252        0.000001151127801       -0.356095131520455        0.356096282648256
         67.003095844188508        0.000001151127801       -0.356095131520455        0.356096282648256
         67.124040060513749        0.000001151127801       -0.356095131520455        0.356096282648256
         67.244984276839006        0.000001151127801       -0.356095131520455        0.356096282648256
         67.365928493164247        0.000001151127801       -0.356095131520455        0.356096282648256
         67.486872709489504        0.000001151127801       -0.356095131520455        0.356096282648256
         67.607816925814745        0.000001151127801       -0.356095131520455        0.356096282648256
         67.728761142140002        0.000001151127801       -0.356095131520455        0.356096282648256
         67.849705358465258        0.000001151127801       -0.356095131520455        0.356096282648256
         67.970649574790500        0.000001151127801       -0.356095131520455        0.356096282648256
         68.091593791115756        0.000001151127801       -0.356095131520455        0.356096282648256
         68.212538007440997        0.000001151127801       -0.356095131520455        0.356096282648256
         68.333482223766254        0.000001151127801       -0.356095131520455        0.356096282648256
         68.454426440091495        0.000001151127801       -0.356095131520455        0.356096282648256
         68.575370656416752        0.000001151127801       -0.356095131520455        0.356096282648256
         68.696314872742008        0.000001151127801       -0.356095131520455        0.356096282648256
         68.817259089067250        0.000001151127801       -0.356095131520455        0.356096282648256
         68.938203305392506        0.000001151127801       -0.356095131520455        0.356096282648256
         69.059147521717748        0.000001151127801       -0.356095131520455        0.356096282648256
         69.180091738043004        0.000001151127801       -0.356095131520455        0.356096282648256
         69.301035954368245        0.000001151127801       -0.356095131520455        0.356096282648256
         69.421980170693502        0.000001151127801       -0.356095131520455        0.356096282648256
         69.542924387018758        0.000001151127801       -0.356095131520455        0.356096282648256
         69.663868603344000        0.000001151127801       -0.356095131520455        0.356096282648256
         69.784812819669256        0.000001151127801       -0.356095131520455        0.356096282648256
         69.905757035994498        0.000001151127801       -0.356095131520455        0.356096282648256
         70.026701252319754        0.000001151127801       -0.356095131520455        0.356096282648256
         70.147645468644996        0.000001151127801       -0.356095131520455        0.356096282648256
         70.268589684970252        0.000001151127801       -0.356095131520455        0.356096282648256
         70.389533901295508        0.000001151127801       -0.356095131520455        0.356096282648256
         70.510478117620750        0.000001151127801       -0.356095131520455        0.356096282648256
         70.631422333946006        0.000001151127801       -0.356095131520455        0.356096282648256
         70.752366550271248        0.000001151127801       -0.356095131520455        0.356096282648256
         70.873310766596504        0.000001151127801       -0.356095131520455        0.356096282648256
         70.994254982921746        0.000001151127801       -0.356095131520455        0.356096282648256
         71.115199199247002        0.000001151127801       -0.356095131520455        0.356096282648256
         71.236143415572258        0.000001151127801       -0.356095131520455        0.356096282648256
         71.357087631897500        0.000001151127801       -0.356095131520455        0.356096282648256
         71.478031848222756        0.000001151127801       -0.356095131520455        0.356096282648256
         71.598976064547998        0.000001151127801       -0.356095131520455        0.356096282648256
         71.719920280873254        0.000001151127801       -0.356095131520455        0.356096282648256
         71.840864497198496        0.000001151127801       -0.356095131520455        0.356096282648256
         71.961808713523752        0.000001151127801       -0.356095131520455        0.356096282648256
         72.082752929849008        0.000001151127801       -0.356095131520455        0.356096282648256
         72.203697146174250        0.000001151127801       -0.356095131520455        0.356096282648256
         72.324641362499506        0.000001151127801       -0.356095131520455        0.356096282648256
         72.445585578824748        0.000001151127801       -0.356095131520455        0.356096282648256
         72.566529795150004        0.000001151127801       -0.356095131520455        0.356096282648256
