#             time (fs)      |   total net charge (e)  |   charge (atom_1) (e)   |   charge (atom_2) (e)   |        ...        |   charge (atom_N) (e)   |
          0.000000000000000       -0.000000000000000       -0.000000000000000        0.000000000000000
          0.120944216325250       -0.000000000036258       -0.000281993176583        0.000281993140325
          0.241888432650500       -0.000000000100912        0.000726498730778       -0.000726498831690
          0.362832648975750       -0.000000000197825       -0.000407135194912        0.000407134997087
          0.483776865301000       -0.000000000323231       -0.001185704714752        0.001185704391520
          0.604721081626250       -0.000000000495731        0.003587638269405       -0.003587638765136
          0.725665297951500       -0.000000000644775       -0.005406122848491        0.005406122203716
          0.846609514276750       -0.000000000818172        0.005169143021238       -0.005169143839410
          0.967553730602000       -0.000000000973503       -0.002315172668255        0.002315171694752
          1.088497946927250       -0.000000001148399       -0.002171270194478        0.002171269046078
          1.209442163252500       -0.000000001300015        0.006092972447901       -0.006092973747916
          1.330386379577750       -0.000000001406824       -0.007137643690909        0.007137642284084
          1.451330595903000       -0.000000001499515        0.004286333099931       -0.004286334599446
          1.572274812228250       -0.000000001552396        0.001380409039960       -0.001380410592356
          1.693219028553500       -0.000000001552424       -0.006960728037158        0.006960726484734
          1.814163244878750       -0.000000001516386        0.009148666062440       -0.009148667578826
          1.935107461204000       -0.000000001452245       -0.006079506954707        0.006079505502462
          2.056051677529250       -0.000000001302483       -0.001371576458952        0.001371575156469
          2.176995893854500       -0.000000001081010        0.009666725005649       -0.009666726086659
          2.297940110179750       -0.000000000951519       -0.014219473751556        0.014219472800037
          2.418884326505000       -0.000000000819486        0.011823510293205       -0.011823511112691
          2.539828542830250       -0.000000000590424       -0.002690661813998        0.002690661223574
          2.660772759155500       -0.000000000218339       -0.009169416103861        0.009169415885522
          2.781716975480750        0.000000000057465        0.017606775800723       -0.017606775743257
          2.902661191806000        0.000000000067322       -0.017489907507398        0.017489907574721
          3.023605408131250        0.000000000323680        0.007708742782042       -0.007708742458362
          3.144549624456500        0.000000000785381        0.007573636810643       -0.007573636025262
          3.265493840781750        0.000000000959855       -0.020517024753862        0.020517025713717
          3.386438057107000        0.000000000848200        0.023444581503191       -0.023444580654991
          3.507382273432250        0.000000000757616       -0.013238228355621        0.013238229113237
          3.628326489757500        0.000000001218310       -0.006263586527926        0.006263587746235
          3.749270706082750        0.000000001654178        0.025386816372115       -0.025386814717937
          3.870214922408000        0.000000001393019       -0.033295915544329        0.033295916937348
          3.991159138733250        0.000000001310215        0.023935468295807       -0.023935466985592
          4.112103355058500        0.000000001649242       -0.000162558195595        0.000162559844837
          4.233047571383750        0.000000002074896       -0.026694596092160        0.026694598167056
          4.353991787709000        0.000000002119791        0.042107556210451       -0.042107554090660
          4.474936004034250        0.000000001718977       -0.036185370253018        0.036185371971995
          4.595880220359500        0.000000001840405        0.009792975002257       -0.009792973161851
          4.716824436684750        0.000000002115716        0.024687277455141       -0.024687275339425
          4.837768653010000        0.000000001996786       -0.049095565814516        0.049095567811303
          4.958712869335250        0.000000001795802        0.049071844095987       -0.049071842300185
          5.079657085660500        0.000000001679614       -0.022423155383298        0.022423157062912
          5.200601301985750        0.000000001794633       -0.018655353283556        0.018655355078189
          5.321545518311000        0.000000001848174        0.053244479566449       -0.053244477718275
          5.442489734636251        0.000000001831709       -0.062615821413524        0.062615823245232
          5.563433950961501        0.000000001862919        0.040565393565503       -0.040565391702584
          5.684378167286750        0.000000001793471        0.002680788690719       -0.002680786897248
          5.805322383612000        0.000000001597606       -0.045399907639234        0.045399909236839
          5.926266599937250        0.000000001458434        0.065731684785427       -0.065731683326993
          6.047210816262500        0.000000001587913       -0.053281575608191        0.053281577196103
          6.168155032587750        0.000000001132656        0.014703634789675       -0.014703633657019
          6.289099248913001        0.000000000434464        0.029879189048886       -0.029879188614422
          6.410043465238251        0.000000000487503       -0.057529096342639        0.057529096830142
          6.530987681563500        0.000000000913168        0.054541377967211       -0.054541377054044
          6.651931897888750        0.000000000863788       -0.023322713982096        0.023322714845884
          6.772876114214000       -0.000000000240836       -0.019256223090924        0.019256222850088
          6.893820330539250       -0.000000000732120        0.051054735188067       -0.051054735920187
          7.014764546864500        0.000000000294417       -0.056176674844730        0.056176675139146
          7.135708763189751        0.000000000285326        0.032931878796185       -0.032931878510859
          7.256652979515001       -0.000000001211467        0.005879153065605       -0.005879154277072
          7.377597195840250       -0.000000002275676       -0.039981746634524        0.039981744358848
          7.498541412165500       -0.000000001706759        0.052240072673148       -0.052240074379906
          7.619485628490750       -0.000000001016980       -0.037154525256769        0.037154524239789
          7.740429844816000       -0.000000002540758        0.003264441314434       -0.003264443855192
          7.861374061141250       -0.000000004271875        0.031692977846768       -0.031692982118643
          7.982318277466501       -0.000000003932703       -0.049954694276986        0.049954690344283
          8.103262493791750       -0.000000003276918        0.042704799631057       -0.042704802907975
          8.224206710117000       -0.000000004105470       -0.014219896029249        0.014219891923779
          8.345150926442249       -0.000000005714576       -0.020533068965653        0.020533063251077
          8.466095142767500       -0.000000005978867        0.043657336849958       -0.043657342828825
          8.587039359092751       -0.000000005321266       -0.043327123197384        0.043327117876118
          8.707983575418000       -0.000000005756182        0.019746434609064       -0.019746440365246
          8.828927791743251       -0.000000006764652        0.015006897303080       -0.015006904067732
          8.949872008068500       -0.000000006987272       -0.043008925019354        0.043008918032082
          9.070816224393750       -0.000000006761436        0.049527158881572       -0.049527165643008
          9.191760440718999       -0.000000006827093       -0.030522980526592        0.030522973699500
          9.312704657044250       -0.000000006774300       -0.005024882404641        0.005024875630341
          9.433648873369501       -0.000000006331039        0.039341809267292       -0.039341815598331
          9.554593089694750       -0.000000006476471       -0.054624715110364        0.054624708633893
          9.675537306020001       -0.000000006886596        0.042178838492363       -0.042178845378959
          9.796481522345250       -0.000000006098934       -0.007309452404431        0.007309446305496
          9.917425738670500       -0.000000004469822       -0.032703260688260        0.032703256218438
         10.038369954995749       -0.000000004429018        0.056890956556484       -0.056890960985502
         10.159314171321000       -0.000000005829883       -0.051316735068702        0.051316729238819
         10.280258387646251       -0.000000004850653        0.016875246059360       -0.016875250910013
         10.401202603971500       -0.000000001778315        0.030076889876163       -0.030076891654478
         10.522146820296751       -0.000000001235803       -0.065192530899171        0.065192529663368
         10.643091036622000       -0.000000003449134        0.068411533090503       -0.068411536539637
         10.764035252947250       -0.000000003835526       -0.035100570653724        0.035100566818198
         10.884979469272501       -0.000000000190207       -0.020046222543165        0.020046222352958
         11.005923685597750        0.000000001933185        0.069081705330458       -0.069081703397273
         11.126867901923001       -0.000000000748861       -0.084667040323970        0.084667039575109
         11.247812118248250       -0.000000002024058        0.054983355755429       -0.054983357779488
         11.368756334573501        0.000000001253297        0.008226472004134       -0.008226470750836
         11.489700550898750        0.000000004382781       -0.073716140177155        0.073716144559936
         11.610644767224001        0.000000003175835        0.105871161659557       -0.105871158483722
         11.731588983549251        0.000000000527666       -0.083856740679696        0.083856741207362
         11.852533199874500        0.000000002241006        0.014550437016114       -0.014550434775108
         11.973477416199751        0.000000005218752        0.068548907943157       -0.068548902724405
         12.094421632525000        0.000000004554532       -0.121306098957868        0.121306103512400
         12.215365848850251        0.000000002520145        0.112321165865853       -0.112321163345708
         12.336310065175500        0.000000002392196       -0.041347462891797        0.041347465283992
         12.457254281500751        0.000000004212030       -0.058051012944883        0.058051017156912
         12.578198497826001        0.000000004998563        0.134387173574126       -0.134387168575563
         12.699142714151250        0.000000004244758       -0.145191266438447        0.145191270683205
         12.820086930476501        0.000000004408163        0.080725450767555       -0.080725446359392
         12.941031146801750        0.000000005181066        0.028976448881861       -0.028976443700794
         13.061975363127001        0.000000005522174       -0.128510489258524        0.128510494780698
         13.182919579452250        0.000000005514571        0.165950907569348       -0.165950902054777
         13.303863795777501        0.000000005629206       -0.120688156122610        0.120688161751816
         13.424808012102751        0.000000005235785        0.015011451267489       -0.015011446031704
         13.545752228428000        0.000000004355452        0.097270894013233       -0.097270889657781
         13.666696444753251        0.000000004571691       -0.159094950427636        0.159094954999327
         13.787640661078500        0.000000005355150        0.140113971998377       -0.140113966643227
         13.908584877403751        0.000000004872576       -0.052135811257685        0.052135816130261
         14.029529093729000        0.000000002723160       -0.057900009015724        0.057900011738884
         14.150473310054251        0.000000002831282        0.133290734834523       -0.133290732003241
         14.271417526379501        0.000000006360354       -0.137170150796834        0.137170157157188
         14.392361742704750        0.000000006728213        0.070783542725543       -0.070783535997329
         14.513305959030001        0.000000002698713        0.028837068970638       -0.028837066271925
         14.634250175355250        0.000000001045585       -0.109474261852744        0.109474262898329
         14.755194391680501        0.000000004883435        0.131174719978454       -0.131174715095019
         14.876138608005750        0.000000007504190       -0.085902104709302        0.085902112213493
         14.997082824331001        0.000000002319678       -0.000026343716913        0.000026346036591
         15.118027040656251       -0.000000002375022        0.081169856953259       -0.081169859328281
         15.238971256981500        0.000000001413151       -0.116855893235390        0.116855894648541
         15.359915473306751        0.000000005851746        0.091427993925254       -0.091427988073508
         15.480859689632000        0.000000002599851       -0.020751801968785        0.020751804568636
         15.601803905957251       -0.000000003145548       -0.057320262857929        0.057320259712381
         15.722748122282500       -0.000000001430497        0.103044648535007       -0.103044649965504
         15.843692338607751        0.000000004283935       -0.094685190475830        0.094685194759766
         15.964636554933001        0.000000002978824        0.038650955612795       -0.038650952633971
         16.085580771258250       -0.000000002717938        0.034911390833693       -0.034911393551631
         16.206524987583499       -0.000000003250226       -0.088002260652010        0.088002257401784
         16.327469203908752        0.000000000653838        0.094010558549814       -0.094010557895976
         16.448413420234001        0.000000001362561       -0.050684004424490        0.050684005787050
         16.569357636559250       -0.000000001894772       -0.019209605218193        0.019209603323421
         16.690301852884499       -0.000000002933329        0.079773130407208       -0.079773133340538
         16.811246069209751       -0.000000001129105       -0.100058978248328        0.100058977119222
         16.932190285535000       -0.000000000746041        0.069599633870307       -0.069599634616348
         17.053134501860249       -0.000000001440700       -0.003657093679364        0.003657092238664
         17.174078718185502       -0.000000000992568       -0.064309540842640        0.064309539850071
         17.295022934510751       -0.000000001165789        0.099362910364646       -0.099362911530435
         17.415967150836000       -0.000000002990111       -0.082754742057492        0.082754739067381
         17.536911367161249       -0.000000002255106        0.021920398639866       -0.021920400894971
         17.657855583486501        0.000000001464872        0.052606719084688       -0.052606717619816
         17.778799799811750        0.000000001314387       -0.102024217875390        0.102024219189777
         17.899744016136999       -0.000000003464425        0.098894429611941       -0.098894433076365
         18.020688232462252       -0.000000003911783       -0.041947859174702        0.041947855262919
         18.141632448787501        0.000000002640124       -0.041812355423336        0.041812358063460
         18.262576665112750        0.000000004583154        0.109596695655356       -0.109596691072201
         18.383520881437999       -0.000000003245719       -0.124225273274967        0.124225270029248
         18.504465097763251       -0.000000006690411        0.074144515181964       -0.074144521872375
         18.625409314088500        0.000000001438742        0.018545258278534       -0.018545256839792
         18.746353530413749        0.000000007203362       -0.107230450489766        0.107230457693128
         18.867297746739002       -0.000000000166711        0.143645313073568       -0.143645313240280
         18.988241963064251       -0.000000008198563       -0.103620991167797        0.103620982969235
         19.109186179389500       -0.000000001963401        0.002279047607381       -0.002279049570782
         19.230130395714749        0.000000007130632        0.110654332239508       -0.110654325108876
         19.351074612040001        0.000000002468663       -0.174625808793798        0.174625811262461
         19.472018828365250       -0.000000006906518        0.150158398412569       -0.150158405319087
         19.592963044690499       -0.000000005348151       -0.042367305985776        0.042367300637625
         19.713907261015752        0.000000003112491       -0.097655710430069        0.097655713542561
         19.834851477341001        0.000000002775099        0.196540874984954       -0.196540872209855
         19.955795693666250       -0.000000005940517       -0.196763421824027        0.196763415883510
         20.076739909991499       -0.000000008226938        0.089689806186225       -0.089689814413163
         20.197684126316751       -0.000000003104307        0.075364989195088       -0.075364992299395
         20.318628342642000       -0.000000000549729       -0.213241420329946        0.213241419780217
         20.439572558967249       -0.000000003107360        0.246709422357938       -0.246709425465298
         20.560516775292502       -0.000000005522054       -0.149388905523921        0.149388900001867
         20.681460991617751       -0.000000003627602       -0.035987891892863        0.035987888265261
         20.802405207943000       -0.000000000412457        0.216046748370537       -0.216046748782994
         20.923349424268253        0.000000000893572       -0.294172376157953        0.294172377051525
         21.044293640593501        0.000000000981237        0.222646609627388       -0.222646608646150
         21.165237856918750        0.000000000625211       -0.031027693779487        0.031027694404698
         21.286182073243999        0.000000001035391       -0.185896489736763        0.185896490772155
         21.407126289569252        0.000000002022451        0.315984453478699       -0.315984451456247
         21.528070505894501        0.000000002299162       -0.288722558640586        0.288722560939747
         21.649014722219750        0.000000001996789        0.113892884710625       -0.113892882713836
         21.769958938545003        0.000000001892840        0.121642292775692       -0.121642290882851
         21.890903154870252        0.000000002156746       -0.298104670335642        0.298104672492388
         22.011847371195501        0.000000002136014        0.325113415646241       -0.325113413510227
         22.132791587520749        0.000000002274689       -0.188983178224837        0.188983180499526
         22.253735803846002        0.000000003171289       -0.040070519559131        0.040070522730420
         22.374680020171251        0.000000004420668        0.244819850124600       -0.244819845703932
         22.495624236496500        0.000000005318492       -0.322144523077851        0.322144528396343
         22.616568452821753        0.000000005268268        0.236114785583938       -0.236114780315670
         22.737512669147002        0.000000004877491       -0.035079041538767        0.035079046416258
         22.858456885472251        0.000000004886415       -0.175343750803540        0.175343755689956
         22.979401101797500        0.000000006426769        0.288345498036464       -0.288345491609695
         23.100345318122752        0.000000008302543       -0.250785597222439        0.250785605524982
         23.221289534448001        0.000000005968298        0.088460844587563       -0.088460838619266
         23.342233750773250        0.000000001658637        0.110456080782138       -0.110456079123500
         23.463177967098503        0.000000003036807       -0.243293422435000        0.243293425471807
         23.584122183423752        0.000000009288626        0.246070544757025       -0.246070535468399
         23.705066399749001        0.000000009916195       -0.124139546071021        0.124139555987215
         23.826010616074250        0.000000002304990       -0.054156444032299        0.054156446337288
         23.946954832399502        0.000000000941077        0.195733529342758       -0.195733528401681
         24.067899048724751        0.000000011782205       -0.231282975347249        0.231282987129454
         24.188843265050000        0.000000017667245        0.149036103574435       -0.149036085907190
         24.309787481375253        0.000000009012903        0.002681883507559       -0.002681874494656
         24.430731697700502        0.000000002547361       -0.143343024600259        0.143343027147619
         24.551675914025751        0.000000012585703        0.202676780841144       -0.202676768255441
         24.672620130351000        0.000000023927740       -0.155342949726633        0.155342973654372
         24.793564346676252        0.000000017661615        0.031185491430243       -0.031185473768628
         24.914508563001501        0.000000007046614        0.102975565709521       -0.102975558662907
         25.035452779326750        0.000000012888358       -0.178839145954793        0.178839158843151
         25.156396995652003        0.000000025512715        0.160910057112323       -0.160910031599609
         25.277341211977252        0.000000023560569       -0.062593736771431        0.062593760332000
         25.398285428302501        0.000000012373214       -0.062868640788717        0.062868653161931
         25.519229644627750        0.000000013035878        0.150912111908819       -0.150912098872940
         25.640173860953002        0.000000024036936       -0.158236048857520        0.158236072894457
         25.761118077278251        0.000000026485456        0.083747484878887       -0.083747458393431
         25.882062293603500        0.000000019230546        0.032374402484905       -0.032374383254359
         26.003006509928753        0.000000017257441       -0.130105796701653        0.130105813959094
         26.123950726254002        0.000000022891793        0.160148060860811       -0.160148037969018
         26.244894942579251        0.000000025242952       -0.108345383248416        0.108345408491368
         26.365839158904500        0.000000022269575        0.002263055481601       -0.002263033212025
         26.486783375229752        0.000000021341551        0.103355534734933       -0.103355513393382
         26.607727591555001        0.000000022497643       -0.154264266310753        0.154264288808396
         26.728671807880250        0.000000021598262        0.124115380829076       -0.124115359230814
         26.849616024205503        0.000000021603750       -0.027939192028793        0.027939213632543
         26.970560240530752        0.000000024917226       -0.085230778129881        0.085230803047107
         27.091504456856001        0.000000024482304        0.156964926449678       -0.156964901967375
         27.212448673181250        0.000000018200379       -0.148920451931969        0.148920470132348
         27.333392889506502        0.000000017379688        0.063067958366215       -0.063067940986527
         27.454337105831751        0.000000025254905        0.058235642554004       -0.058235617299099
         27.575281322157000        0.000000026531198       -0.152754565295307        0.152754591826506
         27.696225538482253        0.000000015197630        0.169765984990095       -0.169765969792464
         27.817169754807502        0.000000009880532       -0.096895702533432        0.096895712413964
         27.938113971132751        0.000000021049684       -0.031578982036201        0.031579003085885
         28.059058187458000        0.000000028546786        0.150446648156975       -0.150446619610188
         28.180002403783252        0.000000016617739       -0.195921251853631        0.195921268471370
         28.300946620108501        0.000000004934857        0.139345397812387       -0.139345392877530
         28.421890836433750        0.000000013782239       -0.004580764333258        0.004580778115497
         28.542835052759003        0.000000025893622       -0.141228061456580        0.141228087350203
         28.663779269084252        0.000000017085206        0.220452078372325       -0.220452061287119
         28.784723485409501        0.000000000961910       -0.185585322755977        0.185585323717887
         28.905667701734750        0.000000003845711        0.047029446992630       -0.047029443146920
         29.026611918060002        0.000000017591920        0.128244909520393       -0.128244891928473
         29.147556134385251        0.000000015657482       -0.248351866312567        0.248351881970048
         29.268500350710500        0.000000000662530        0.244051723332942       -0.244051722670413
         29.389444567035753       -0.000000002677773       -0.107932180878173        0.107932178200400
         29.510388783361002        0.000000007799399       -0.096580371082462        0.096580378881861
         29.631332999686251        0.000000012195651        0.263987463301797       -0.263987451106146
         29.752277216011500        0.000000004884167       -0.300499162761523        0.300499167645690
         29.873221432336752       -0.000000000705687        0.176024599603975       -0.176024600309662
         29.994165648662001        0.000000002869416        0.054346184434198       -0.054346181564782
         30.115109864987250        0.000000008759597       -0.273432967713536        0.273432976473133
         30.236054081312503        0.000000010024705        0.360842999426855       -0.360842989402150
         30.356998297637752        0.000000006062111       -0.258245215319183        0.258245221381294
         30.477942513963001       -0.000000000983340        0.006221656658040       -0.006221657641380
         30.598886730288250       -0.000000003348373        0.269855585221668       -0.269855588570041
         30.719830946613502        0.000000003625853       -0.421094108629050        0.421094112254903
         30.840775162938751        0.000000006117181        0.354304650563212       -0.354304644446032
         30.961719379264000       -0.000000011158969       -0.087574376770692        0.087574365611723
         31.082663595589253       -0.000000031708193       -0.249685118251721        0.249685086543528
         31.203607811914502       -0.000000022242162        0.477197238556195       -0.477197260798357
         31.324552028239751        0.000000001321442       -0.457679027502584        0.457679028824026
         31.445496244565000       -0.000000024520005        0.177485141371839       -0.177485165891845
         31.566440460890252       -0.000000086379269        0.231543022828932       -0.231543109208201
         31.687384677215501       -0.000000070896803       -0.547443691690060        0.547443620793258
         31.808328893540750        0.000000022738261        0.571354787855310       -0.571354765117049
         31.929273109866003       -0.000000021303122       -0.247987285104470        0.247987263801348
         32.050217326191252       -0.000000226350929       -0.273767697791665        0.273767471440736
         32.171161542516501       -0.000000150232287        0.688245701738517       -0.688245851970803
         32.292105758841750        0.000000237127867       -0.688892883238465        0.688893120366332
         32.413049975166999       -0.000000101508910        0.185972994986401       -0.185973096495310
         32.533994191492248       -0.000000868602322        0.547085960465779       -0.547086829068101
         32.654938407817504        0.000000278148495       -0.943109081753214        0.943109359901709
         32.775882624142753        0.000000796283058        0.524833821568794       -0.524833025285736
         32.896826840468002       -0.000002528304223        0.495547610736413       -0.495550139040636
         33.017771056793251        0.000000794351875       -1.077872124160508        1.077872918512383
         33.138715273118500        0.000001466502153        0.303577954530757       -0.303576488028604
         33.259659489443749       -0.000003908937893        0.932761515702297       -0.932765424640190
         33.380603705768998        0.000005832329477       -0.692526225717017        0.692532058046494
         33.501547922094254       -0.000002663011257       -0.682164641626582        0.682161978615325
         33.622492138419503        0.000004017325577        0.748993429970204       -0.748989412644627
         33.743436354744752       -0.000001858619473        0.589798039978824       -0.589799898598297
         33.864380571070001        0.000002594256392       -0.654974876898748        0.654977471155140
         33.985324787395250       -0.000004479984295       -0.755236159320019        0.755231679335724
         34.106269003720499        0.000004109304489        0.391241406594178       -0.391237297289689
         34.227213220045748       -0.000001435389331        0.933517456086625       -0.933518891475955
         34.348157436371004        0.000001642226749        0.149254280801653       -0.149252638574904
         34.469101652696253        0.000002756455966       -0.732434278610815        0.732437035066781
         34.590045869021502       -0.000003632934358       -0.719659683411556        0.719656050477198
         34.710990085346751        0.000000180935006        0.094500758614134       -0.094500577679128
         34.831934301672000        0.000004183719684        0.798952858606997       -0.798948674887313
         34.952878517997249       -0.000001872026449        0.660427325650285       -0.660429197676733
         35.073822734322498       -0.000000430511631       -0.018345616194672        0.018345185683041
         35.194766950647754        0.000003704722779       -0.664479325789124        0.664483030511903
         35.315711166973003       -0.000003007459583       -0.771668258125270        0.771665250665687
         35.436655383298252        0.000000369545496       -0.263283124659636        0.263283494205132
         35.557599599623501        0.000001450922735        0.328497167739215       -0.328495716816480
         35.678543815948750        0.000002469802463        0.748247089799640       -0.748244619997177
         35.799488032273999       -0.000003379403440        0.660419958404394       -0.660423337807834
         35.920432248599248        0.000000547735146        0.222244846826515       -0.222244299091370
         36.041376464924504        0.000000646792636       -0.241847280512969        0.241847927305605
         36.162320681249753        0.000003193029852       -0.632508264725713        0.632511457755564
         36.283264897575002       -0.000001349259175       -0.720083469754554        0.720082120495380
         36.404209113900251       -0.000000362201355       -0.432616880358083        0.432616518156729
         36.525153330225500       -0.000000946261396       -0.084936391574933        0.084935445313537
         36.646097546550749        0.000001448925982        0.211029610680081       -0.211028161754099
         36.767041762875998        0.000002094676431        0.497965673170372       -0.497963578493941
         36.887985979201254        0.000000281134584        0.635312514193628       -0.635312233059045
         37.008930195526503       -0.000002117890981        0.539541317941035       -0.539543435832016
         37.129874411851752       -0.000000314047618        0.317334438107775       -0.317334752155393
         37.250818628177001        0.000000042072663        0.123810619700868       -0.123810577628205
         37.371762844502250        0.000000130815527       -0.033123363309978        0.033123494125505
         37.492707060827499        0.000001340998657       -0.148888307320252        0.148889648318910
         37.613651277152748        0.000001007333654       -0.323134019269465        0.323135026603119
         37.734595493478004        0.000001791787503       -0.489820343153538        0.489822134941041
         37.855539709803253        0.000000382839863       -0.555090646610863        0.555091029450726
         37.976483926128502        0.000000347647143       -0.453585105674802        0.453585453321945
         38.097428142453751       -0.000000328451071       -0.322220755024055        0.322220426572984
         38.218372358779000        0.000000438408309       -0.246609924915878        0.246610363324187
         38.339316575104249        0.000000534041730       -0.219944216225163        0.219944750266893
         38.460260791429498        0.000001003095346       -0.227877172595450        0.227878175690796
         38.581205007754754        0.000000891964729       -0.305156046753668        0.305156938718397
         38.702149224080003        0.000001485494542       -0.389341800530550        0.389343286025092
         38.823093440405252        0.000001021095637       -0.445188479317497        0.445189500413134
         38.944037656730501        0.000000823619872       -0.426952422786179        0.426953246406051
         39.064981873055750        0.000000333383228       -0.374807777255111        0.374808110638340
         39.185926089380999        0.000000735627750       -0.326750579440504        0.326751315068254
         39.306870305706248        0.000000722623587       -0.303817676268102        0.303818398891688
         39.427814522031504        0.000001057012472       -0.316520110321832        0.316521167334304
         39.548758738356753        0.000000920112832       -0.360906583798497        0.360907503911330
         39.669702954682002        0.000001120230286       -0.400612859928273        0.400613980158560
         39.790647171007251        0.000000798865038       -0.403383346567867        0.403384145432905
         39.911591387332500        0.000000799295011       -0.377591213218394        0.377592012513406
         40.032535603657749        0.000000697864192       -0.348719661880733        0.348720359744924
         40.153479819982998        0.000000849573050       -0.341224538779292        0.341225388352342
         40.274424036308254        0.000000900468191       -0.346496507833996        0.346497408302188
         40.395368252633503        0.000000965695397       -0.365512868322885        0.365513834018282
         40.516312468958752        0.000000891651321       -0.379712417141669        0.379713308792990
         40.637256685284001        0.000000825765607       -0.383409446513377        0.383410272278984
         40.758200901609250        0.000000822539161       -0.369892153113153        0.369892975652314
         40.879145117934499        0.000000813171610       -0.356801470505026        0.356802283676636
         41.000089334259748        0.000000888850145       -0.352741946715467        0.352742835565613
         41.121033550585004        0.000000872907822       -0.361585507787145        0.361586380694968
         41.241977766910253        0.000000922969499       -0.371203037467397        0.371203960436896
         41.362921983235502        0.000000852484288       -0.374125560465628        0.374126412949916
         41.483866199560751        0.000000854368078       -0.369552351775489        0.369553206143567
         41.604810415886000        0.000000821311694       -0.363415116609819        0.363415937921513
         41.725754632211249        0.000000862090038       -0.361475578735706        0.361476440825744
         41.846698848536505        0.000000872635064       -0.362836409419351        0.362837282054415
         41.967643064861754        0.000000884718126       -0.366832073869529        0.366832958587655
         42.088587281187003        0.000000867492912       -0.368796381053381        0.368797248546293
         42.209531497512252        0.000000848908533       -0.368664544485612        0.368665393394144
         42.330475713837501        0.000000854117088       -0.365857207606984        0.365858061724071
         42.451419930162750        0.000000853842406       -0.363963109215377        0.363963963057784
         42.572364146487999        0.000000878773294       -0.364123566333125        0.364124445106420
         42.693308362813255        0.000000866675390       -0.366126480608427        0.366127347283817
         42.814252579138504        0.000000874148778       -0.367652285246577        0.367653159395355
         42.935196795463753        0.000000852891806       -0.367216539152206        0.367217392044012
         43.056141011789002        0.000000858281112       -0.365842900406460        0.365843758687572
         43.177085228114251        0.000000858520045       -0.364867011505402        0.364867870025448
         43.298029444439500        0.000000866438059       -0.365398164210391        0.365399030648450
         43.418973660764749        0.000000871716429       -0.366284399770303        0.366285271486732
         43.539917877090005        0.000000861012576       -0.366796215434612        0.366797076447188
         43.660862093415254        0.000000862127663       -0.366367784698056        0.366368646825719
         43.781806309740503        0.000000852956410       -0.365793245875243        0.365794098831653
         43.902750526065752        0.000000865057094       -0.365590619180613        0.365591484237707
         44.023694742391001        0.000000864617630       -0.365852483344343        0.365853347961973
         44.144638958716250        0.000000869207637       -0.366256465081863        0.366257334289499
         44.265583175041499        0.000000863005731       -0.366311081703308        0.366311944709039
         44.386527391366755        0.000000859543710       -0.366157442000448        0.366158301544157
         44.507471607692004        0.000000861524690       -0.365867039946629        0.365867901471318
         44.628415824017253        0.000000862287692       -0.365839767419137        0.365840629706829
         44.749360040342502        0.000000868514934       -0.365975875001253        0.365976743516187
         44.870304256667751        0.000000863549304       -0.366171939008986        0.366172802558290
         44.991248472993000        0.000000864117693       -0.366214884135987        0.366215748253680
         45.112192689318249        0.000000859367151       -0.366052599792718        0.366053459159870
         45.233136905643505        0.000000862429560       -0.365917703519444        0.365918565949004
         45.354081121968754        0.000000863680327       -0.365885796975125        0.365886660655453
         45.475025338294003        0.000000864316091       -0.366057047304668        0.366057911620760
         45.595969554619252        0.000000864198919       -0.366169548355990        0.366170412554909
         45.716913770944501        0.000000861002590       -0.366147496592785        0.366148357595375
         45.837857987269750        0.000000862686904       -0.365997955091381        0.365998817778285
         45.958802203594999        0.000000862165273       -0.365900915080956        0.365901777246229
         46.079746419920255        0.000000864051366       -0.365982627881259        0.365983491932625
         46.200690636245504        0.000000863320007       -0.366103653333787        0.366104516653795
         46.321634852570753        0.000000863025899       -0.366161648005677        0.366162511031575
         46.442579068896002        0.000000863032524       -0.366054948745154        0.366055811777679
         46.563523285221251        0.000000863118961       -0.365956100131660        0.365956963250621
         46.684467501546500        0.000000862584649       -0.365956996503128        0.365957859087777
         46.805411717871749        0.000000862858124       -0.366052513467888        0.366053376326012
         46.926355934197005        0.000000862578692       -0.366124665084742        0.366125527663434
         47.047300150522254        0.000000864370674       -0.366079611570246        0.366080475940920
         47.168244366847503        0.000000864036629       -0.366008579502200        0.366009443538829
         47.289188583172752        0.000000859681351       -0.365977015584752        0.365977875266103
         47.410132799498001        0.000000860236595       -0.366024905187976        0.366025765424572
         47.531077015823250        0.000000857521946       -0.366066218982698        0.366067076504644
         47.652021232148499        0.000000872917531       -0.366064383580339        0.366065256497870
         47.772965448473755        0.000000865506274       -0.366038906773171        0.366039772279445
         47.893909664799004        0.000000863962278       -0.366023990907120        0.366024854869398
         48.014853881124253        0.000000857264601       -0.366031348668357        0.366032205932958
         48.135798097449502        0.000000859246245       -0.366038496005243        0.366039355251488
         48.256742313774751        0.000000867175074       -0.366040243274754        0.366041110449827
         48.377686530100000        0.000000864014834       -0.366038820644846        0.366039684659681
         48.498630746425249        0.000000863895395       -0.366038411341853        0.366039275237248
         48.619574962750505        0.000000863352107       -0.366038398010908        0.366039261363015
         48.740519179075754        0.000000863362802       -0.366038398013823        0.366039261376624
         48.861463395401003        0.000000863362802       -0.366038398013823        0.366039261376624
         48.982407611726252        0.000000863362802       -0.366038398013823        0.366039261376624
         49.103351828051501        0.000000863362802       -0.366038398013823        0.366039261376624
         49.224296044376750        0.000000863362802       -0.366038398013823        0.366039261376624
         49.345240260701999        0.000000863362802       -0.366038398013823        0.366039261376624
         49.466184477027255        0.000000863362802       -0.366038398013823        0.366039261376624
         49.587128693352504        0.000000863362802       -0.366038398013823        0.366039261376624
         49.708072909677753        0.000000863362802       -0.366038398013823        0.366039261376624
         49.829017126003002        0.000000863362802       -0.366038398013823        0.366039261376624
         49.949961342328251        0.000000863362802       -0.366038398013823        0.366039261376624
         50.070905558653500        0.000000863362802       -0.366038398013823        0.366039261376624
         50.191849774978749        0.000000863362802       -0.366038398013823        0.366039261376624
         50.312793991304005        0.000000863362802       -0.366038398013823        0.366039261376624
         50.433738207629254        0.000000863362802       -0.366038398013823        0.366039261376624
         50.554682423954503        0.000000863362802       -0.366038398013823        0.366039261376624
         50.675626640279752        0.000000863362802       -0.366038398013823        0.366039261376624
         50.796570856605001        0.000000863362802       -0.366038398013823        0.366039261376624
         50.917515072930250        0.000000863362802       -0.366038398013823        0.366039261376624
         51.038459289255499        0.000000863362802       -0.366038398013823        0.366039261376624
         51.159403505580755        0.000000863362802       -0.366038398013823        0.366039261376624
         51.280347721906004        0.000000863362802       -0.366038398013823        0.366039261376624
         51.401291938231253        0.000000863362802       -0.366038398013823        0.366039261376624
         51.522236154556502        0.000000863362802       -0.366038398013823        0.366039261376624
         51.643180370881751        0.000000863362802       -0.366038398013823        0.366039261376624
         51.764124587207000        0.000000863362802       -0.366038398013823        0.366039261376624
         51.885068803532249        0.000000863362802       -0.366038398013823        0.366039261376624
         52.006013019857505        0.000000863362802       -0.366038398013823        0.366039261376624
         52.126957236182754        0.000000863362802       -0.366038398013823        0.366039261376624
         52.247901452508003        0.000000863362802       -0.366038398013823        0.366039261376624
         52.368845668833252        0.000000863362802       -0.366038398013823        0.366039261376624
         52.489789885158501        0.000000863362802       -0.366038398013823        0.366039261376624
         52.610734101483750        0.000000863362802       -0.366038398013823        0.366039261376624
         52.731678317808999        0.000000863362802       -0.366038398013823        0.366039261376624
         52.852622534134255        0.000000863362802       -0.366038398013823        0.366039261376624
         52.973566750459504        0.000000863362802       -0.366038398013823        0.366039261376624
         53.094510966784753        0.000000863362802       -0.366038398013823        0.366039261376624
         53.215455183110002        0.000000863362802       -0.366038398013823        0.366039261376624
         53.336399399435251        0.000000863362802       -0.366038398013823        0.366039261376624
         53.457343615760500        0.000000863362802       -0.366038398013823        0.366039261376624
         53.578287832085749        0.000000863362802       -0.366038398013823        0.366039261376624
         53.699232048411005        0.000000863362802       -0.366038398013823        0.366039261376624
         53.820176264736254        0.000000863362802       -0.366038398013823        0.366039261376624
         53.941120481061503        0.000000863362802       -0.366038398013823        0.366039261376624
         54.062064697386752        0.000000863362802       -0.366038398013823        0.366039261376624
         54.183008913712001        0.000000863362802       -0.366038398013823        0.366039261376624
         54.303953130037250        0.000000863362802       -0.366038398013823        0.366039261376624
         54.424897346362499        0.000000863362802       -0.366038398013823        0.366039261376624
         54.545841562687755        0.000000863362802       -0.366038398013823        0.366039261376624
         54.666785779013004        0.000000863362802       -0.366038398013823        0.366039261376624
         54.787729995338253        0.000000863362802       -0.366038398013823        0.366039261376624
         54.908674211663502        0.000000863362802       -0.366038398013823        0.366039261376624
         55.029618427988751        0.000000863362802       -0.366038398013823        0.366039261376624
         55.150562644314000        0.000000863362802       -0.366038398013823        0.366039261376624
         55.271506860639249        0.000000863362802       -0.366038398013823        0.366039261376624
         55.392451076964505        0.000000863362802       -0.366038398013823        0.366039261376624
         55.513395293289754        0.000000863362802       -0.366038398013823        0.366039261376624
         55.634339509615003        0.000000863362802       -0.366038398013823        0.366039261376624
         55.755283725940252        0.000000863362802       -0.366038398013823        0.366039261376624
         55.876227942265501        0.000000863362802       -0.366038398013823        0.366039261376624
         55.997172158590750        0.000000863362802       -0.366038398013823        0.366039261376624
         56.118116374915999        0.000000863362802       -0.366038398013823        0.366039261376624
         56.239060591241255        0.000000863362802       -0.366038398013823        0.366039261376624
         56.360004807566504        0.000000863362802       -0.366038398013823        0.366039261376624
         56.480949023891753        0.000000863362802       -0.366038398013823        0.366039261376624
         56.601893240217002        0.000000863362802       -0.366038398013823        0.366039261376624
         56.722837456542251        0.000000863362802       -0.366038398013823        0.366039261376624
         56.843781672867500        0.000000863362802       -0.366038398013823        0.366039261376624
         56.964725889192749        0.000000863362802       -0.366038398013823        0.366039261376624
         57.085670105518005        0.000000863362802       -0.366038398013823        0.366039261376624
         57.206614321843254        0.000000863362802       -0.366038398013823        0.366039261376624
         57.327558538168503        0.000000863362802       -0.366038398013823        0.366039261376624
         57.448502754493752        0.000000863362802       -0.366038398013823        0.366039261376624
         57.569446970819001        0.000000863362802       -0.366038398013823        0.366039261376624
         57.690391187144250        0.000000863362802       -0.366038398013823        0.366039261376624
         57.811335403469499        0.000000863362802       -0.366038398013823        0.366039261376624
         57.932279619794755        0.000000863362802       -0.366038398013823        0.366039261376624
         58.053223836120004        0.000000863362802       -0.366038398013823        0.366039261376624
         58.174168052445253        0.000000863362802       -0.366038398013823        0.366039261376624
         58.295112268770502        0.000000863362802       -0.366038398013823        0.366039261376624
         58.416056485095751        0.000000863362802       -0.366038398013823        0.366039261376624
         58.537000701421000        0.000000863362802       -0.366038398013823        0.366039261376624
         58.657944917746249        0.000000863362802       -0.366038398013823        0.366039261376624
         58.778889134071505        0.000000863362802       -0.366038398013823        0.366039261376624
         58.899833350396754        0.000000863362802       -0.366038398013823        0.366039261376624
         59.020777566722003        0.000000863362802       -0.366038398013823        0.366039261376624
         59.141721783047252        0.000000863362802       -0.366038398013823        0.366039261376624
         59.262665999372501        0.000000863362802       -0.366038398013823        0.366039261376624
         59.383610215697750        0.000000863362802       -0.366038398013823        0.366039261376624
         59.504554432022999        0.000000863362802       -0.366038398013823        0.366039261376624
         59.625498648348255        0.000000863362802       -0.366038398013823        0.366039261376624
         59.746442864673504        0.000000863362802       -0.366038398013823        0.366039261376624
         59.867387080998753        0.000000863362802       -0.366038398013823        0.366039261376624
         59.988331297324002        0.000000863362802       -0.366038398013823        0.366039261376624
         60.109275513649251        0.000000863362802       -0.366038398013823        0.366039261376624
         60.230219729974500        0.000000863362802       -0.366038398013823        0.366039261376624
         60.351163946299749        0.000000863362802       -0.366038398013823        0.366039261376624
         60.472108162625005        0.000000863362802       -0.366038398013823        0.366039261376624
         60.593052378950254        0.000000863362802       -0.366038398013823        0.366039261376624
         60.713996595275503        0.000000863362802       -0.366038398013823        0.366039261376624
         60.834940811600752        0.000000863362802       -0.366038398013823        0.366039261376624
         60.955885027926001        0.000000863362802       -0.366038398013823        0.366039261376624
         61.076829244251250        0.000000863362802       -0.366038398013823        0.366039261376624
         61.197773460576499        0.000000863362802       -0.366038398013823        0.366039261376624
         61.318717676901755        0.000000863362802       -0.366038398013823        0.366039261376624
         61.439661893227004        0.000000863362802       -0.366038398013823        0.366039261376624
         61.560606109552253        0.000000863362802       -0.366038398013823        0.366039261376624
         61.681550325877502        0.000000863362802       -0.366038398013823        0.366039261376624
         61.802494542202751        0.000000863362802       -0.366038398013823        0.366039261376624
         61.923438758528000        0.000000863362802       -0.366038398013823        0.366039261376624
         62.044382974853249        0.000000863362802       -0.366038398013823        0.366039261376624
         62.165327191178505        0.000000863362802       -0.366038398013823        0.366039261376624
         62.286271407503754        0.000000863362802       -0.366038398013823        0.366039261376624
         62.407215623829003        0.000000863362802       -0.366038398013823        0.366039261376624
         62.528159840154252        0.000000863362802       -0.366038398013823        0.366039261376624
         62.649104056479501        0.000000863362802       -0.366038398013823        0.366039261376624
         62.770048272804750        0.000000863362802       -0.366038398013823        0.366039261376624
         62.890992489129999        0.000000863362802       -0.366038398013823        0.366039261376624
         63.011936705455255        0.000000863362802       -0.366038398013823        0.366039261376624
         63.132880921780504        0.000000863362802       -0.366038398013823        0.366039261376624
         63.253825138105753        0.000000863362802       -0.366038398013823        0.366039261376624
         63.374769354431002        0.000000863362802       -0.366038398013823        0.366039261376624
         63.495713570756251        0.000000863362802       -0.366038398013823        0.366039261376624
         63.616657787081500        0.000000863362802       -0.366038398013823        0.366039261376624
         63.737602003406749        0.000000863362802       -0.366038398013823        0.366039261376624
         63.858546219732006        0.000000863362802       -0.366038398013823        0.366039261376624
         63.979490436057254        0.000000863362802       -0.366038398013823        0.366039261376624
         64.100434652382503        0.000000863362802       -0.366038398013823        0.366039261376624
         64.221378868707745        0.000000863362802       -0.366038398013823        0.366039261376624
         64.342323085033001        0.000000863362802       -0.366038398013823        0.366039261376624
         64.463267301358258        0.000000863362802       -0.366038398013823        0.366039261376624
         64.584211517683499        0.000000863362802       -0.366038398013823        0.366039261376624
         64.705155734008756        0.000000863362802       -0.366038398013823        0.366039261376624
         64.826099950333997        0.000000863362802       -0.366038398013823        0.366039261376624
         64.947044166659254        0.000000863362802       -0.366038398013823        0.366039261376624
         65.067988382984495        0.000000863362802       -0.366038398013823        0.366039261376624
         65.188932599309751        0.000000863362802       -0.366038398013823        0.366039261376624
         65.309876815635008        0.000000863362802       -0.366038398013823        0.366039261376624
         65.430821031960249        0.000000863362802       -0.366038398013823        0.366039261376624
         65.551765248285506        0.000000863362802       -0.366038398013823        0.366039261376624
         65.672709464610747        0.000000863362802       -0.366038398013823        0.366039261376624
         65.793653680936004        0.000000863362802       -0.366038398013823        0.366039261376624
         65.914597897261245        0.000000863362802       -0.366038398013823        0.366039261376624
         66.035542113586502        0.000000863362802       -0.366038398013823        0.366039261376624
         66.156486329911758        0.000000863362802       -0.366038398013823        0.366039261376624
         66.277430546236999        0.000000863362802       -0.366038398013823        0.366039261376624
         66.398374762562256        0.000000863362802       -0.366038398013823        0.366039261376624
         66.519318978887497        0.000000863362802       -0.366038398013823        0.366039261376624
         66.640263195212754        0.000000863362802       -0.366038398013823        0.366039261376624
         66.761207411537995        0.000000863362802       -0.366038398013823        0.366039261376624
         66.882151627863252        0.000000863362802       -0.366038398013823        0.366039261376624
         67.003095844188508        0.000000863362802       -0.366038398013823        0.366039261376624
         67.124040060513749        0.000000863362802       -0.366038398013823        0.366039261376624
         67.244984276839006        0.000000863362802       -0.366038398013823        0.366039261376624
         67.365928493164247        0.000000863362802       -0.366038398013823        0.366039261376624
         67.486872709489504        0.000000863362802       -0.366038398013823        0.366039261376624
         67.607816925814745        0.000000863362802       -0.366038398013823        0.366039261376624
         67.728761142140002        0.000000863362802       -0.366038398013823        0.366039261376624
         67.849705358465258        0.000000863362802       -0.366038398013823        0.366039261376624
         67.970649574790500        0.000000863362802       -0.366038398013823        0.366039261376624
         68.091593791115756        0.000000863362802       -0.366038398013823        0.366039261376624
         68.212538007440997        0.000000863362802       -0.366038398013823        0.366039261376624
         68.333482223766254        0.000000863362802       -0.366038398013823        0.366039261376624
         68.454426440091495        0.000000863362802       -0.366038398013823        0.366039261376624
         68.575370656416752        0.000000863362802       -0.366038398013823        0.366039261376624
         68.696314872742008        0.000000863362802       -0.366038398013823        0.366039261376624
         68.817259089067250        0.000000863362802       -0.366038398013823        0.366039261376624
         68.938203305392506        0.000000863362802       -0.366038398013823        0.366039261376624
         69.059147521717748        0.000000863362802       -0.366038398013823        0.366039261376624
         69.180091738043004        0.000000863362802       -0.366038398013823        0.366039261376624
         69.301035954368245        0.000000863362802       -0.366038398013823        0.366039261376624
         69.421980170693502        0.000000863362802       -0.366038398013823        0.366039261376624
         69.542924387018758        0.000000863362802       -0.366038398013823        0.366039261376624
         69.663868603344000        0.000000863362802       -0.366038398013823        0.366039261376624
         69.784812819669256        0.000000863362802       -0.366038398013823        0.366039261376624
         69.905757035994498        0.000000863362802       -0.366038398013823        0.366039261376624
         70.026701252319754        0.000000863362802       -0.366038398013823        0.366039261376624
         70.147645468644996        0.000000863362802       -0.366038398013823        0.366039261376624
         70.268589684970252        0.000000863362802       -0.366038398013823        0.366039261376624
         70.389533901295508        0.000000863362802       -0.366038398013823        0.366039261376624
         70.510478117620750        0.000000863362802       -0.366038398013823        0.366039261376624
         70.631422333946006        0.000000863362802       -0.366038398013823        0.366039261376624
         70.752366550271248        0.000000863362802       -0.366038398013823        0.366039261376624
         70.873310766596504        0.000000863362802       -0.366038398013823        0.366039261376624
         70.994254982921746        0.000000863362802       -0.366038398013823        0.366039261376624
         71.115199199247002        0.000000863362802       -0.366038398013823        0.366039261376624
         71.236143415572258        0.000000863362802       -0.366038398013823        0.366039261376624
         71.357087631897500        0.000000863362802       -0.366038398013823        0.366039261376624
         71.478031848222756        0.000000863362802       -0.366038398013823        0.366039261376624
         71.598976064547998        0.000000863362802       -0.366038398013823        0.366039261376624
         71.719920280873254        0.000000863362802       -0.366038398013823        0.366039261376624
         71.840864497198496        0.000000863362802       -0.366038398013823        0.366039261376624
         71.961808713523752        0.000000863362802       -0.366038398013823        0.366039261376624
         72.082752929849008        0.000000863362802       -0.366038398013823        0.366039261376624
         72.203697146174250        0.000000863362802       -0.366038398013823        0.366039261376624
         72.324641362499506        0.000000863362802       -0.366038398013823        0.366039261376624
         72.445585578824748        0.000000863362802       -0.366038398013823        0.366039261376624
         72.566529795150004        0.000000863362802       -0.366038398013823        0.366039261376624
