#             time (fs)      |   total net charge (e)  |   charge (atom_1) (e)   |   charge (atom_2) (e)   |        ...        |   charge (atom_N) (e)   |
          0.000000000000000       -0.000000000000000       -0.000000000000000        0.000000000000000
          0.120944216325250        0.000000001206257       -0.058689257272468        0.058689258478724
          0.241888432650500       -0.000000000801583        0.006212010091333       -0.006212010892917
          0.362832648975750       -0.000000002417239        0.055728962853044       -0.055728965270283
          0.483776865301000       -0.000000001853834       -0.007853890305366        0.007853888451532
          0.604721081626250       -0.000000001742181       -0.062741448595106        0.062741446852924
          0.725665297951500       -0.000000001711934        0.026563176681954       -0.026563178393889
          0.846609514276750       -0.000000000558289        0.045111929771589       -0.045111930329878
          0.967553730602000       -0.000000001168147       -0.014472407724996        0.014472406556849
          1.088497946927250       -0.000000001955144       -0.063781834227620        0.063781832272476
          1.209442163252500       -0.000000001151853        0.045044448094470       -0.045044449246322
          1.330386379577750        0.000000003073983        0.033316222115992       -0.033316219042009
          1.451330595903000        0.000000001543128       -0.022003731972329        0.022003733515457
          1.572274812228250        0.000000000024432       -0.059543598290360        0.059543598314793
          1.693219028553500        0.000000000477504        0.058999449531909       -0.058999449054405
          1.814163244878750        0.000000007111730        0.022367502664135       -0.022367495552405
          1.935107461204000        0.000000005675532       -0.031504238199647        0.031504243875179
          2.056051677529250        0.000000003185735       -0.048844302464899        0.048844305650634
          2.176995893854500        0.000000002485470        0.066652638623233       -0.066652636137763
          2.297940110179750        0.000000010169443        0.013577839235887       -0.013577829066445
          2.418884326505000        0.000000010360589       -0.043360162717386        0.043360173077975
          2.539828542830250        0.000000006828756       -0.030960206712764        0.030960213541520
          2.660772759155500        0.000000004516122        0.066248047274414       -0.066248042758293
          2.781716975480750        0.000000011159479        0.008484102955868       -0.008484091796389
          2.902661191806000        0.000000013884533       -0.057913502613061        0.057913516497593
          3.023605408131250        0.000000010449427       -0.005596346028517        0.005596356477944
          3.144549624456500        0.000000007104101        0.056573536384994       -0.056573529280894
          3.265493840781750        0.000000010510913        0.007825529323356       -0.007825518812444
          3.386438057107000        0.000000014467082       -0.073779838161476        0.073779852628558
          3.507382273432250        0.000000012838470        0.024557270009217       -0.024557257170747
          3.628326489757500        0.000000010478244        0.040118788066568       -0.040118777588324
          3.749270706082750        0.000000010503711        0.008306312410924       -0.008306301907213
          3.870214922408000        0.000000012857217       -0.084905643368065        0.084905656225282
          3.991159138733250        0.000000012895880        0.051249636084095       -0.051249623188215
          4.112103355058500        0.000000012640314        0.024920503279812       -0.024920490639498
          4.233047571383750        0.000000011967082        0.002262715308215       -0.002262703341133
          4.353991787709000        0.000000012111845       -0.082288796632207        0.082288808744053
          4.474936004034250        0.000000012130046        0.064418216303203       -0.064418204173157
          4.595880220359500        0.000000011808143        0.019180553277623       -0.019180541469480
          4.716824436684750        0.000000012558393       -0.015302043163121        0.015302055721514
          4.837768653010000        0.000000013182769       -0.062467795086865        0.062467808269634
          4.958712869335250        0.000000013486336        0.061390180986456       -0.061390167500121
          5.079657085660500        0.000000010642404        0.022706542922835       -0.022706532280431
          5.200601301985750        0.000000011629041       -0.039754175297443        0.039754186926484
          5.321545518311000        0.000000014369061       -0.032500105547589        0.032500119916650
          5.442489734636251        0.000000016845482        0.049361809826476       -0.049361792980995
          5.563433950961501        0.000000012675468        0.027529695883007       -0.027529683207538
          5.684378167286750        0.000000011889018       -0.060869281307751        0.060869293196769
          5.805322383612000        0.000000015322137       -0.003320440693187        0.003320456015325
          5.926266599937250        0.000000019914718        0.037117691523408       -0.037117671608690
          6.047210816262500        0.000000017422313        0.027070303110511       -0.027070285688199
          6.168155032587750        0.000000014972249       -0.072367593794043        0.072367608766292
          6.289099248913001        0.000000017565974        0.019166007869086       -0.019165990303112
          6.410043465238251        0.000000022435529        0.027966554188614       -0.027966531753085
          6.530987681563500        0.000000022750922        0.020886491241489       -0.020886468490567
          6.651931897888750        0.000000019944152       -0.074494071011610        0.074494090955762
          6.772876114214000        0.000000021662193        0.034804098601708       -0.034804076939515
          6.893820330539250        0.000000025526279        0.021012815494434       -0.021012789968156
          7.014764546864500        0.000000027582075        0.011636347362159       -0.011636319780084
          7.135708763189751        0.000000025266308       -0.069944990117678        0.069945015383986
          7.256652979515001        0.000000026491794        0.044929884613526       -0.044929858121731
          7.377597195840250        0.000000029151062        0.015274221179983       -0.015274192028921
          7.498541412165500        0.000000031297596        0.001142832129999       -0.001142800832404
          7.619485628490750        0.000000029813816       -0.060453774809042        0.060453804622857
          7.740429844816000        0.000000030545929        0.049928310723270       -0.049928280177341
          7.861374061141250        0.000000031954170        0.011013797100647       -0.011013765146478
          7.982318277466501        0.000000032970517       -0.010129086573756        0.010129119544273
          8.103262493791750        0.000000032531474       -0.046904016006345        0.046904048537819
          8.224206710117000        0.000000032671409        0.050042923174461       -0.050042890503052
          8.345150926442249        0.000000032450622        0.008246073631249       -0.008246041180626
          8.466095142767500        0.000000031704390       -0.021243131313537        0.021243163017927
          8.587039359092751        0.000000032201898       -0.031107890147645        0.031107922349543
          8.707983575418000        0.000000031950053        0.046971360458600       -0.046971328508546
          8.828927791743251        0.000000029792055        0.005342681347113       -0.005342651555057
          8.949872008068500        0.000000027125873       -0.029760821016634        0.029760848142507
          9.070816224393750        0.000000027847009       -0.016218358999948        0.016218386846957
          9.191760440718999        0.000000027631200        0.043596212736478       -0.043596185105278
          9.312704657044250        0.000000023779421       -0.000175634489608        0.000175658269029
          9.433648873369501        0.000000019395649       -0.032877189232586        0.032877208628235
          9.554593089694750        0.000000019313991       -0.005313780858499        0.005313800172490
          9.675537306020001        0.000000019476844        0.042361998595734       -0.042361979118890
          9.796481522345250        0.000000014814141       -0.010000186333861        0.010000201148002
          9.917425738670500        0.000000009265359       -0.028841714840962        0.028841724106321
         10.038369954995749        0.000000007604655       -0.000287534252778        0.000287541857434
         10.159314171321000        0.000000008039528        0.044404482847216       -0.044404474807688
         10.280258387646251        0.000000003834369       -0.024300685206780        0.024300689041149
         10.401202603971500       -0.000000001780498       -0.017578774127902        0.017578772347403
         10.522146820296751       -0.000000005047853       -0.001313837768158        0.001313832720306
         10.643091036622000       -0.000000005068865        0.048959469999136       -0.048959475068001
         10.764035252947250       -0.000000007881276       -0.040863677257500        0.040863669376224
         10.884979469272501       -0.000000012028283       -0.001889462956645        0.001889450928362
         11.005923685597750       -0.000000015769393       -0.005452717451121        0.005452701681728
         11.126867901923001       -0.000000016877417        0.051951591852617       -0.051951608730034
         11.247812118248250       -0.000000018425981       -0.053749144873329        0.053749126447348
         11.368756334573501       -0.000000020304016        0.011395680371570       -0.011395700675587
         11.489700550898750       -0.000000022749243       -0.006084514012524        0.006084491263281
         11.610644767224001       -0.000000024185767        0.046491196260322       -0.046491220446089
         11.731588983549251       -0.000000024975066       -0.055109407799160        0.055109382824093
         11.852533199874500       -0.000000025334399        0.014532584407188       -0.014532609741587
         11.973477416199751       -0.000000025723752        0.002669107956846       -0.002669133680598
         12.094421632525000       -0.000000025625124        0.028656418588943       -0.028656444214067
         12.215365848850251       -0.000000025048054       -0.042081711485846        0.042081686437793
         12.336310065175500       -0.000000024650929        0.006163521088390       -0.006163545739319
         12.457254281500751       -0.000000023686374        0.019098208558668       -0.019098232245042
         12.578198497826001       -0.000000021272603        0.003305298007329       -0.003305319279932
         12.699142714151250       -0.000000018361384       -0.021041669175260        0.021041650813877
         12.820086930476501       -0.000000016636896       -0.006626519167202        0.006626502530306
         12.941031146801750       -0.000000014957289        0.034645602254898       -0.034645617212187
         13.061975363127001       -0.000000011196992       -0.019486669613569        0.019486658416577
         13.182919579452250       -0.000000006381163       -0.001740872461847        0.001740866080683
         13.303863795777501       -0.000000002673775       -0.015876806994198        0.015876804320423
         13.424808012102751       -0.000000000030700        0.042638963919285       -0.042638963949985
         13.545752228428000        0.000000004064683       -0.033591805362372        0.033591809427056
         13.666696444753251        0.000000009501008        0.011185649713220       -0.011185640212212
         13.787640661078500        0.000000014680141       -0.019648733360616        0.019648748040757
         13.908584877403751        0.000000018434539        0.043192764057563       -0.043192745623024
         14.029529093729000        0.000000022538567       -0.039696218457340        0.039696240995907
         14.150473310054251        0.000000027690388        0.018948474101600       -0.018948446411213
         14.271417526379501        0.000000033098643       -0.020585795600919        0.020585828699563
         14.392361742704750        0.000000037289164        0.040009736527749       -0.040009699238585
         14.513305959030001        0.000000041096150       -0.041064661816827        0.041064702912977
         14.634250175355250        0.000000045456327        0.023925636201080       -0.023925590744753
         14.755194391680501        0.000000049953511       -0.021075718790994        0.021075768744505
         14.876138608005750        0.000000053511504        0.035701806947258       -0.035701753435754
         14.997082824331001        0.000000056443209       -0.039480449072733        0.039480505515942
         15.118027040656251        0.000000059480648        0.026559203556450       -0.026559144075801
         15.238971256981500        0.000000062280317       -0.021100976970471        0.021101039250789
         15.359915473306751        0.000000064329423        0.030475545487576       -0.030475481158153
         15.480859689632000        0.000000065780456       -0.034791712021441        0.034791777801897
         15.601803905957251        0.000000066928236        0.025819374935175       -0.025819308006940
         15.722748122282500        0.000000067565464       -0.019489174022542        0.019489241588007
         15.843692338607751        0.000000067621503        0.023900905639592       -0.023900838018089
         15.964636554933001        0.000000067184554       -0.027025197460141        0.027025264644695
         16.085580771258250        0.000000066145720        0.021579652011679       -0.021579585865959
         16.206524987583499        0.000000064530101       -0.016381349005134        0.016381413535235
         16.327469203908752        0.000000062469808        0.017190279061759       -0.017190216591951
         16.448413420234001        0.000000059987719       -0.018241357389417        0.018241417377136
         16.569357636559250        0.000000056891882        0.015933079636144       -0.015933022744262
         16.690301852884499        0.000000053352362       -0.013931749795969        0.013931803148331
         16.811246069209751        0.000000049394175        0.013203793058128       -0.013203743663953
         16.932190285535000        0.000000045003197       -0.011841105605836        0.011841150609033
         17.053134501860249        0.000000040287197        0.011909162488221       -0.011909122201024
         17.174078718185502        0.000000035487573       -0.014596914077099        0.014596949564672
         17.295022934510751        0.000000030243036        0.014484782408182       -0.014484752165146
         17.415967150836000        0.000000024478713       -0.010538278450799        0.010538302929512
         17.536911367161249        0.000000018743508        0.011554467369208       -0.011554448625700
         17.657855583486501        0.000000013490597       -0.019414007071452        0.019414020562049
         17.778799799811750        0.000000007923503        0.021763512777780       -0.021763504854277
         17.899744016136999        0.000000001777903       -0.015113235227663        0.015113237005565
         18.020688232462252       -0.000000004207808        0.014919492937793       -0.014919497145601
         18.141632448787501       -0.000000009216549       -0.027095785783728        0.027095776567179
         18.262576665112750       -0.000000014095579        0.033003110528608       -0.033003124624187
         18.383520881437999       -0.000000019322343       -0.023377046688290        0.023377027365947
         18.504465097763251       -0.000000024504096        0.019017762312457       -0.019017786816553
         18.625409314088500       -0.000000028741215       -0.033023659186864        0.033023630445649
         18.746353530413749       -0.000000032324369        0.042442242294968       -0.042442274619336
         18.867297746739002       -0.000000035625001       -0.029447649437930        0.029447613812929
         18.988241963064251       -0.000000038861784        0.017714554286188       -0.017714593147972
         19.109186179389500       -0.000000041632908       -0.030067879674394        0.030067838041486
         19.230130395714749       -0.000000043604799        0.042464057212230       -0.042464100817029
         19.351074612040001       -0.000000044812926       -0.026740989789233        0.026740944976308
         19.472018828365250       -0.000000045634189        0.006004406636873       -0.006004452271062
         19.592963044690499       -0.000000046004358       -0.014166283843447        0.014166237839089
         19.713907261015752       -0.000000045643680        0.030084739609577       -0.030084785253256
         19.834851477341001       -0.000000044834313       -0.014721772116027        0.014721727281715
         19.955795693666250       -0.000000043747731       -0.013553102949758        0.013553059202027
         20.076739909991499       -0.000000041492009        0.010053810624295       -0.010053852116303
         20.197684126316751       -0.000000038186073        0.011076100892854       -0.011076139078927
         20.318628342642000       -0.000000034989021       -0.000768649797762        0.000768614808741
         20.439572558967249       -0.000000032576044       -0.031645586303630        0.031645553727586
         20.560516775292502       -0.000000028656986        0.032648583374477       -0.032648612031463
         20.681460991617751       -0.000000023186540       -0.005631731477136        0.005631708290597
         20.802405207943000       -0.000000017494407        0.007303489468673       -0.007303506963080
         20.923349424268253       -0.000000013654212       -0.040992244837440        0.040992231183227
         21.044293640593501       -0.000000009079516        0.047483643560801       -0.047483652640318
         21.165237856918750       -0.000000003086285       -0.016342001229890        0.016341998143605
         21.286182073243999        0.000000004142444        0.008198323044137       -0.008198318901693
         21.407126289569252        0.000000009447035       -0.041489996134455        0.041490005581490
         21.528070505894501        0.000000014190404        0.055276383148692       -0.055276368958288
         21.649014722219750        0.000000019562237       -0.023290182536176        0.023290202098413
         21.769958938545003        0.000000026739673        0.005622564304567       -0.005622537564893
         21.890903154870252        0.000000032666422       -0.037028427538438        0.037028460204860
         22.011847371195501        0.000000037016899        0.059342148851665       -0.059342111834766
         22.132791587520749        0.000000041338895       -0.029752908115369        0.029752949454263
         22.253735803846002        0.000000047154802        0.003128124881371       -0.003128077726569
         22.374680020171251        0.000000052324512       -0.030566612198287        0.030566664522799
         22.495624236496500        0.000000055476075        0.061356249686844       -0.061356194210770
         22.616568452821753        0.000000058486641       -0.036687176228331        0.036687234714972
         22.737512669147002        0.000000062181039        0.001606349675592       -0.001606287494553
         22.858456885472251        0.000000065363380       -0.022485352449361        0.022485417812740
         22.979401101797500        0.000000066800233        0.060631101802255       -0.060631035002022
         23.100345318122752        0.000000068105948       -0.042904134943792        0.042904203049740
         23.221289534448001        0.000000069207245        0.000189921054761       -0.000189851847515
         23.342233750773250        0.000000069640903       -0.012029969907633        0.012030039548536
         23.463177967098503        0.000000069563969        0.056006694855405       -0.056006625291436
         23.584122183423752        0.000000068889203       -0.047331995850543        0.047332064739746
         23.705066399749001        0.000000067100013       -0.001266076917600        0.001266144017613
         23.826010616074250        0.000000064487051        0.000230337264709       -0.000230272777659
         23.946954832399502        0.000000063518966        0.048068530032297       -0.048068466513331
         24.067899048724751        0.000000061145209       -0.050854813010459        0.050854874155668
         24.188843265050000        0.000000056616261       -0.000812176679955        0.000812233296217
         24.309787481375253        0.000000051069242        0.011614749028177       -0.011614697958935
         24.430731697700502        0.000000049515991        0.039221131784733       -0.039221082268742
         24.551675914025751        0.000000046370559       -0.055652914735106        0.055652961105665
         24.672620130351000        0.000000039975317        0.004357075882715       -0.004357035907398
         24.793564346676252        0.000000032137638        0.018946610645517       -0.018946578507880
         24.914508563001501        0.000000029630886        0.031787684862628       -0.031787655231742
         25.035452779326750        0.000000026814892       -0.063068341917915        0.063068368732807
         25.156396995652003        0.000000020123462        0.015710552370444       -0.015710532246982
         25.277341211977252        0.000000011442491        0.020549180517925       -0.020549169075435
         25.398285428302501        0.000000007296328        0.026276648194906       -0.026276640898578
         25.519229644627750        0.000000005189333       -0.071986602776868        0.071986607966200
         25.640173860953002       -0.000000000045831        0.031788839380204       -0.031788839426035
         25.761118077278251       -0.000000007248920        0.017662274925385       -0.017662282174304
         25.882062293603500       -0.000000012969507        0.020239200662127       -0.020239213631634
         26.003006509928753       -0.000000015138272       -0.077834540401151        0.077834525262879
         26.123950726254002       -0.000000018189990        0.047208031151341       -0.047208049341331
         26.244894942579251       -0.000000021846853        0.015182457723558       -0.015182479570411
         26.365839158904500       -0.000000027297884        0.008216329488407       -0.008216356786290
         26.486783375229752       -0.000000030025492       -0.073373364585134        0.073373334559642
         26.607727591555001       -0.000000031696552        0.054246731972428       -0.054246763668979
         26.728671807880250       -0.000000032217022        0.019137122801044       -0.019137155018065
         26.849616024205503       -0.000000034899288       -0.014354689728603        0.014354654829314
         26.970560240530752       -0.000000036536919       -0.054030470032646        0.054030433495727
         27.091504456856001       -0.000000037066376        0.049147270878346       -0.049147307944722
         27.212448673181250       -0.000000037025147        0.030037884369929       -0.030037921395077
         27.333392889506502       -0.000000036722178       -0.044417537925991        0.044417501203812
         27.454337105831751       -0.000000035324492       -0.024288264213130        0.024288228888638
         27.575281322157000       -0.000000033121559        0.037242541332154       -0.037242574453713
         27.696225538482253       -0.000000033304527        0.040018402789004       -0.040018436093532
         27.817169754807502       -0.000000032045938       -0.071167437926460        0.071167405880522
         27.938113971132751       -0.000000028724300        0.004717724997135       -0.004717753721436
         28.059058187458000       -0.000000023365597        0.027993297631604       -0.027993320997201
         28.180002403783252       -0.000000021516772        0.040327790829664       -0.040327812346436
         28.300946620108501       -0.000000020118448       -0.085604981720955        0.085604961602507
         28.421890836433750       -0.000000017357715        0.025494076347958       -0.025494093705673
         28.542835052759003       -0.000000011343006        0.025195425008243       -0.025195436351250
         28.663779269084252       -0.000000005840273        0.029980855245131       -0.029980861085404
         28.784723485409501       -0.000000003364683       -0.087553836109941        0.087553832745257
         28.905667701734750       -0.000000001647154        0.038923578371661       -0.038923580018815
         29.026611918060002        0.000000002279477        0.025238240112533       -0.025238237833056
         29.147556134385251        0.000000010180240        0.014716424731982       -0.014716414551742
         29.268500350710500        0.000000013946888       -0.082510218206107        0.082510232152994
         29.389444567035753        0.000000015552925        0.049666635928851       -0.049666620375926
         29.510388783361002        0.000000016853144        0.022873784767281       -0.022873767914136
         29.631332999686251        0.000000024614402        0.000560604715732       -0.000560580101331
         29.752277216011500        0.000000028563094       -0.075412266450106        0.075412295013200
         29.873221432336752        0.000000030352104        0.060773246538323       -0.060773216186219
         29.994165648662001        0.000000030236061        0.015626776719438       -0.015626746483376
         30.115109864987250        0.000000035915580       -0.009759884322158        0.009759920237739
         30.236054081312503        0.000000038783543       -0.068041942355131        0.068041981138674
         30.356998297637752        0.000000040134162        0.072234676707931       -0.072234636573769
         30.477942513963001        0.000000039903487        0.004228777711266       -0.004228737807779
         30.598886730288250        0.000000042608833       -0.016660842322355        0.016660884931188
         30.719830946613502        0.000000043777169       -0.059580854502426        0.059580898279596
         30.840775162938751        0.000000044139906        0.082034668940647       -0.082034624800740
         30.961719379264000        0.000000044096602       -0.008948851007863        0.008948895104464
         31.082663595589253        0.000000043747741       -0.021837416892986        0.021837460640726
         31.203607811914502        0.000000043195331       -0.048545067096046        0.048545110291377
         31.324552028239751        0.000000042863794        0.088188978398851       -0.088188935535057
         31.445496244565000        0.000000042431043       -0.022123275424229        0.022123317855272
         31.566440460890252        0.000000039559481       -0.025959023968081        0.025959063527563
         31.687384677215501        0.000000037279250       -0.034872251824817        0.034872289104067
         31.808328893540750        0.000000037147536        0.090434801844079       -0.090434764696544
         31.929273109866003        0.000000035876081       -0.035388188565080        0.035388224441162
         32.050217326191252        0.000000031659787       -0.027786382257519        0.027786413917306
         32.171161542516501        0.000000027290582       -0.020231091706850        0.020231118997432
         32.292105758841750        0.000000027784662        0.089798468598413       -0.089798440813751
         32.413049975166999        0.000000026015101       -0.049591722263472        0.049591748278572
         32.533994191492248        0.000000022284056       -0.025734917957878        0.025734940241934
         32.654938407817504        0.000000015706028       -0.006169701808839        0.006169717514867
         32.775882624142753        0.000000015943998        0.086430320561737       -0.086430304617739
         32.896826840468002        0.000000014318528       -0.063897377529269        0.063897391847797
         33.017771056793251        0.000000013051562       -0.020299631617996        0.020299644669558
         33.138715273118500        0.000000005545618        0.007982928538331       -0.007982922992713
         33.259659489443749        0.000000003900881        0.077850514493337       -0.077850510592456
         33.380603705768998        0.000000002270907       -0.074274977784669        0.074274980055576
         33.501547922094254        0.000000004126993       -0.015190878426010        0.015190882553004
         33.622492138419503       -0.000000001548854        0.025475800485569       -0.025475802034423
         33.743436354744752       -0.000000005239895        0.059523097309673       -0.059523102549568
         33.864380571070001       -0.000000007586937       -0.074887220446048        0.074887212859111
         33.985324787395250       -0.000000004662813       -0.015208476220666        0.015208471557854
         34.106269003720499       -0.000000006694675        0.048942390783235       -0.048942397477910
         34.227213220045748       -0.000000009921609        0.029317055560857       -0.029317065482465
         34.348157436371004       -0.000000012123532       -0.063474203156213        0.063474191032681
         34.469101652696253       -0.000000010933345       -0.020509031649366        0.020509020716021
         34.590045869021502       -0.000000010909303        0.074649632102890       -0.074649643012194
         34.710990085346751       -0.000000011542463       -0.006820236677133        0.006820225134671
         34.831934301672000       -0.000000011462133       -0.046215824786876        0.046215813324743
         34.952878517997249       -0.000000011365413       -0.023534595222606        0.023534583857193
         35.073822734322498       -0.000000011860007        0.091955500569898       -0.091955512429905
         35.194766950647754       -0.000000011248226       -0.036737595198677        0.036737583950451
         35.315711166973003       -0.000000009520639       -0.033499498670655        0.033499489150016
         35.436655383298252       -0.000000007303393       -0.015810378657029        0.015810371353636
         35.557599599623501       -0.000000007607464        0.092498102252385       -0.092498109859849
         35.678543815948750       -0.000000007514942       -0.052680764821159        0.052680757306217
         35.799488032273999       -0.000000007668737       -0.029461751865088        0.029461744196351
         35.920432248599248       -0.000000002604377        0.002530630281677       -0.002530632886053
         36.041376464924504       -0.000000000390643        0.078185292181741       -0.078185292572384
         36.162320681249753        0.000000000158982       -0.057116502690194        0.057116502849177
         36.283264897575002       -0.000000003614436       -0.029345562420029        0.029345558805593
         36.404209113900251        0.000000001768931        0.023535061140048       -0.023535059371117
         36.525153330225500        0.000000006525654        0.057657308093975       -0.057657301568321
         36.646097546550749        0.000000008903300       -0.057216565516385        0.057216574419685
         36.767041762875998        0.000000003171941       -0.026476840701255        0.026476843873195
         36.887985979201254        0.000000006533224        0.039478534071277       -0.039478527538053
         37.008930195526503        0.000000012060405        0.038290624175443       -0.038290612115038
         37.129874411851752        0.000000015735027       -0.057900988882428        0.057901004617455
         37.250818628177001        0.000000010562495       -0.017740307971844        0.017740318534339
         37.371762844502250        0.000000011518639        0.047050553637081       -0.047050542118442
         37.492707060827499        0.000000016302405        0.023347413551521       -0.023347397249116
         37.613651277152748        0.000000019694165       -0.060584651874212        0.060584671568377
         37.734595493478004        0.000000016426102       -0.003403060884797        0.003403077310900
         37.855539709803253        0.000000015959295        0.046364680375491       -0.046364664416196
         37.976483926128502        0.000000019120507        0.013197239338393       -0.013197220217886
         38.097428142453751        0.000000021061317       -0.064606714769888        0.064606735831206
         38.218372358779000        0.000000019761963        0.014508156607906       -0.014508136845943
         38.339316575104249        0.000000019255640        0.039414156368679       -0.039414137113039
         38.460260791429498        0.000000020289291        0.006432689851268       -0.006432669561977
         38.581205007754754        0.000000020538811       -0.067989152654331        0.067989173193141
         38.702149224080003        0.000000020508355        0.032928951167775       -0.032928930659419
         38.823093440405252        0.000000020964066        0.029253245481648       -0.029253224517582
         38.944037656730501        0.000000019819323        0.000683841095642       -0.000683821276319
         39.064981873055750        0.000000018840337       -0.068242198168055        0.068242217008392
         39.185926089380999        0.000000019191616        0.048777491761089       -0.048777472569473
         39.306870305706248        0.000000020899607        0.018631111188255       -0.018631090288648
         39.427814522031504        0.000000018093248       -0.005823539307034        0.005823557400282
         39.548758738356753        0.000000016357314       -0.063848117522410        0.063848133879725
         39.669702954682002        0.000000016502110        0.060265313148374       -0.060265296646264
         39.790647171007251        0.000000019361827        0.008854577956367       -0.008854558594540
         39.911591387332500        0.000000015971770       -0.013416414896446        0.013416430868215
         40.032535603657749        0.000000013397775       -0.054589436473934        0.054589449871709
         40.153479819982998        0.000000012988526        0.066581934740033       -0.066581921751507
         40.274424036308254        0.000000016758370        0.000640199359397       -0.000640182601026
         40.395368252633503        0.000000014319195       -0.022161374738638        0.022161389057833
         40.516312468958752        0.000000010698725       -0.040114430328364        0.040114441027089
         40.637256685284001        0.000000009296680        0.066248610055672       -0.066248600758992
         40.758200901609250        0.000000013211665       -0.004204051350688        0.004204064562353
         40.879145117934499        0.000000013029995       -0.033227483446776        0.033227496476771
         41.000089334259748        0.000000009121311       -0.019167724093329        0.019167733214640
         41.121033550585004        0.000000006637456        0.056977517525216       -0.056977510887760
         41.241977766910253        0.000000009238451       -0.003264192084439        0.003264201322891
         41.362921983235502        0.000000011024727       -0.047608388130761        0.047608399155488
         41.483866199560751        0.000000008506801        0.008120506601354       -0.008120498094553
         41.604810415886000        0.000000006139715        0.038844610096493       -0.038844603956778
         41.725754632211249        0.000000006643169        0.002790459169832       -0.002790452526663
         41.846698848536505        0.000000008304974       -0.062230687502931        0.062230695807905
         41.967643064861754        0.000000007750346        0.036241852106906       -0.036241844356560
         42.088587281187003        0.000000006970364        0.018035365744767       -0.018035358774403
         42.209531497512252        0.000000006680985        0.007422997580683       -0.007422990899698
         42.330475713837501        0.000000006868978       -0.068800034639927        0.068800041508905
         42.451419930162750        0.000000006850783        0.055022060200571       -0.055022053349788
         42.572364146487999        0.000000006871127        0.004310983940627       -0.004310977069501
         42.693308362813255        0.000000007506582        0.002794915543241       -0.002794908036659
         42.814252579138504        0.000000007567577       -0.060478467418201        0.060478474985778
         42.935196795463753        0.000000007259309        0.057984635376380       -0.057984628117072
         43.056141011789002        0.000000005913193        0.002036286409870       -0.002036280496677
         43.177085228114251        0.000000007062960       -0.011573061708191        0.011573068771151
         43.298029444439500        0.000000008693819       -0.039642151622560        0.039642160316380
         43.418973660764749        0.000000009139649        0.048553507089260       -0.048553497949611
         43.539917877090005        0.000000006143411        0.006412317511212       -0.006412311367801
         43.660862093415254        0.000000006140462       -0.028158415894411        0.028158422034874
         43.781806309740503        0.000000008834209       -0.015599242187842        0.015599251022051
         43.902750526065752        0.000000010678490        0.035400095329016       -0.035400084650526
         44.023694742391001        0.000000007632580        0.009970244796759       -0.009970237164179
         44.144638958716250        0.000000005949277       -0.039373739656087        0.039373745605364
         44.265583175041499        0.000000008277946        0.003914674464513       -0.003914666186567
         44.386527391366755        0.000000010785753        0.024522855796308       -0.024522845010555
         44.507471607692004        0.000000008868881        0.009154751678491       -0.009154742809610
         44.628415824017253        0.000000006297727       -0.042618835292186        0.042618841589913
         44.749360040342502        0.000000007689662        0.016228087245934       -0.016228079556272
         44.870304256667751        0.000000009921233        0.017597808581402       -0.017597798660169
         44.991248472993000        0.000000009099643        0.004120907983730       -0.004120898884088
         45.112192689318249        0.000000006629818       -0.038701857275332        0.038701863905150
         45.233136905643505        0.000000007257419        0.021473130351516       -0.021473123094097
         45.354081121968754        0.000000008769668        0.014579211460665       -0.014579202690997
         45.475025338294003        0.000000008522526       -0.004076125363893        0.004076133886419
         45.595969554619252        0.000000006863947       -0.029149948040819        0.029149954904766
         45.716913770944501        0.000000007049838        0.020481740112717       -0.020481733062879
         45.837857987269750        0.000000007725670        0.015015860062033       -0.015015852336363
         45.958802203594999        0.000000007660882       -0.014183092713691        0.014183100374573
         46.079746419920255        0.000000007201648       -0.015972911033327        0.015972918234975
         46.200690636245504        0.000000007255556        0.015031678242563       -0.015031670987007
         46.321634852570753        0.000000007156165        0.017365202326170       -0.017365195170004
         46.442579068896002        0.000000007098607       -0.023925210015159        0.023925217113767
         46.563523285221251        0.000000007783443       -0.002288359551464        0.002288367334907
         46.684467501546500        0.000000007980561        0.008141995166266       -0.008141987185706
         46.805411717871749        0.000000007350951        0.019032580852817       -0.019032573501866
         46.926355934197005        0.000000007240254       -0.030451898260461        0.030451905500714
         47.047300150522254        0.000000008635050        0.008624957240444       -0.008624948605394
         47.168244366847503        0.000000009172896        0.002691767719169       -0.002691758546273
         47.289188583172752        0.000000008339330        0.017960404367442       -0.017960396028112
         47.410132799498001        0.000000008131212       -0.031907643666145        0.031907651797357
         47.531077015823250        0.000000009735433        0.014733252348477       -0.014733242613044
         47.652021232148499        0.000000010716853        0.000308028288507       -0.000308017571654
         47.772965448473755        0.000000009981932        0.013304948130855       -0.013304938148923
         47.893909664799004        0.000000009612335       -0.027582050943645        0.027582060555980
         48.014853881124253        0.000000011006343        0.014887614175092       -0.014887603168749
         48.135798097449502        0.000000012344230        0.002118899514184       -0.002118887169954
         48.256742313774751        0.000000011976280        0.004471269465249       -0.004471257488969
         48.377686530100000        0.000000011499851       -0.016929309008818        0.016929320508670
         48.498630746425249        0.000000012374656        0.008006577417075       -0.008006565042418
         48.619574962750505        0.000000013687191        0.009234280297929       -0.009234266610738
         48.740519179075754        0.000000013803500       -0.008830511137976        0.008830524941476
         48.861463395401003        0.000000013511012       -0.000331944033366        0.000331957544378
         48.982407611726252        0.000000013873838       -0.005423888487409        0.005423902361248
         49.103351828051501        0.000000014719122        0.020624232463939       -0.020624217744817
         49.224296044376750        0.000000015093835       -0.023982889686178        0.023982904780013
         49.345240260701999        0.000000015171153        0.017953204626574       -0.017953189455421
         49.466184477027255        0.000000015328694       -0.020341539023095        0.020341554351790
         49.587128693352504        0.000000015634634        0.030527459691215       -0.030527444056581
         49.708072909677753        0.000000015846170       -0.033784197885444        0.033784213731614
         49.829017126003002        0.000000015958450        0.029355653861213       -0.029355637902763
         49.949961342328251        0.000000015992393       -0.028131724513713        0.028131740506106
         50.070905558653500        0.000000015964028        0.031204876740532       -0.031204860776504
         50.191849774978749        0.000000015855057       -0.031091865884656        0.031091881739714
         50.312793991304005        0.000000015654138        0.027303576505070       -0.027303560850932
         50.433738207629254        0.000000015424950       -0.024019453904667        0.024019469329617
         50.554682423954503        0.000000015134437        0.020762758471300       -0.020762743336864
         50.675626640279752        0.000000014780910       -0.016475068480890        0.016475083261800
         50.796570856605001        0.000000014417938        0.013977529720713       -0.013977515302776
         50.917515072930250        0.000000014049424       -0.012044248954749        0.012044263004173
         51.038459289255499        0.000000013431358        0.005669217131372       -0.005669203700014
         51.159403505580755        0.000000012688661        0.001917559509463       -0.001917546820803
         51.280347721906004        0.000000012269239       -0.002325557253430        0.002325569522669
         51.401291938231253        0.000000011999570       -0.000152430590852        0.000152442590422
         51.522236154556502        0.000000011174504       -0.006031152702791        0.006031163877295
         51.643180370881751        0.000000009895386        0.016255122206713       -0.016255112311327
         51.764124587207000        0.000000009260222       -0.015219938615846        0.015219947876068
         51.885068803532249        0.000000009134805        0.007169249955895       -0.007169240821089
         52.006013019857505        0.000000008407865       -0.010945024705077        0.010945033112942
         52.126957236182754        0.000000006788184        0.023743432670528       -0.023743425882343
         52.247901452508003        0.000000005888770       -0.023100654961192        0.023100660849962
         52.368845668833252        0.000000005842736        0.009834739051866       -0.009834733209130
         52.489789885158501        0.000000005406133       -0.009646472947886        0.009646478354019
         52.610734101483750        0.000000003810279        0.024774292742615       -0.024774288932336
         52.731678317808999        0.000000002827160       -0.026487848545521        0.026487851372682
         52.852622534134255        0.000000002843156        0.009011964493217       -0.009011961650061
         52.973566750459504        0.000000002686055       -0.003456464964846        0.003456467650901
         53.094510966784753        0.000000001481104        0.020066911954175       -0.020066910473070
         53.215455183110002        0.000000000724463       -0.025783287411296        0.025783288135758
         53.336399399435251        0.000000000786836        0.005552245434634       -0.005552244647798
         53.457343615760500        0.000000000768016        0.006436167070144       -0.006436166302128
         53.578287832085749        0.000000000315069        0.010506896743512       -0.010506896428444
         53.699232048411005        0.000000000173535       -0.021760013202285        0.021760013375820
         53.820176264736254        0.000000000187895        0.000931489645823       -0.000931489457929
         53.941120481061503        0.000000000112278        0.017821978811951       -0.017821978699674
         54.062064697386752        0.000000000616048       -0.001693315732320        0.001693316348368
         54.183008913712001        0.000000001459763       -0.016548560550877        0.016548562010640
         54.303953130037250        0.000000001322470       -0.002110544784374        0.002110546106844
         54.424897346362499        0.000000001022077        0.027311021737582       -0.027311020715505
         54.545841562687755        0.000000002314112       -0.013379723291354        0.013379725605466
         54.666785779013004        0.000000004357776       -0.012717684507507        0.012717688865283
         54.787729995338253        0.000000004092701       -0.000913128223820        0.000913132316521
         54.908674211663502        0.000000003441877        0.031903742878699       -0.031903739436822
         55.029618427988751        0.000000004997640       -0.022061802279605        0.022061807277244
         55.150562644314000        0.000000008267566       -0.011775808169873        0.011775816437438
         55.271506860639249        0.000000008137921        0.005860749551540       -0.005860741413618
         55.392451076964505        0.000000007015003        0.029795353760646       -0.029795346745643
         55.513395293289754        0.000000008109937       -0.026181990087278        0.026181998197214
         55.634339509615003        0.000000012291990       -0.014330856913292        0.014330869205282
         55.755283725940252        0.000000012821242        0.018620710903922       -0.018620698082680
         55.876227942265501        0.000000011348737        0.019837364582298       -0.019837353233561
         55.997172158590750        0.000000011356908       -0.024510685904986        0.024510697261894
         56.118116374915999        0.000000015431462       -0.020521289335913        0.020521304767375
         56.239060591241255        0.000000016977901        0.036766889627202       -0.036766872649300
         56.360004807566504        0.000000015905452        0.002262418942118       -0.002262403036666
         56.480949023891753        0.000000015000214       -0.017404732896982        0.017404747897195
         56.601893240217002        0.000000017501476       -0.028282897945825        0.028282915447301
         56.722837456542251        0.000000019412305        0.056405523293092       -0.056405503880787
         56.843781672867500        0.000000019481545       -0.018577838754605        0.018577858236151
         56.964725889192749        0.000000018828674       -0.009501270407968        0.009501289236643
         57.085670105518005        0.000000019344271       -0.031231936604640        0.031231955948911
         57.206614321843254        0.000000020254212        0.069085911348334       -0.069085891094122
         57.327558538168503        0.000000020749345       -0.033959788789650        0.033959809538994
         57.448502754493752        0.000000020800593       -0.008511960708414        0.008511981509007
         57.569446970819001        0.000000020734800       -0.021805469024725        0.021805489759525
         57.690391187144250        0.000000020662938        0.066875509241848       -0.066875488578911
         57.811335403469499        0.000000020231012       -0.037303097423932        0.037303117654944
         57.932279619794755        0.000000019389095       -0.017786973521180        0.017786992910275
         58.053223836120004        0.000000019949664        0.000706845704100       -0.000706825754436
         58.174168052445253        0.000000020543179        0.050312911081533       -0.050312890538355
         58.295112268770502        0.000000019684751       -0.030996455577001        0.030996475261752
         58.416056485095751        0.000000016360255       -0.031640051074760        0.031640067435015
         58.537000701421000        0.000000016715025        0.028005268838546       -0.028005252123521
         58.657944917746249        0.000000018428846        0.027986271716166       -0.027986253287320
         58.778889134071505        0.000000018821347       -0.023272695105464        0.023272713926811
         58.899833350396754        0.000000013822882       -0.041140655720515        0.041140669543397
         59.020777566722003        0.000000012671537        0.050620342012824       -0.050620329341287
         59.141721783047252        0.000000014195631        0.007821818270591       -0.007821804074960
         59.262665999372501        0.000000016204379       -0.019528892148088        0.019528908352467
         59.383610215697750        0.000000011672562       -0.042174191579362        0.042174203251924
         59.504554432022999        0.000000009066334        0.064839278320972       -0.064839269254638
         59.625498648348255        0.000000009558525       -0.007954362809965        0.007954372368490
         59.746442864673504        0.000000012139079       -0.019621645623752        0.019621657762831
         59.867387080998753        0.000000009288148       -0.036008959423337        0.036008968711484
         59.988331297324002        0.000000006070103        0.071621061890392       -0.071621055820288
         60.109275513649251        0.000000005950963       -0.020419954233447        0.020419960184411
         60.230219729974500        0.000000008100919       -0.021397062784852        0.021397070885771
         60.351163946299749        0.000000006832037       -0.025137746641513        0.025137753473550
         60.472108162625005        0.000000003821271        0.072472024692682       -0.072472020871410
         60.593052378950254        0.000000003742081       -0.030333850872110        0.030333854614191
         60.713996595275503        0.000000005069704       -0.023740667561635        0.023740672631340
         60.834940811600752        0.000000004742635       -0.010854122475412        0.010854127218046
         60.955885027926001        0.000000002866798        0.067860533426971       -0.067860530560173
         61.076829244251250        0.000000002937763       -0.037535439366968        0.037535442304732
         61.197773460576499        0.000000003287937       -0.026328393822877        0.026328397110815
         61.318717676901755        0.000000003203671        0.005941717971158       -0.005941714767487
         61.439661893227004        0.000000003555281        0.058431036692809       -0.058431033137528
         61.560606109552253        0.000000003603445       -0.042514034302895        0.042514037906340
         61.681550325877502        0.000000002815284       -0.027851564703786        0.027851567519070
         61.802494542202751        0.000000002267654        0.023085592810521       -0.023085590542866
         61.923438758528000        0.000000005428760        0.046274340316977       -0.046274334888218
         62.044382974853249        0.000000005623494       -0.047216248057628        0.047216253681122
         62.165327191178505        0.000000003669321       -0.025641939719190        0.025641943388511
         62.286271407503754        0.000000002019922        0.037254473079577       -0.037254471059656
         62.407215623829003        0.000000007387695        0.034248843902698       -0.034248836515003
         62.528159840154252        0.000000008477151       -0.053848114548354        0.053848123025505
         62.649104056479501        0.000000005607793       -0.017130356406229        0.017130362014022
         62.770048272804750        0.000000002528661        0.045434776708742       -0.045434774180080
         62.890992489129999        0.000000008344722        0.024558311176083       -0.024558302831361
         63.011936705455255        0.000000011226065       -0.063472560293170        0.063472571519234
         63.132880921780504        0.000000008183427       -0.001113410626247        0.001113418809674
         63.253825138105753        0.000000004022962        0.045859341973347       -0.045859337950384
         63.374769354431002        0.000000007951196        0.018109879603643       -0.018109871652447
         63.495713570756251        0.000000012528917       -0.075378518023721        0.075378530552639
         63.616657787081500        0.000000010618772        0.021419495444958       -0.021419484826186
         63.737602003406749        0.000000006879210        0.038931450158247       -0.038931443279037
         63.858546219732006        0.000000007341142        0.013557658248816       -0.013557650907675
         63.979490436057254        0.000000011620907       -0.085907957847173        0.085907969468080
         64.100434652382503        0.000000011586696        0.045683698212661       -0.045683686625965
         64.221378868707745        0.000000010313381        0.028990021791535       -0.028990011478154
         64.342323085033001        0.000000008297697        0.005881785959585       -0.005881777661888
         64.463267301358258        0.000000009965215       -0.087635694054912        0.087635704020126
         64.584211517683499        0.000000010612420        0.062876018335875       -0.062876007723455
         64.705155734008756        0.000000011650915        0.023686949935579       -0.023686938284664
         64.826099950333997        0.000000010134851       -0.011468181362088        0.011468191496940
         64.947044166659254        0.000000009878750       -0.073327562662205        0.073327572540955
         65.067988382984495        0.000000009955337        0.065697704032213       -0.065697694076876
         65.188932599309751        0.000000010076523        0.027454337344714       -0.027454327268191
         65.309876815635008        0.000000010174032       -0.039139197001136        0.039139207175168
         65.430821031960249        0.000000010877964       -0.043958913185956        0.043958924063920
         65.551765248285506        0.000000011839453        0.056040984066074       -0.056040972226622
         65.672709464610747        0.000000009270314        0.035400969076873       -0.035400959806559
         65.793653680936004        0.000000008918027       -0.068136430883930        0.068136439801957
         65.914597897261245        0.000000010889460       -0.010015723380612        0.010015734270072
         66.035542113586502        0.000000014287739        0.043484197499843       -0.043484183212104
         66.156486329911758        0.000000011681394        0.037941379084398       -0.037941367403005
         66.277430546236999        0.000000009529984       -0.087522625506874        0.087522635036858
         66.398374762562256        0.000000010561258        0.018069596566352       -0.018069586005093
         66.519318978887497        0.000000014778195        0.035072875352595       -0.035072860574400
         66.640263195212754        0.000000015397915        0.030929275206999       -0.030929259809084
         66.761207411537995        0.000000012795812       -0.093875689737977        0.093875702533789
         66.882151627863252        0.000000012216046        0.037767563860447       -0.037767551644401
         67.003095844188508        0.000000014608746        0.030232212158180       -0.030232197549434
         67.124040060513749        0.000000018546003        0.017844304568359       -0.017844286022356
         67.244984276839006        0.000000016985332       -0.090994438669055        0.090994455654387
         67.365928493164247        0.000000016048064        0.052227279787456       -0.052227263739392
         67.486872709489504        0.000000016057263        0.024859577867999       -0.024859561810736
         67.607816925814745        0.000000021192089        0.004249845204449       -0.004249824012360
         67.728761142140002        0.000000020707312       -0.083835095214141        0.083835115921454
         67.849705358465258        0.000000020334442        0.064533208031108       -0.064533187696666
         67.970649574790500        0.000000019333730        0.016457129910609       -0.016457110576879
         68.091593791115756        0.000000023599263       -0.006796816504092        0.006796840103355
         68.212538007440997        0.000000023567149       -0.074778059916572        0.074778083483722
         68.333482223766254        0.000000023589449        0.075164747256510       -0.075164723667061
         68.454426440091495        0.000000022971237        0.005471634408077       -0.005471611436840
         68.575370656416752        0.000000025185950       -0.015301265651311        0.015301290837261
         68.696314872742008        0.000000025232817       -0.063665042166811        0.063665067399629
         68.817259089067250        0.000000025251134        0.082741339473743       -0.082741314222609
         68.938203305392506        0.000000025172628       -0.006188517158281        0.006188542330909
         69.059147521717748        0.000000024904705       -0.022403659447691        0.022403684352396
         69.180091738043004        0.000000024897029       -0.049856396667261        0.049856421564290
         69.301035954368245        0.000000025113932        0.086193709991194       -0.086193684877262
         69.421980170693502        0.000000024768553       -0.017495825144076        0.017495849912629
         69.542924387018758        0.000000022150198       -0.028023173398746        0.028023195548944
         69.663868603344000        0.000000021604786       -0.034252820392268        0.034252841997054
         69.784812819669256        0.000000022660771        0.086270096923704       -0.086270074262933
         69.905757035994498        0.000000021446950       -0.029322113050088        0.029322134497038
         70.026701252319754        0.000000017197355       -0.030299490218135        0.030299507415489
         70.147645468644996        0.000000015072942       -0.019251726978029        0.019251742050971
         70.268589684970252        0.000000017126425        0.084771153867314       -0.084771136740889
         70.389533901295508        0.000000015363554       -0.043057667000783        0.043057682364337
         70.510478117620750        0.000000010841418       -0.027314963834255        0.027314974675673
         70.631422333946006        0.000000006305108       -0.006838027419984        0.006838033725092
         70.752366550271248        0.000000008305524        0.082432964343084       -0.082432956037560
         70.873310766596504        0.000000006807078       -0.058315041571805        0.058315048378883
         70.994254982921746        0.000000003810003       -0.019333551737108        0.019333555547111
         71.115199199247002       -0.000000002536369        0.003362279632346       -0.003362282168715
         71.236143415572258       -0.000000002450174        0.077249705402271       -0.077249707852445
         71.357087631897500       -0.000000003558072       -0.071384861325487        0.071384857767415
         71.478031848222756       -0.000000003825567       -0.010140169563382        0.010140165737815
         71.598976064547998       -0.000000009572475        0.014884026411487       -0.014884035983962
         71.719920280873254       -0.000000012095199        0.064370982298760       -0.064370994393959
         71.840864497198496       -0.000000013630922       -0.075769475556525        0.075769461925602
         71.961808713523752       -0.000000012165109       -0.005891303780592        0.005891291615483
         72.082752929849008       -0.000000014998762        0.032284061281961       -0.032284076280723
         72.203697146174250       -0.000000018008868        0.039536408067220       -0.039536426076088
         72.324641362499506       -0.000000019752879       -0.066782059051554        0.066782039298675
         72.445585578824748       -0.000000018956753       -0.009764773242853        0.009764754286100
         72.566529795150004       -0.000000019361998        0.055254903374349       -0.055254922736347
