#             time (fs)      |   total net charge (e)  |   charge (atom_1) (e)   |   charge (atom_2) (e)   |        ...        |   charge (atom_N) (e)   |
          0.000000000000000       -0.000000000000000       -0.000000000000000        0.000000000000000
          0.120944216325250        0.000000074434011       -0.202313993369349        0.202314067803360
          0.241888432650500        0.000000191481639        0.360054245059170       -0.360054053577531
          0.362832648975750        0.000000324803282       -0.450066399865883        0.450066724669165
          0.483776865301000        0.000000423692816        0.467158102568064       -0.467157678875248
          0.604721081626250        0.000000456606091       -0.419021676914099        0.419022133520190
          0.725665297951500        0.000000425262361        0.320406584508404       -0.320406159246044
          0.846609514276750        0.000000284131499       -0.191679486670936        0.191679770802434
          0.967553730602000       -0.000000060870721        0.060853132710504       -0.060853193581225
          1.088497946927250       -0.000000650447500        0.037497908450707       -0.037498558898207
          1.209442163252500       -0.000001434760865       -0.069823886628787        0.069822451867923
          1.330386379577750       -0.000002342064120        0.014978344150202       -0.014980686214321
          1.451330595903000       -0.000003368147593        0.127072780758550       -0.127076148906143
          1.572274812228250       -0.000004595351976       -0.332058381347906        0.332053785995930
          1.693219028553500       -0.000006174379014        0.553028758309605       -0.553034932688619
          1.814163244878750       -0.000008258014748       -0.723539899465296        0.723531641450547
          1.935107461204000       -0.000011058005012        0.762198100951399       -0.762209158956411
          2.056051677529250       -0.000014869783712       -0.584856887407907        0.584842017624195
          2.176995893854500       -0.000020126004442        0.140987743092065       -0.141007869096507
          2.297940110179750       -0.000025714962219        0.505135423501486       -0.505161138463705
          2.418884326505000       -0.000026186498286       -1.054538801238912        1.054512614740626
          2.539828542830250       -0.000019377651858        0.954109355061726       -0.954128732713583
          2.660772759155500       -0.000019525173675        0.079443438688830       -0.079462963862505
          2.781716975480750       -0.000010084411923       -1.110789959684791        1.110779875272868
          2.902661191806000        0.000008010231799        0.497181485468518       -0.497173475236719
          3.023605408131250       -0.000012538565658        0.891097977046544       -0.891110515612201
          3.144549624456500       -0.000020712830102       -0.573754485410014        0.573733772579912
          3.265493840781750       -0.000049285386538       -0.874253009243950        0.874203723857412
          3.386438057107000       -0.000057937154506        0.321626909153333       -0.321684846307839
          3.507382273432250       -0.000062660243045        1.018942565844164       -1.019005226087209
          3.628326489757500       -0.000055823246597        0.327727317759958       -0.327783141006556
          3.749270706082750       -0.000050000327864       -0.649634361289270        0.649584360961407
          3.870214922408000       -0.000047149714866       -0.915650709938337        0.915603560223471
          3.991159138733250       -0.000038127422459       -0.289768497044240        0.289730369621781
          4.112103355058500       -0.000034100511528        0.469576442210157       -0.469610542721685
          4.233047571383750       -0.000053285869021        0.894438369297248       -0.894491655166269
          4.353991787709000       -0.000075792579197        0.660341323029156       -0.660417115608354
          4.474936004034250       -0.000062993695280        0.155899922032986       -0.155962915728266
          4.595880220359500       -0.000049621768616       -0.379301664803281        0.379252043034666
          4.716824436684750       -0.000013984690813       -0.789994623897055        0.789980639206241
          4.837768653010000       -0.000009897736664       -0.797315981767547        0.797306084030883
          4.958712869335250       -0.000036877430824       -0.465614797934069        0.465577920503245
          5.079657085660500       -0.000082554789205       -0.142134873682783        0.142052318893578
          5.200601301985750       -0.000112701259648        0.050624239897424       -0.050736941157072
          5.321545518311000       -0.000154278323291        0.324113395310322       -0.324267673633613
          5.442489734636251       -0.000172443589570        0.569323552684173       -0.569495996273743
          5.563433950961501       -0.000185886070936        0.680144871204060       -0.680330757274996
          5.684378167286750       -0.000181153928587        0.564293996878345       -0.564475150806932
          5.805322383612000       -0.000161715899739        0.389205941511771       -0.389367657411511
          5.926266599937250       -0.000141182181480        0.312244750422185       -0.312385932603665
          6.047210816262500       -0.000130606166410        0.276198541788493       -0.276329147954903
          6.168155032587750       -0.000139966079132        0.377474667715520       -0.377614633794651
          6.289099248913001       -0.000141148194165        0.491430769987246       -0.491571918181412
          6.410043465238251       -0.000153716733937        0.550644247502838       -0.550797964236775
          6.530987681563500       -0.000162812170353        0.508345245265648       -0.508508057436001
          6.651931897888750       -0.000154722636997        0.432274126427321       -0.432428849064318
          6.772876114214000       -0.000134389451101        0.405943679996458       -0.406078069447559
          6.893820330539250       -0.000123321689343        0.411949766553871       -0.412073088243214
          7.014764546864500       -0.000134915142713        0.466768720270388       -0.466903635413101
          7.135708763189751       -0.000142403018201        0.505565495718072       -0.505707898736272
          7.256652979515001       -0.000141169625135        0.486274124393289       -0.486415294018424
          7.377597195840250       -0.000138477008865        0.449021690487117       -0.449160167495982
          7.498541412165500       -0.000138799186223        0.434041400489573       -0.434180199675795
          7.619485628490750       -0.000138556332156        0.457009277244458       -0.457147833576615
          7.740429844816000       -0.000136239731441        0.479549625620468       -0.479685865351908
          7.861374061141250       -0.000138146744606        0.475783644427347       -0.475921791171953
          7.982318277466501       -0.000141416785663        0.461202411279721       -0.461343828065385
          8.103262493791750       -0.000140503029214        0.453167841239498       -0.453308344268712
          8.224206710117000       -0.000137235035921        0.459548044115765       -0.459685279151686
          8.345150926442249       -0.000135981637659        0.468318292090857       -0.468454273728516
          8.466095142767500       -0.000138829507606        0.467704566325101       -0.467843395832706
          8.587039359092751       -0.000140964112410        0.463234355129169       -0.463375319241579
          8.707983575418000       -0.000138908914300        0.460394674937773       -0.460533583852072
          8.828927791743251       -0.000136802938926        0.461752561147486       -0.461889364086412
          8.949872008068500       -0.000137557779216        0.465003449681141       -0.465141007460358
          9.070816224393750       -0.000139361341043        0.464939197926805       -0.465078559267848
          9.191760440718999       -0.000139670273835        0.463137362579346       -0.463277032853181
          9.312704657044250       -0.000138065431664        0.462470205246356       -0.462608270678020
          9.433648873369501       -0.000137186204610        0.463013184131107       -0.463150370335717
          9.554593089694750       -0.000138488627691        0.464014319058078       -0.464152807685769
          9.675537306020001       -0.000139438546884        0.463924360323798       -0.464063798870681
          9.796481522345250       -0.000138658504632        0.463127830247292       -0.463266488751925
          9.917425738670500       -0.000137769817446        0.463100666259013       -0.463238436076459
         10.038369954995749       -0.000137919246172        0.463514748824257       -0.463652668070429
         10.159314171321000       -0.000138856152092        0.463663770372335       -0.463802626524426
         10.280258387646251       -0.000139128028678        0.463491573926136       -0.463630701954814
         10.401202603971500       -0.000138152811673        0.463247234072310       -0.463385386883983
         10.522146820296751       -0.000137827097191        0.463353343781936       -0.463491170879127
         10.643091036622000       -0.000138591711061        0.463597946097400       -0.463736537808461
         10.764035252947250       -0.000138865418084        0.463510592869316       -0.463649458287400
         10.884979469272501       -0.000138499932254        0.463319828612855       -0.463458328545109
         11.005923685597750       -0.000138117537355        0.463349761049832       -0.463487878587187
         11.126867901923001       -0.000138223681189        0.463496926393980       -0.463635150075169
         11.247812118248250       -0.000138714718327        0.463546910667521       -0.463685625385848
         11.368756334573501       -0.000138621410581        0.463410734833579       -0.463549356244159
         11.489700550898750       -0.000138241518854        0.463306611615913       -0.463444853134767
         11.610644767224001       -0.000138316778298        0.463430600322945       -0.463568917101244
         11.731588983549251       -0.000138485369773        0.463552683281133       -0.463691168650906
         11.852533199874500       -0.000138502773404        0.463470069824091       -0.463608572597495
         11.973477416199751       -0.000138466482778        0.463356058952737       -0.463494525435515
         12.094421632525000       -0.000138461664816        0.463381923576674       -0.463520385241490
         12.215365848850251       -0.000138392585206        0.463473998300544       -0.463612390885749
         12.336310065175500       -0.000138270675089        0.463491337853261       -0.463629608528351
         12.457254281500751       -0.000138583416043        0.463427813169312       -0.463566396585355
         12.578198497826001       -0.000139219509645        0.463396256945002       -0.463535476454646
         12.699142714151250       -0.000138590115076        0.463429858068120       -0.463568448183196
         12.820086930476501       -0.000137460976162        0.463446707039753       -0.463584168015915
         12.941031146801750       -0.000137731966154        0.463435362510640       -0.463573094476794
         13.061975363127001       -0.000138628912973        0.463432598915998       -0.463571227828971
         13.182919579452250       -0.000138724715747        0.463434179043601       -0.463572903759349
         13.303863795777501       -0.000138464637364        0.463434331634322       -0.463572796271686
         13.424808012102751       -0.000138426302254        0.463434303461832       -0.463572729764086
         13.545752228428000       -0.000138426374004        0.463434303422673       -0.463572729796677
         13.666696444753251       -0.000138426374004        0.463434303422673       -0.463572729796677
         13.787640661078500       -0.000138426374004        0.463434303422673       -0.463572729796677
         13.908584877403751       -0.000138426374004        0.463434303422673       -0.463572729796677
         14.029529093729000       -0.000138426374004        0.463434303422673       -0.463572729796677
         14.150473310054251       -0.000138426374004        0.463434303422673       -0.463572729796677
         14.271417526379501       -0.000138426374004        0.463434303422673       -0.463572729796677
         14.392361742704750       -0.000138426374004        0.463434303422673       -0.463572729796677
         14.513305959030001       -0.000138426374004        0.463434303422673       -0.463572729796677
         14.634250175355250       -0.000138426374004        0.463434303422673       -0.463572729796677
         14.755194391680501       -0.000138426374004        0.463434303422673       -0.463572729796677
         14.876138608005750       -0.000138426374004        0.463434303422673       -0.463572729796677
         14.997082824331001       -0.000138426374004        0.463434303422673       -0.463572729796677
         15.118027040656251       -0.000138426374004        0.463434303422673       -0.463572729796677
         15.238971256981500       -0.000138426374004        0.463434303422673       -0.463572729796677
         15.359915473306751       -0.000138426374004        0.463434303422673       -0.463572729796677
         15.480859689632000       -0.000138426374004        0.463434303422673       -0.463572729796677
         15.601803905957251       -0.000138426374004        0.463434303422673       -0.463572729796677
         15.722748122282500       -0.000138426374004        0.463434303422673       -0.463572729796677
         15.843692338607751       -0.000138426374004        0.463434303422673       -0.463572729796677
         15.964636554933001       -0.000138426374004        0.463434303422673       -0.463572729796677
         16.085580771258250       -0.000138426374004        0.463434303422673       -0.463572729796677
         16.206524987583499       -0.000138426374004        0.463434303422673       -0.463572729796677
         16.327469203908752       -0.000138426374004        0.463434303422673       -0.463572729796677
         16.448413420234001       -0.000138426374004        0.463434303422673       -0.463572729796677
         16.569357636559250       -0.000138426374004        0.463434303422673       -0.463572729796677
         16.690301852884499       -0.000138426374004        0.463434303422673       -0.463572729796677
         16.811246069209751       -0.000138426374004        0.463434303422673       -0.463572729796677
         16.932190285535000       -0.000138426374004        0.463434303422673       -0.463572729796677
         17.053134501860249       -0.000138426374004        0.463434303422673       -0.463572729796677
         17.174078718185502       -0.000138426374004        0.463434303422673       -0.463572729796677
         17.295022934510751       -0.000138426374004        0.463434303422673       -0.463572729796677
         17.415967150836000       -0.000138426374004        0.463434303422673       -0.463572729796677
         17.536911367161249       -0.000138426374004        0.463434303422673       -0.463572729796677
         17.657855583486501       -0.000138426374004        0.463434303422673       -0.463572729796677
         17.778799799811750       -0.000138426374004        0.463434303422673       -0.463572729796677
         17.899744016136999       -0.000138426374004        0.463434303422673       -0.463572729796677
         18.020688232462252       -0.000138426374004        0.463434303422673       -0.463572729796677
         18.141632448787501       -0.000138426374004        0.463434303422673       -0.463572729796677
         18.262576665112750       -0.000138426374004        0.463434303422673       -0.463572729796677
         18.383520881437999       -0.000138426374004        0.463434303422673       -0.463572729796677
         18.504465097763251       -0.000138426374004        0.463434303422673       -0.463572729796677
         18.625409314088500       -0.000138426374004        0.463434303422673       -0.463572729796677
         18.746353530413749       -0.000138426374004        0.463434303422673       -0.463572729796677
         18.867297746739002       -0.000138426374004        0.463434303422673       -0.463572729796677
         18.988241963064251       -0.000138426374004        0.463434303422673       -0.463572729796677
         19.109186179389500       -0.000138426374004        0.463434303422673       -0.463572729796677
         19.230130395714749       -0.000138426374004        0.463434303422673       -0.463572729796677
         19.351074612040001       -0.000138426374004        0.463434303422673       -0.463572729796677
         19.472018828365250       -0.000138426374004        0.463434303422673       -0.463572729796677
         19.592963044690499       -0.000138426374004        0.463434303422673       -0.463572729796677
         19.713907261015752       -0.000138426374004        0.463434303422673       -0.463572729796677
         19.834851477341001       -0.000138426374004        0.463434303422673       -0.463572729796677
         19.955795693666250       -0.000138426374004        0.463434303422673       -0.463572729796677
         20.076739909991499       -0.000138426374004        0.463434303422673       -0.463572729796677
         20.197684126316751       -0.000138426374004        0.463434303422673       -0.463572729796677
         20.318628342642000       -0.000138426374004        0.463434303422673       -0.463572729796677
         20.439572558967249       -0.000138426374004        0.463434303422673       -0.463572729796677
         20.560516775292502       -0.000138426374004        0.463434303422673       -0.463572729796677
         20.681460991617751       -0.000138426374004        0.463434303422673       -0.463572729796677
         20.802405207943000       -0.000138426374004        0.463434303422673       -0.463572729796677
         20.923349424268253       -0.000138426374004        0.463434303422673       -0.463572729796677
         21.044293640593501       -0.000138426374004        0.463434303422673       -0.463572729796677
         21.165237856918750       -0.000138426374004        0.463434303422673       -0.463572729796677
         21.286182073243999       -0.000138426374004        0.463434303422673       -0.463572729796677
         21.407126289569252       -0.000138426374004        0.463434303422673       -0.463572729796677
         21.528070505894501       -0.000138426374004        0.463434303422673       -0.463572729796677
         21.649014722219750       -0.000138426374004        0.463434303422673       -0.463572729796677
         21.769958938545003       -0.000138426374004        0.463434303422673       -0.463572729796677
         21.890903154870252       -0.000138426374004        0.463434303422673       -0.463572729796677
         22.011847371195501       -0.000138426374004        0.463434303422673       -0.463572729796677
         22.132791587520749       -0.000138426374004        0.463434303422673       -0.463572729796677
         22.253735803846002       -0.000138426374004        0.463434303422673       -0.463572729796677
         22.374680020171251       -0.000138426374004        0.463434303422673       -0.463572729796677
         22.495624236496500       -0.000138426374004        0.463434303422673       -0.463572729796677
         22.616568452821753       -0.000138426374004        0.463434303422673       -0.463572729796677
         22.737512669147002       -0.000138426374004        0.463434303422673       -0.463572729796677
         22.858456885472251       -0.000138426374004        0.463434303422673       -0.463572729796677
         22.979401101797500       -0.000138426374004        0.463434303422673       -0.463572729796677
         23.100345318122752       -0.000138426374004        0.463434303422673       -0.463572729796677
         23.221289534448001       -0.000138426374004        0.463434303422673       -0.463572729796677
         23.342233750773250       -0.000138426374004        0.463434303422673       -0.463572729796677
         23.463177967098503       -0.000138426374004        0.463434303422673       -0.463572729796677
         23.584122183423752       -0.000138426374004        0.463434303422673       -0.463572729796677
         23.705066399749001       -0.000138426374004        0.463434303422673       -0.463572729796677
         23.826010616074250       -0.000138426374004        0.463434303422673       -0.463572729796677
         23.946954832399502       -0.000138426374004        0.463434303422673       -0.463572729796677
         24.067899048724751       -0.000138426374004        0.463434303422673       -0.463572729796677
         24.188843265050000       -0.000138426374004        0.463434303422673       -0.463572729796677
         24.309787481375253       -0.000138426374004        0.463434303422673       -0.463572729796677
         24.430731697700502       -0.000138426374004        0.463434303422673       -0.463572729796677
         24.551675914025751       -0.000138426374004        0.463434303422673       -0.463572729796677
         24.672620130351000       -0.000138426374004        0.463434303422673       -0.463572729796677
         24.793564346676252       -0.000138426374004        0.463434303422673       -0.463572729796677
         24.914508563001501       -0.000138426374004        0.463434303422673       -0.463572729796677
         25.035452779326750       -0.000138426374004        0.463434303422673       -0.463572729796677
         25.156396995652003       -0.000138426374004        0.463434303422673       -0.463572729796677
         25.277341211977252       -0.000138426374004        0.463434303422673       -0.463572729796677
         25.398285428302501       -0.000138426374004        0.463434303422673       -0.463572729796677
         25.519229644627750       -0.000138426374004        0.463434303422673       -0.463572729796677
         25.640173860953002       -0.000138426374004        0.463434303422673       -0.463572729796677
         25.761118077278251       -0.000138426374004        0.463434303422673       -0.463572729796677
         25.882062293603500       -0.000138426374004        0.463434303422673       -0.463572729796677
         26.003006509928753       -0.000138426374004        0.463434303422673       -0.463572729796677
         26.123950726254002       -0.000138426374004        0.463434303422673       -0.463572729796677
         26.244894942579251       -0.000138426374004        0.463434303422673       -0.463572729796677
         26.365839158904500       -0.000138426374004        0.463434303422673       -0.463572729796677
         26.486783375229752       -0.000138426374004        0.463434303422673       -0.463572729796677
         26.607727591555001       -0.000138426374004        0.463434303422673       -0.463572729796677
         26.728671807880250       -0.000138426374004        0.463434303422673       -0.463572729796677
         26.849616024205503       -0.000138426374004        0.463434303422673       -0.463572729796677
         26.970560240530752       -0.000138426374004        0.463434303422673       -0.463572729796677
         27.091504456856001       -0.000138426374004        0.463434303422673       -0.463572729796677
         27.212448673181250       -0.000138426374004        0.463434303422673       -0.463572729796677
         27.333392889506502       -0.000138426374004        0.463434303422673       -0.463572729796677
         27.454337105831751       -0.000138426374004        0.463434303422673       -0.463572729796677
         27.575281322157000       -0.000138426374004        0.463434303422673       -0.463572729796677
         27.696225538482253       -0.000138426374004        0.463434303422673       -0.463572729796677
         27.817169754807502       -0.000138426374004        0.463434303422673       -0.463572729796677
         27.938113971132751       -0.000138426374004        0.463434303422673       -0.463572729796677
         28.059058187458000       -0.000138426374004        0.463434303422673       -0.463572729796677
         28.180002403783252       -0.000138426374004        0.463434303422673       -0.463572729796677
         28.300946620108501       -0.000138426374004        0.463434303422673       -0.463572729796677
         28.421890836433750       -0.000138426374004        0.463434303422673       -0.463572729796677
         28.542835052759003       -0.000138426374004        0.463434303422673       -0.463572729796677
         28.663779269084252       -0.000138426374004        0.463434303422673       -0.463572729796677
         28.784723485409501       -0.000138426374004        0.463434303422673       -0.463572729796677
         28.905667701734750       -0.000138426374004        0.463434303422673       -0.463572729796677
         29.026611918060002       -0.000138426374004        0.463434303422673       -0.463572729796677
         29.147556134385251       -0.000138426374004        0.463434303422673       -0.463572729796677
         29.268500350710500       -0.000138426374004        0.463434303422673       -0.463572729796677
         29.389444567035753       -0.000138426374004        0.463434303422673       -0.463572729796677
         29.510388783361002       -0.000138426374004        0.463434303422673       -0.463572729796677
         29.631332999686251       -0.000138426374004        0.463434303422673       -0.463572729796677
         29.752277216011500       -0.000138426374004        0.463434303422673       -0.463572729796677
         29.873221432336752       -0.000138426374004        0.463434303422673       -0.463572729796677
         29.994165648662001       -0.000138426374004        0.463434303422673       -0.463572729796677
         30.115109864987250       -0.000138426374004        0.463434303422673       -0.463572729796677
         30.236054081312503       -0.000138426374004        0.463434303422673       -0.463572729796677
         30.356998297637752       -0.000138426374004        0.463434303422673       -0.463572729796677
         30.477942513963001       -0.000138426374004        0.463434303422673       -0.463572729796677
         30.598886730288250       -0.000138426374004        0.463434303422673       -0.463572729796677
         30.719830946613502       -0.000138426374004        0.463434303422673       -0.463572729796677
         30.840775162938751       -0.000138426374004        0.463434303422673       -0.463572729796677
         30.961719379264000       -0.000138426374004        0.463434303422673       -0.463572729796677
         31.082663595589253       -0.000138426374004        0.463434303422673       -0.463572729796677
         31.203607811914502       -0.000138426374004        0.463434303422673       -0.463572729796677
         31.324552028239751       -0.000138426374004        0.463434303422673       -0.463572729796677
         31.445496244565000       -0.000138426374004        0.463434303422673       -0.463572729796677
         31.566440460890252       -0.000138426374004        0.463434303422673       -0.463572729796677
         31.687384677215501       -0.000138426374004        0.463434303422673       -0.463572729796677
         31.808328893540750       -0.000138426374004        0.463434303422673       -0.463572729796677
         31.929273109866003       -0.000138426374004        0.463434303422673       -0.463572729796677
         32.050217326191252       -0.000138426374004        0.463434303422673       -0.463572729796677
         32.171161542516501       -0.000138426374004        0.463434303422673       -0.463572729796677
         32.292105758841750       -0.000138426374004        0.463434303422673       -0.463572729796677
         32.413049975166999       -0.000138426374004        0.463434303422673       -0.463572729796677
         32.533994191492248       -0.000138426374004        0.463434303422673       -0.463572729796677
         32.654938407817504       -0.000138426374004        0.463434303422673       -0.463572729796677
         32.775882624142753       -0.000138426374004        0.463434303422673       -0.463572729796677
         32.896826840468002       -0.000138426374004        0.463434303422673       -0.463572729796677
         33.017771056793251       -0.000138426374004        0.463434303422673       -0.463572729796677
         33.138715273118500       -0.000138426374004        0.463434303422673       -0.463572729796677
         33.259659489443749       -0.000138426374004        0.463434303422673       -0.463572729796677
         33.380603705768998       -0.000138426374004        0.463434303422673       -0.463572729796677
         33.501547922094254       -0.000138426374004        0.463434303422673       -0.463572729796677
         33.622492138419503       -0.000138426374004        0.463434303422673       -0.463572729796677
         33.743436354744752       -0.000138426374004        0.463434303422673       -0.463572729796677
         33.864380571070001       -0.000138426374004        0.463434303422673       -0.463572729796677
         33.985324787395250       -0.000138426374004        0.463434303422673       -0.463572729796677
         34.106269003720499       -0.000138426374004        0.463434303422673       -0.463572729796677
         34.227213220045748       -0.000138426374004        0.463434303422673       -0.463572729796677
         34.348157436371004       -0.000138426374004        0.463434303422673       -0.463572729796677
         34.469101652696253       -0.000138426374004        0.463434303422673       -0.463572729796677
         34.590045869021502       -0.000138426374004        0.463434303422673       -0.463572729796677
         34.710990085346751       -0.000138426374004        0.463434303422673       -0.463572729796677
         34.831934301672000       -0.000138426374004        0.463434303422673       -0.463572729796677
         34.952878517997249       -0.000138426374004        0.463434303422673       -0.463572729796677
         35.073822734322498       -0.000138426374004        0.463434303422673       -0.463572729796677
         35.194766950647754       -0.000138426374004        0.463434303422673       -0.463572729796677
         35.315711166973003       -0.000138426374004        0.463434303422673       -0.463572729796677
         35.436655383298252       -0.000138426374004        0.463434303422673       -0.463572729796677
         35.557599599623501       -0.000138426374004        0.463434303422673       -0.463572729796677
         35.678543815948750       -0.000138426374004        0.463434303422673       -0.463572729796677
         35.799488032273999       -0.000138426374004        0.463434303422673       -0.463572729796677
         35.920432248599248       -0.000138426374004        0.463434303422673       -0.463572729796677
         36.041376464924504       -0.000138426374004        0.463434303422673       -0.463572729796677
         36.162320681249753       -0.000138426374004        0.463434303422673       -0.463572729796677
         36.283264897575002       -0.000138426374004        0.463434303422673       -0.463572729796677
         36.404209113900251       -0.000138426374004        0.463434303422673       -0.463572729796677
         36.525153330225500       -0.000138426374004        0.463434303422673       -0.463572729796677
         36.646097546550749       -0.000138426374004        0.463434303422673       -0.463572729796677
         36.767041762875998       -0.000138426374004        0.463434303422673       -0.463572729796677
         36.887985979201254       -0.000138426374004        0.463434303422673       -0.463572729796677
         37.008930195526503       -0.000138426374004        0.463434303422673       -0.463572729796677
         37.129874411851752       -0.000138426374004        0.463434303422673       -0.463572729796677
         37.250818628177001       -0.000138426374004        0.463434303422673       -0.463572729796677
         37.371762844502250       -0.000138426374004        0.463434303422673       -0.463572729796677
         37.492707060827499       -0.000138426374004        0.463434303422673       -0.463572729796677
         37.613651277152748       -0.000138426374004        0.463434303422673       -0.463572729796677
         37.734595493478004       -0.000138426374004        0.463434303422673       -0.463572729796677
         37.855539709803253       -0.000138426374004        0.463434303422673       -0.463572729796677
         37.976483926128502       -0.000138426374004        0.463434303422673       -0.463572729796677
         38.097428142453751       -0.000138426374004        0.463434303422673       -0.463572729796677
         38.218372358779000       -0.000138426374004        0.463434303422673       -0.463572729796677
         38.339316575104249       -0.000138426374004        0.463434303422673       -0.463572729796677
         38.460260791429498       -0.000138426374004        0.463434303422673       -0.463572729796677
         38.581205007754754       -0.000138426374004        0.463434303422673       -0.463572729796677
         38.702149224080003       -0.000138426374004        0.463434303422673       -0.463572729796677
         38.823093440405252       -0.000138426374004        0.463434303422673       -0.463572729796677
         38.944037656730501       -0.000138426374004        0.463434303422673       -0.463572729796677
         39.064981873055750       -0.000138426374004        0.463434303422673       -0.463572729796677
         39.185926089380999       -0.000138426374004        0.463434303422673       -0.463572729796677
         39.306870305706248       -0.000138426374004        0.463434303422673       -0.463572729796677
         39.427814522031504       -0.000138426374004        0.463434303422673       -0.463572729796677
         39.548758738356753       -0.000138426374004        0.463434303422673       -0.463572729796677
         39.669702954682002       -0.000138426374004        0.463434303422673       -0.463572729796677
         39.790647171007251       -0.000138426374004        0.463434303422673       -0.463572729796677
         39.911591387332500       -0.000138426374004        0.463434303422673       -0.463572729796677
         40.032535603657749       -0.000138426374004        0.463434303422673       -0.463572729796677
         40.153479819982998       -0.000138426374004        0.463434303422673       -0.463572729796677
         40.274424036308254       -0.000138426374004        0.463434303422673       -0.463572729796677
         40.395368252633503       -0.000138426374004        0.463434303422673       -0.463572729796677
         40.516312468958752       -0.000138426374004        0.463434303422673       -0.463572729796677
         40.637256685284001       -0.000138426374004        0.463434303422673       -0.463572729796677
         40.758200901609250       -0.000138426374004        0.463434303422673       -0.463572729796677
         40.879145117934499       -0.000138426374004        0.463434303422673       -0.463572729796677
         41.000089334259748       -0.000138426374004        0.463434303422673       -0.463572729796677
         41.121033550585004       -0.000138426374004        0.463434303422673       -0.463572729796677
         41.241977766910253       -0.000138426374004        0.463434303422673       -0.463572729796677
         41.362921983235502       -0.000138426374004        0.463434303422673       -0.463572729796677
         41.483866199560751       -0.000138426374004        0.463434303422673       -0.463572729796677
         41.604810415886000       -0.000138426374004        0.463434303422673       -0.463572729796677
         41.725754632211249       -0.000138426374004        0.463434303422673       -0.463572729796677
         41.846698848536505       -0.000138426374004        0.463434303422673       -0.463572729796677
         41.967643064861754       -0.000138426374004        0.463434303422673       -0.463572729796677
         42.088587281187003       -0.000138426374004        0.463434303422673       -0.463572729796677
         42.209531497512252       -0.000138426374004        0.463434303422673       -0.463572729796677
         42.330475713837501       -0.000138426374004        0.463434303422673       -0.463572729796677
         42.451419930162750       -0.000138426374004        0.463434303422673       -0.463572729796677
         42.572364146487999       -0.000138426374004        0.463434303422673       -0.463572729796677
         42.693308362813255       -0.000138426374004        0.463434303422673       -0.463572729796677
         42.814252579138504       -0.000138426374004        0.463434303422673       -0.463572729796677
         42.935196795463753       -0.000138426374004        0.463434303422673       -0.463572729796677
         43.056141011789002       -0.000138426374004        0.463434303422673       -0.463572729796677
         43.177085228114251       -0.000138426374004        0.463434303422673       -0.463572729796677
         43.298029444439500       -0.000138426374004        0.463434303422673       -0.463572729796677
         43.418973660764749       -0.000138426374004        0.463434303422673       -0.463572729796677
         43.539917877090005       -0.000138426374004        0.463434303422673       -0.463572729796677
         43.660862093415254       -0.000138426374004        0.463434303422673       -0.463572729796677
         43.781806309740503       -0.000138426374004        0.463434303422673       -0.463572729796677
         43.902750526065752       -0.000138426374004        0.463434303422673       -0.463572729796677
         44.023694742391001       -0.000138426374004        0.463434303422673       -0.463572729796677
         44.144638958716250       -0.000138426374004        0.463434303422673       -0.463572729796677
         44.265583175041499       -0.000138426374004        0.463434303422673       -0.463572729796677
         44.386527391366755       -0.000138426374004        0.463434303422673       -0.463572729796677
         44.507471607692004       -0.000138426374004        0.463434303422673       -0.463572729796677
         44.628415824017253       -0.000138426374004        0.463434303422673       -0.463572729796677
         44.749360040342502       -0.000138426374004        0.463434303422673       -0.463572729796677
         44.870304256667751       -0.000138426374004        0.463434303422673       -0.463572729796677
         44.991248472993000       -0.000138426374004        0.463434303422673       -0.463572729796677
         45.112192689318249       -0.000138426374004        0.463434303422673       -0.463572729796677
         45.233136905643505       -0.000138426374004        0.463434303422673       -0.463572729796677
         45.354081121968754       -0.000138426374004        0.463434303422673       -0.463572729796677
         45.475025338294003       -0.000138426374004        0.463434303422673       -0.463572729796677
         45.595969554619252       -0.000138426374004        0.463434303422673       -0.463572729796677
         45.716913770944501       -0.000138426374004        0.463434303422673       -0.463572729796677
         45.837857987269750       -0.000138426374004        0.463434303422673       -0.463572729796677
         45.958802203594999       -0.000138426374004        0.463434303422673       -0.463572729796677
         46.079746419920255       -0.000138426374004        0.463434303422673       -0.463572729796677
         46.200690636245504       -0.000138426374004        0.463434303422673       -0.463572729796677
         46.321634852570753       -0.000138426374004        0.463434303422673       -0.463572729796677
         46.442579068896002       -0.000138426374004        0.463434303422673       -0.463572729796677
         46.563523285221251       -0.000138426374004        0.463434303422673       -0.463572729796677
         46.684467501546500       -0.000138426374004        0.463434303422673       -0.463572729796677
         46.805411717871749       -0.000138426374004        0.463434303422673       -0.463572729796677
         46.926355934197005       -0.000138426374004        0.463434303422673       -0.463572729796677
         47.047300150522254       -0.000138426374004        0.463434303422673       -0.463572729796677
         47.168244366847503       -0.000138426374004        0.463434303422673       -0.463572729796677
         47.289188583172752       -0.000138426374004        0.463434303422673       -0.463572729796677
         47.410132799498001       -0.000138426374004        0.463434303422673       -0.463572729796677
         47.531077015823250       -0.000138426374004        0.463434303422673       -0.463572729796677
         47.652021232148499       -0.000138426374004        0.463434303422673       -0.463572729796677
         47.772965448473755       -0.000138426374004        0.463434303422673       -0.463572729796677
         47.893909664799004       -0.000138426374004        0.463434303422673       -0.463572729796677
         48.014853881124253       -0.000138426374004        0.463434303422673       -0.463572729796677
         48.135798097449502       -0.000138426374004        0.463434303422673       -0.463572729796677
         48.256742313774751       -0.000138426374004        0.463434303422673       -0.463572729796677
         48.377686530100000       -0.000138426374004        0.463434303422673       -0.463572729796677
         48.498630746425249       -0.000138426374004        0.463434303422673       -0.463572729796677
         48.619574962750505       -0.000138426374004        0.463434303422673       -0.463572729796677
         48.740519179075754       -0.000138426374004        0.463434303422673       -0.463572729796677
         48.861463395401003       -0.000138426374004        0.463434303422673       -0.463572729796677
         48.982407611726252       -0.000138426374004        0.463434303422673       -0.463572729796677
         49.103351828051501       -0.000138426374004        0.463434303422673       -0.463572729796677
         49.224296044376750       -0.000138426374004        0.463434303422673       -0.463572729796677
         49.345240260701999       -0.000138426374004        0.463434303422673       -0.463572729796677
         49.466184477027255       -0.000138426374004        0.463434303422673       -0.463572729796677
         49.587128693352504       -0.000138426374004        0.463434303422673       -0.463572729796677
         49.708072909677753       -0.000138426374004        0.463434303422673       -0.463572729796677
         49.829017126003002       -0.000138426374004        0.463434303422673       -0.463572729796677
         49.949961342328251       -0.000138426374004        0.463434303422673       -0.463572729796677
         50.070905558653500       -0.000138426374004        0.463434303422673       -0.463572729796677
         50.191849774978749       -0.000138426374004        0.463434303422673       -0.463572729796677
         50.312793991304005       -0.000138426374004        0.463434303422673       -0.463572729796677
         50.433738207629254       -0.000138426374004        0.463434303422673       -0.463572729796677
         50.554682423954503       -0.000138426374004        0.463434303422673       -0.463572729796677
         50.675626640279752       -0.000138426374004        0.463434303422673       -0.463572729796677
         50.796570856605001       -0.000138426374004        0.463434303422673       -0.463572729796677
         50.917515072930250       -0.000138426374004        0.463434303422673       -0.463572729796677
         51.038459289255499       -0.000138426374004        0.463434303422673       -0.463572729796677
         51.159403505580755       -0.000138426374004        0.463434303422673       -0.463572729796677
         51.280347721906004       -0.000138426374004        0.463434303422673       -0.463572729796677
         51.401291938231253       -0.000138426374004        0.463434303422673       -0.463572729796677
         51.522236154556502       -0.000138426374004        0.463434303422673       -0.463572729796677
         51.643180370881751       -0.000138426374004        0.463434303422673       -0.463572729796677
         51.764124587207000       -0.000138426374004        0.463434303422673       -0.463572729796677
         51.885068803532249       -0.000138426374004        0.463434303422673       -0.463572729796677
         52.006013019857505       -0.000138426374004        0.463434303422673       -0.463572729796677
         52.126957236182754       -0.000138426374004        0.463434303422673       -0.463572729796677
         52.247901452508003       -0.000138426374004        0.463434303422673       -0.463572729796677
         52.368845668833252       -0.000138426374004        0.463434303422673       -0.463572729796677
         52.489789885158501       -0.000138426374004        0.463434303422673       -0.463572729796677
         52.610734101483750       -0.000138426374004        0.463434303422673       -0.463572729796677
         52.731678317808999       -0.000138426374004        0.463434303422673       -0.463572729796677
         52.852622534134255       -0.000138426374004        0.463434303422673       -0.463572729796677
         52.973566750459504       -0.000138426374004        0.463434303422673       -0.463572729796677
         53.094510966784753       -0.000138426374004        0.463434303422673       -0.463572729796677
         53.215455183110002       -0.000138426374004        0.463434303422673       -0.463572729796677
         53.336399399435251       -0.000138426374004        0.463434303422673       -0.463572729796677
         53.457343615760500       -0.000138426374004        0.463434303422673       -0.463572729796677
         53.578287832085749       -0.000138426374004        0.463434303422673       -0.463572729796677
         53.699232048411005       -0.000138426374004        0.463434303422673       -0.463572729796677
         53.820176264736254       -0.000138426374004        0.463434303422673       -0.463572729796677
         53.941120481061503       -0.000138426374004        0.463434303422673       -0.463572729796677
         54.062064697386752       -0.000138426374004        0.463434303422673       -0.463572729796677
         54.183008913712001       -0.000138426374004        0.463434303422673       -0.463572729796677
         54.303953130037250       -0.000138426374004        0.463434303422673       -0.463572729796677
         54.424897346362499       -0.000138426374004        0.463434303422673       -0.463572729796677
         54.545841562687755       -0.000138426374004        0.463434303422673       -0.463572729796677
         54.666785779013004       -0.000138426374004        0.463434303422673       -0.463572729796677
         54.787729995338253       -0.000138426374004        0.463434303422673       -0.463572729796677
         54.908674211663502       -0.000138426374004        0.463434303422673       -0.463572729796677
         55.029618427988751       -0.000138426374004        0.463434303422673       -0.463572729796677
         55.150562644314000       -0.000138426374004        0.463434303422673       -0.463572729796677
         55.271506860639249       -0.000138426374004        0.463434303422673       -0.463572729796677
         55.392451076964505       -0.000138426374004        0.463434303422673       -0.463572729796677
         55.513395293289754       -0.000138426374004        0.463434303422673       -0.463572729796677
         55.634339509615003       -0.000138426374004        0.463434303422673       -0.463572729796677
         55.755283725940252       -0.000138426374004        0.463434303422673       -0.463572729796677
         55.876227942265501       -0.000138426374004        0.463434303422673       -0.463572729796677
         55.997172158590750       -0.000138426374004        0.463434303422673       -0.463572729796677
         56.118116374915999       -0.000138426374004        0.463434303422673       -0.463572729796677
         56.239060591241255       -0.000138426374004        0.463434303422673       -0.463572729796677
         56.360004807566504       -0.000138426374004        0.463434303422673       -0.463572729796677
         56.480949023891753       -0.000138426374004        0.463434303422673       -0.463572729796677
         56.601893240217002       -0.000138426374004        0.463434303422673       -0.463572729796677
         56.722837456542251       -0.000138426374004        0.463434303422673       -0.463572729796677
         56.843781672867500       -0.000138426374004        0.463434303422673       -0.463572729796677
         56.964725889192749       -0.000138426374004        0.463434303422673       -0.463572729796677
         57.085670105518005       -0.000138426374004        0.463434303422673       -0.463572729796677
         57.206614321843254       -0.000138426374004        0.463434303422673       -0.463572729796677
         57.327558538168503       -0.000138426374004        0.463434303422673       -0.463572729796677
         57.448502754493752       -0.000138426374004        0.463434303422673       -0.463572729796677
         57.569446970819001       -0.000138426374004        0.463434303422673       -0.463572729796677
         57.690391187144250       -0.000138426374004        0.463434303422673       -0.463572729796677
         57.811335403469499       -0.000138426374004        0.463434303422673       -0.463572729796677
         57.932279619794755       -0.000138426374004        0.463434303422673       -0.463572729796677
         58.053223836120004       -0.000138426374004        0.463434303422673       -0.463572729796677
         58.174168052445253       -0.000138426374004        0.463434303422673       -0.463572729796677
         58.295112268770502       -0.000138426374004        0.463434303422673       -0.463572729796677
         58.416056485095751       -0.000138426374004        0.463434303422673       -0.463572729796677
         58.537000701421000       -0.000138426374004        0.463434303422673       -0.463572729796677
         58.657944917746249       -0.000138426374004        0.463434303422673       -0.463572729796677
         58.778889134071505       -0.000138426374004        0.463434303422673       -0.463572729796677
         58.899833350396754       -0.000138426374004        0.463434303422673       -0.463572729796677
         59.020777566722003       -0.000138426374004        0.463434303422673       -0.463572729796677
         59.141721783047252       -0.000138426374004        0.463434303422673       -0.463572729796677
         59.262665999372501       -0.000138426374004        0.463434303422673       -0.463572729796677
         59.383610215697750       -0.000138426374004        0.463434303422673       -0.463572729796677
         59.504554432022999       -0.000138426374004        0.463434303422673       -0.463572729796677
         59.625498648348255       -0.000138426374004        0.463434303422673       -0.463572729796677
         59.746442864673504       -0.000138426374004        0.463434303422673       -0.463572729796677
         59.867387080998753       -0.000138426374004        0.463434303422673       -0.463572729796677
         59.988331297324002       -0.000138426374004        0.463434303422673       -0.463572729796677
         60.109275513649251       -0.000138426374004        0.463434303422673       -0.463572729796677
         60.230219729974500       -0.000138426374004        0.463434303422673       -0.463572729796677
         60.351163946299749       -0.000138426374004        0.463434303422673       -0.463572729796677
         60.472108162625005       -0.000138426374004        0.463434303422673       -0.463572729796677
         60.593052378950254       -0.000138426374004        0.463434303422673       -0.463572729796677
         60.713996595275503       -0.000138426374004        0.463434303422673       -0.463572729796677
         60.834940811600752       -0.000138426374004        0.463434303422673       -0.463572729796677
         60.955885027926001       -0.000138426374004        0.463434303422673       -0.463572729796677
         61.076829244251250       -0.000138426374004        0.463434303422673       -0.463572729796677
         61.197773460576499       -0.000138426374004        0.463434303422673       -0.463572729796677
         61.318717676901755       -0.000138426374004        0.463434303422673       -0.463572729796677
         61.439661893227004       -0.000138426374004        0.463434303422673       -0.463572729796677
         61.560606109552253       -0.000138426374004        0.463434303422673       -0.463572729796677
         61.681550325877502       -0.000138426374004        0.463434303422673       -0.463572729796677
         61.802494542202751       -0.000138426374004        0.463434303422673       -0.463572729796677
         61.923438758528000       -0.000138426374004        0.463434303422673       -0.463572729796677
         62.044382974853249       -0.000138426374004        0.463434303422673       -0.463572729796677
         62.165327191178505       -0.000138426374004        0.463434303422673       -0.463572729796677
         62.286271407503754       -0.000138426374004        0.463434303422673       -0.463572729796677
         62.407215623829003       -0.000138426374004        0.463434303422673       -0.463572729796677
         62.528159840154252       -0.000138426374004        0.463434303422673       -0.463572729796677
         62.649104056479501       -0.000138426374004        0.463434303422673       -0.463572729796677
         62.770048272804750       -0.000138426374004        0.463434303422673       -0.463572729796677
         62.890992489129999       -0.000138426374004        0.463434303422673       -0.463572729796677
         63.011936705455255       -0.000138426374004        0.463434303422673       -0.463572729796677
         63.132880921780504       -0.000138426374004        0.463434303422673       -0.463572729796677
         63.253825138105753       -0.000138426374004        0.463434303422673       -0.463572729796677
         63.374769354431002       -0.000138426374004        0.463434303422673       -0.463572729796677
         63.495713570756251       -0.000138426374004        0.463434303422673       -0.463572729796677
         63.616657787081500       -0.000138426374004        0.463434303422673       -0.463572729796677
         63.737602003406749       -0.000138426374004        0.463434303422673       -0.463572729796677
         63.858546219732006       -0.000138426374004        0.463434303422673       -0.463572729796677
         63.979490436057254       -0.000138426374004        0.463434303422673       -0.463572729796677
         64.100434652382503       -0.000138426374004        0.463434303422673       -0.463572729796677
         64.221378868707745       -0.000138426374004        0.463434303422673       -0.463572729796677
         64.342323085033001       -0.000138426374004        0.463434303422673       -0.463572729796677
         64.463267301358258       -0.000138426374004        0.463434303422673       -0.463572729796677
         64.584211517683499       -0.000138426374004        0.463434303422673       -0.463572729796677
         64.705155734008756       -0.000138426374004        0.463434303422673       -0.463572729796677
         64.826099950333997       -0.000138426374004        0.463434303422673       -0.463572729796677
         64.947044166659254       -0.000138426374004        0.463434303422673       -0.463572729796677
         65.067988382984495       -0.000138426374004        0.463434303422673       -0.463572729796677
         65.188932599309751       -0.000138426374004        0.463434303422673       -0.463572729796677
         65.309876815635008       -0.000138426374004        0.463434303422673       -0.463572729796677
         65.430821031960249       -0.000138426374004        0.463434303422673       -0.463572729796677
         65.551765248285506       -0.000138426374004        0.463434303422673       -0.463572729796677
         65.672709464610747       -0.000138426374004        0.463434303422673       -0.463572729796677
         65.793653680936004       -0.000138426374004        0.463434303422673       -0.463572729796677
         65.914597897261245       -0.000138426374004        0.463434303422673       -0.463572729796677
         66.035542113586502       -0.000138426374004        0.463434303422673       -0.463572729796677
         66.156486329911758       -0.000138426374004        0.463434303422673       -0.463572729796677
         66.277430546236999       -0.000138426374004        0.463434303422673       -0.463572729796677
         66.398374762562256       -0.000138426374004        0.463434303422673       -0.463572729796677
         66.519318978887497       -0.000138426374004        0.463434303422673       -0.463572729796677
         66.640263195212754       -0.000138426374004        0.463434303422673       -0.463572729796677
         66.761207411537995       -0.000138426374004        0.463434303422673       -0.463572729796677
         66.882151627863252       -0.000138426374004        0.463434303422673       -0.463572729796677
         67.003095844188508       -0.000138426374004        0.463434303422673       -0.463572729796677
         67.124040060513749       -0.000138426374004        0.463434303422673       -0.463572729796677
         67.244984276839006       -0.000138426374004        0.463434303422673       -0.463572729796677
         67.365928493164247       -0.000138426374004        0.463434303422673       -0.463572729796677
         67.486872709489504       -0.000138426374004        0.463434303422673       -0.463572729796677
         67.607816925814745       -0.000138426374004        0.463434303422673       -0.463572729796677
         67.728761142140002       -0.000138426374004        0.463434303422673       -0.463572729796677
         67.849705358465258       -0.000138426374004        0.463434303422673       -0.463572729796677
         67.970649574790500       -0.000138426374004        0.463434303422673       -0.463572729796677
         68.091593791115756       -0.000138426374004        0.463434303422673       -0.463572729796677
         68.212538007440997       -0.000138426374004        0.463434303422673       -0.463572729796677
         68.333482223766254       -0.000138426374004        0.463434303422673       -0.463572729796677
         68.454426440091495       -0.000138426374004        0.463434303422673       -0.463572729796677
         68.575370656416752       -0.000138426374004        0.463434303422673       -0.463572729796677
         68.696314872742008       -0.000138426374004        0.463434303422673       -0.463572729796677
         68.817259089067250       -0.000138426374004        0.463434303422673       -0.463572729796677
         68.938203305392506       -0.000138426374004        0.463434303422673       -0.463572729796677
         69.059147521717748       -0.000138426374004        0.463434303422673       -0.463572729796677
         69.180091738043004       -0.000138426374004        0.463434303422673       -0.463572729796677
         69.301035954368245       -0.000138426374004        0.463434303422673       -0.463572729796677
         69.421980170693502       -0.000138426374004        0.463434303422673       -0.463572729796677
         69.542924387018758       -0.000138426374004        0.463434303422673       -0.463572729796677
         69.663868603344000       -0.000138426374004        0.463434303422673       -0.463572729796677
         69.784812819669256       -0.000138426374004        0.463434303422673       -0.463572729796677
         69.905757035994498       -0.000138426374004        0.463434303422673       -0.463572729796677
         70.026701252319754       -0.000138426374004        0.463434303422673       -0.463572729796677
         70.147645468644996       -0.000138426374004        0.463434303422673       -0.463572729796677
         70.268589684970252       -0.000138426374004        0.463434303422673       -0.463572729796677
         70.389533901295508       -0.000138426374004        0.463434303422673       -0.463572729796677
         70.510478117620750       -0.000138426374004        0.463434303422673       -0.463572729796677
         70.631422333946006       -0.000138426374004        0.463434303422673       -0.463572729796677
         70.752366550271248       -0.000138426374004        0.463434303422673       -0.463572729796677
         70.873310766596504       -0.000138426374004        0.463434303422673       -0.463572729796677
         70.994254982921746       -0.000138426374004        0.463434303422673       -0.463572729796677
         71.115199199247002       -0.000138426374004        0.463434303422673       -0.463572729796677
         71.236143415572258       -0.000138426374004        0.463434303422673       -0.463572729796677
         71.357087631897500       -0.000138426374004        0.463434303422673       -0.463572729796677
         71.478031848222756       -0.000138426374004        0.463434303422673       -0.463572729796677
         71.598976064547998       -0.000138426374004        0.463434303422673       -0.463572729796677
         71.719920280873254       -0.000138426374004        0.463434303422673       -0.463572729796677
         71.840864497198496       -0.000138426374004        0.463434303422673       -0.463572729796677
         71.961808713523752       -0.000138426374004        0.463434303422673       -0.463572729796677
         72.082752929849008       -0.000138426374004        0.463434303422673       -0.463572729796677
         72.203697146174250       -0.000138426374004        0.463434303422673       -0.463572729796677
         72.324641362499506       -0.000138426374004        0.463434303422673       -0.463572729796677
         72.445585578824748       -0.000138426374004        0.463434303422673       -0.463572729796677
         72.566529795150004       -0.000138426374004        0.463434303422673       -0.463572729796677
