#             time (fs)      |   total net charge (e)  |   charge (atom_1) (e)   |   charge (atom_2) (e)   |        ...        |   charge (atom_N) (e)   |
          0.000000000000000       -0.000000000000000       -0.000000000000000        0.000000000000000
          0.120944216325250       -0.000000000882094       -0.065187505167033        0.065187504284939
          0.241888432650500        0.000000002162876       -0.105413375804804        0.105413377967680
          0.362832648975750       -0.000000000612092       -0.103276647868203        0.103276647256111
          0.483776865301000        0.000000003488707       -0.054099188506031        0.054099191994737
          0.604721081626250        0.000000002265692        0.011289786847041       -0.011289784581349
          0.725665297951500        0.000000000153410        0.081124927810783       -0.081124927657373
          0.846609514276750        0.000000006186778        0.106719946575446       -0.106719940388668
          0.967553730602000        0.000000001794057        0.100558470854901       -0.100558469060844
          1.088497946927250        0.000000006828042        0.039019297074656       -0.039019290246614
          1.209442163252500        0.000000005825104       -0.025309416715857        0.025309422540961
          1.330386379577750        0.000000002675535       -0.093353407921492        0.093353410597027
          1.451330595903000        0.000000010548772       -0.109143844128594        0.109143854677367
          1.572274812228250        0.000000005542830       -0.092973273711809        0.092973279254639
          1.693219028553500        0.000000009839176       -0.025872251253883        0.025872261093060
          1.814163244878750        0.000000009764874        0.042411390916353       -0.042411381151479
          1.935107461204000        0.000000006140591        0.100998006022003       -0.100997999881413
          2.056051677529250        0.000000013960466        0.112691785956606       -0.112691771996140
          2.176995893854500        0.000000009581914        0.080149692169601       -0.080149682587687
          2.297940110179750        0.000000012033927        0.014844724829864       -0.014844712795937
          2.418884326505000        0.000000012934421       -0.062156972719452        0.062156985653873
          2.539828542830250        0.000000009984080       -0.103935633386276        0.103935643370356
          2.660772759155500        0.000000015376313       -0.116687935700233        0.116687951076546
          2.781716975480750        0.000000012880553       -0.062744977841967        0.062744990722520
          2.902661191806000        0.000000013474758       -0.005415999227969        0.005416012702727
          3.023605408131250        0.000000014350234        0.082936948416572       -0.082936934066338
          3.144549624456500        0.000000013348436        0.103067200498291       -0.103067187149855
          3.265493840781750        0.000000014759573        0.119370943201053       -0.119370928441480
          3.386438057107000        0.000000014366931        0.042673713161628       -0.042673698794697
          3.507382273432250        0.000000014387717       -0.004027806884002        0.004027821271719
          3.628326489757500        0.000000013957505       -0.102149697014862        0.102149710972367
          3.749270706082750        0.000000014880441       -0.100387478943817        0.100387493824257
          3.870214922408000        0.000000013145572       -0.118499286088275        0.118499299233846
          3.991159138733250        0.000000013604773       -0.022577424234990        0.022577437839764
          4.112103355058500        0.000000014477911        0.015128687304597       -0.015128672826686
          4.233047571383750        0.000000012594571        0.117381621574592       -0.117381608980022
          4.353991787709000        0.000000013767882        0.097458765800752       -0.097458752032870
          4.474936004034250        0.000000011361491        0.112773624899657       -0.112773613538166
          4.595880220359500        0.000000011361609        0.003965337413260       -0.003965326051651
          4.716824436684750        0.000000013286578       -0.028193636063376        0.028193649349954
          4.837768653010000        0.000000010898003       -0.128088056423004        0.128088067321007
          4.958712869335250        0.000000010844844       -0.094367188902473        0.094367199747318
          5.079657085660500        0.000000009491887       -0.102887648093958        0.102887657585846
          5.200601301985750        0.000000008913506        0.013286533677207       -0.013286524763701
          5.321545518311000        0.000000011101853        0.041936392899018       -0.041936381797165
          5.442489734636251        0.000000008924889        0.135210583665603       -0.135210574740713
          5.563433950961501        0.000000007872221        0.090119136679256       -0.090119128807035
          5.684378167286750        0.000000007600656        0.090372548756776       -0.090372541156120
          5.805322383612000        0.000000007007267       -0.030004082162864        0.030004089170130
          5.926266599937250        0.000000008790314       -0.055075024974555        0.055075033764869
          6.047210816262500        0.000000006878881       -0.139829690377389        0.139829697256270
          6.168155032587750        0.000000006028758       -0.084224928933538        0.084224934962296
          6.289099248913001        0.000000006139552       -0.076254554783359        0.076254560922911
          6.410043465238251        0.000000005823963        0.046282404428819       -0.046282398604856
          6.530987681563500        0.000000006947478        0.067256864813783       -0.067256857866306
          6.651931897888750        0.000000005545624        0.142054175077535       -0.142054169531911
          6.772876114214000        0.000000005410334        0.077025945419813       -0.077025940009479
          6.893820330539250        0.000000005522110        0.060500808725347       -0.060500803203238
          7.014764546864500        0.000000005441893       -0.061632998588675        0.061633004030568
          7.135708763189751        0.000000005571030       -0.078907639707321        0.078907645278351
          7.256652979515001        0.000000005736570       -0.141626852105836        0.141626857842407
          7.377597195840250        0.000000005562663       -0.069062766491886        0.069062772054548
          7.498541412165500        0.000000005633630       -0.043094934942191        0.043094940575821
          7.619485628490750        0.000000005922697        0.075783751560927       -0.075783745638230
          7.740429844816000        0.000000004522968        0.089856504639054       -0.089856500116086
          7.861374061141250        0.000000007355817        0.138773955596031       -0.138773948240215
          7.982318277466501        0.000000006174477        0.059846913367177       -0.059846907192699
          8.103262493791750        0.000000005917646        0.024791024961227       -0.024791019043581
          8.224206710117000        0.000000007014208       -0.089491109798439        0.089491116812647
          8.345150926442249        0.000000004022425       -0.098963129022806        0.098963133045231
          8.466095142767500        0.000000009244365       -0.134581029917960        0.134581039162326
          8.587039359092751        0.000000007107602       -0.048155022655693        0.048155029763294
          8.707983575418000        0.000000005936807       -0.007042459081747        0.007042465018554
          8.828927791743251        0.000000008062099        0.103689941485151       -0.103689933423053
          8.949872008068500        0.000000004430745        0.104717081189079       -0.104717076758333
          9.070816224393750        0.000000010107787        0.129856981112105       -0.129856971004318
          9.191760440718999        0.000000008068638        0.033035735707542       -0.033035727638904
          9.312704657044250        0.000000005816897       -0.009289116051072        0.009289121867969
          9.433648873369501        0.000000008340532       -0.118468083548765        0.118468091889297
          9.554593089694750        0.000000005748782       -0.106633252881048        0.106633258629830
          9.675537306020001        0.000000009432709       -0.124320499600509        0.124320509033218
          9.796481522345250        0.000000008523046       -0.015088027349098        0.015088035872144
          9.917425738670500        0.000000006068152        0.024547122806506       -0.024547116738354
         10.038369954995749        0.000000007721004        0.132210255541411       -0.132210247820407
         10.159314171321000        0.000000007284872        0.105660326343709       -0.105660319058836
         10.280258387646251        0.000000008025648        0.116168754643379       -0.116168746617731
         10.401202603971500        0.000000008118790       -0.003563188355715        0.003563196474505
         10.522146820296751        0.000000006849033       -0.040372685787911        0.040372692636945
         10.643091036622000        0.000000007092612       -0.142263464545231        0.142263471637843
         10.764035252947250        0.000000007775721       -0.103849875170313        0.103849882946034
         10.884979469272501        0.000000007265194       -0.103250114721912        0.103250121987106
         11.005923685597750        0.000000007347815        0.020248432102908       -0.020248424755093
         11.126867901923001        0.000000007508992        0.058118010419345       -0.058118002910353
         11.247812118248250        0.000000007817687        0.146494502940025       -0.146494495122338
         11.368756334573501        0.000000006764035        0.102404563570152       -0.102404556806117
         11.489700550898750        0.000000007784829        0.084832167804820       -0.084832160019991
         11.610644767224001        0.000000007587214       -0.034001201066070        0.034001208653284
         11.731588983549251        0.000000007568826       -0.077260139252517        0.077260146821343
         11.852533199874500        0.000000010138498       -0.145256537130046        0.145256547268544
         11.973477416199751        0.000000005563715       -0.100487709975190        0.100487715538905
         12.094421632525000        0.000000009149918       -0.062843225302387        0.062843234452306
         12.215365848850251        0.000000009674251        0.046069414223069       -0.046069404548818
         12.336310065175500        0.000000007667484        0.095184240054032       -0.095184232386548
         12.457254281500751        0.000000012956669        0.140843515091493       -0.140843502134825
         12.578198497826001        0.000000005978467        0.095830647255372       -0.095830641276905
         12.699142714151250        0.000000010942696        0.040341302098755       -0.040341291156059
         12.820086930476501        0.000000012991766       -0.058581439911406        0.058581452903172
         12.941031146801750        0.000000008822469       -0.109306355075913        0.109306363898382
         13.061975363127001        0.000000015347577       -0.135690614826834        0.135690630174412
         13.182919579452250        0.000000008507201       -0.086846231977276        0.086846240484477
         13.303863795777501        0.000000013101563       -0.019674355781500        0.019674368883063
         13.424808012102751        0.000000016158614        0.072658844594795       -0.072658828436181
         13.545752228428000        0.000000011216141        0.118362493854742       -0.118362482638601
         13.666696444753251        0.000000016918146        0.130918942823591       -0.130918925905444
         13.787640661078500        0.000000012267029        0.073266731906234       -0.073266719639205
         13.908584877403751        0.000000015317932        0.001572768936813       -0.001572753618881
         14.029529093729000        0.000000018012672       -0.088263091267164        0.088263109279836
         14.150473310054251        0.000000014289710       -0.122640599869182        0.122640614158892
         14.271417526379501        0.000000017536356       -0.126483479948234        0.126483497484590
         14.392361742704750        0.000000015790175       -0.056053847552850        0.056053863343025
         14.513305959030001        0.000000016849804        0.014400249869405       -0.014400233019601
         14.634250175355250        0.000000017786601        0.104316555694089       -0.104316537907488
         14.755194391680501        0.000000016974872        0.123306793611364       -0.123306776636493
         14.876138608005750        0.000000016872037        0.121294981744621       -0.121294964872585
         14.997082824331001        0.000000017524800        0.036766961817569       -0.036766944292769
         15.118027040656251        0.000000016830283       -0.029575901074941        0.029575917905224
         15.238971256981500        0.000000015359416       -0.119247415459018        0.119247430818434
         15.359915473306751        0.000000018007363       -0.122023315118135        0.122023333125498
         15.480859689632000        0.000000014680331       -0.113887422573145        0.113887437253475
         15.601803905957251        0.000000016352932       -0.017187366566858        0.017187382919790
         15.722748122282500        0.000000014701770        0.045270232319727       -0.045270217617957
         15.843692338607751        0.000000010974743        0.131377774474693       -0.131377763499950
         15.964636554933001        0.000000016606312        0.120022548067869       -0.120022531461557
         16.085580771258250        0.000000010770684        0.102914109303530       -0.102914098532846
         16.206524987583499        0.000000012075513       -0.001417744375657        0.001417756451170
         16.327469203908752        0.000000010619767       -0.062362609528163        0.062362620147930
         16.448413420234001        0.000000005144327       -0.139503450222148        0.139503455366475
         16.569357636559250        0.000000012682810       -0.118033401063531        0.118033413746342
         16.690301852884499        0.000000005410814       -0.087570061024260        0.087570066435073
         16.811246069209751        0.000000005509226        0.018019521720981       -0.018019516211755
         16.932190285535000        0.000000005400345        0.081124772672595       -0.081124767272250
         17.053134501860249       -0.000000001020007        0.142525299026248       -0.142525300046255
         17.174078718185502        0.000000006807003        0.116393714134281       -0.116393707327278
         17.295022934510751       -0.000000000210058        0.067245150887723       -0.067245151097781
         17.415967150836000       -0.000000001524096       -0.031783113021700        0.031783111497605
         17.536911367161249       -0.000000000113119       -0.101539002762824        0.101539002649705
         17.657855583486501       -0.000000005760850       -0.139770917142721        0.139770911381871
         17.778799799811750       -0.000000000090645       -0.115156621346722        0.115156621256078
         17.899744016136999       -0.000000004682408       -0.042233620081985        0.042233615399576
         18.020688232462252       -0.000000006403785        0.042466731544103       -0.042466737947888
         18.141632448787501       -0.000000004936384        0.122375011263480       -0.122375016199865
         18.262576665112750       -0.000000007558743        0.131786124666655       -0.131786132225398
         18.383520881437999       -0.000000005710191        0.112989720402748       -0.112989726112940
         18.504465097763251       -0.000000006966457        0.014554179530211       -0.014554186496667
         18.625409314088500       -0.000000007116913       -0.051565221160808        0.051565214043895
         18.746353530413749       -0.000000007337649       -0.140842091502525        0.140842084164876
         18.867297746739002       -0.000000006452266       -0.121037063203348        0.121037056751082
         18.988241963064251       -0.000000007182331       -0.107341779225680        0.107341772043350
         19.109186179389500       -0.000000006270291        0.012229834390852       -0.012229840661143
         19.230130395714749       -0.000000003635930        0.061387918578908       -0.061387922214838
         19.351074612040001       -0.000000005183485        0.153740557093636       -0.153740562277121
         19.472018828365250       -0.000000003152878        0.110139176606243       -0.110139179759121
         19.592963044690499       -0.000000003160666        0.096230075337678       -0.096230078498344
         19.713907261015752       -0.000000001627981       -0.035566315202604        0.035566313574624
         19.834851477341001        0.000000002717489       -0.072956865689482        0.072956868406971
         19.955795693666250        0.000000001876888       -0.160043500369591        0.160043502246479
         20.076739909991499        0.000000002551125       -0.099847549157563        0.099847551708688
         20.197684126316751        0.000000005154837       -0.080260960992021        0.080260966146858
         20.318628342642000        0.000000006884083        0.055367420974966       -0.055367414090883
         20.439572558967249        0.000000010806915        0.084936818637673       -0.084936807830757
         20.560516775292502        0.000000011709115        0.161137577367516       -0.161137565658401
         20.681460991617751        0.000000010860306        0.088948787745964       -0.088948776885659
         20.802405207943000        0.000000015251061        0.061757632688362       -0.061757617437301
         20.923349424268253        0.000000017254774       -0.073136116118291        0.073136133373065
         21.044293640593501        0.000000019703121       -0.095325620738848        0.095325640441969
         21.165237856918750        0.000000021528929       -0.159151325801478        0.159151347330407
         21.286182073243999        0.000000020507310       -0.076213811789853        0.076213832297163
         21.407126289569252        0.000000024641377       -0.042819030584518        0.042819055225896
         21.528070505894501        0.000000026372399        0.089911646248263       -0.089911619875864
         21.649014722219750        0.000000027532222        0.103054656806785       -0.103054629274563
         21.769958938545003        0.000000028892822        0.155175220487082       -0.155175191594260
         21.890903154870252        0.000000028631965        0.061466322230010       -0.061466293598044
         22.011847371195501        0.000000030850929        0.024117480368074       -0.024117449517145
         22.132791587520749        0.000000031643485       -0.105681338238380        0.105681369881865
         22.253735803846002        0.000000031893190       -0.108388768443092        0.108388800336282
         22.374680020171251        0.000000032314561       -0.149228058493999        0.149228090808560
         22.495624236496500        0.000000032304957       -0.045429688824325        0.045429721129282
         22.616568452821753        0.000000031873826       -0.005476927759210        0.005476959633036
         22.737512669147002        0.000000031593490        0.119833336359012       -0.119833304765522
         22.858456885472251        0.000000030821498        0.111856549599794       -0.111856518778296
         22.979401101797500        0.000000030642372        0.141001579896403       -0.141001549254031
         23.100345318122752        0.000000029843218        0.028605008327610       -0.028604978484392
         23.221289534448001        0.000000026731191       -0.013188210209809        0.013188236941000
         23.342233750773250        0.000000025903926       -0.132160889537698        0.132160915441623
         23.463177967098503        0.000000024074212       -0.113443239055113        0.113443263129325
         23.584122183423752        0.000000023328033       -0.130698860298313        0.130698883626346
         23.705066399749001        0.000000021437629       -0.010921511563191        0.010921533000820
         23.826010616074250        0.000000016291146        0.031312496154353       -0.031312479863207
         23.946954832399502        0.000000015303033        0.142755485240664       -0.142755469937632
         24.067899048724751        0.000000013290495        0.112575794877952       -0.112575781587457
         24.188843265050000        0.000000011207868        0.118584019011777       -0.118584007803908
         24.309787481375253        0.000000008836310       -0.007732705361657        0.007732714197967
         24.430731697700502        0.000000003167998       -0.048496546359978        0.048496549527976
         24.551675914025751        0.000000001568877       -0.151282185803986        0.151282187372862
         24.672620130351000        0.000000000917001       -0.109284158926743        0.109284159843745
         24.793564346676252       -0.000000003080585       -0.104234983551999        0.104234980471414
         24.914508563001501       -0.000000005123293        0.026327189625766       -0.026327194749059
         25.035452779326750       -0.000000009228035        0.065192775045630       -0.065192784273665
         25.156396995652003       -0.000000011830028        0.156150402732054       -0.156150414562082
         25.277341211977252       -0.000000010595995        0.104705305624459       -0.104705316220454
         25.398285428302501       -0.000000015334969        0.086168314949293       -0.086168330284262
         25.519229644627750       -0.000000016869119       -0.042756060768137        0.042756043899018
         25.640173860953002       -0.000000018272915       -0.082663245577034        0.082663227304119
         25.761118077278251       -0.000000020719464       -0.155302565416617        0.155302544697153
         25.882062293603500       -0.000000019251907       -0.100484188712804        0.100484169460898
         26.003006509928753       -0.000000021875355       -0.063198080333775        0.063198058458420
         26.123950726254002       -0.000000022400120        0.055172746622009       -0.055172769022129
         26.244894942579251       -0.000000022324569        0.101261289760261       -0.101261312084830
         26.365839158904500       -0.000000021851458        0.147964277849903       -0.147964299701361
         26.486783375229752       -0.000000022411731        0.096820483122664       -0.096820505534394
         26.607727591555001       -0.000000021023463        0.036186952709324       -0.036186973732787
         26.728671807880250       -0.000000019123465       -0.063942731547499        0.063942712424035
         26.849616024205503       -0.000000020010108       -0.119208438917396        0.119208418907287
         26.970560240530752       -0.000000014952228       -0.135955764578074        0.135955749625846
         27.091504456856001       -0.000000017557815       -0.091868241206533        0.091868223648718
         27.212448673181250       -0.000000012940869       -0.008312804898917        0.008312791958048
         27.333392889506502       -0.000000007501355        0.071292173389197       -0.071292180890552
         27.454337105831751       -0.000000010394933        0.133430999711063       -0.133431010105996
         27.575281322157000       -0.000000002115799        0.122289838627667       -0.122289840743466
         27.696225538482253       -0.000000004573431        0.083337207132045       -0.083337211705476
         27.817169754807502        0.000000001102164       -0.017214540727846        0.017214541830010
         27.938113971132751        0.000000009312379       -0.079195013568378        0.079195022880757
         28.059058187458000        0.000000005279569       -0.141976415755334        0.141976421034903
         28.180002403783252        0.000000014236532       -0.109001201535051        0.109001215771583
         28.300946620108501        0.000000013480790       -0.070477412191725        0.070477425672516
         28.421890836433750        0.000000018492132        0.038903779128848       -0.038903760636716
         28.542835052759003        0.000000027224743        0.088078776090179       -0.088078748865436
         28.663779269084252        0.000000023260335        0.144723433887663       -0.144723410627328
         28.784723485409501        0.000000030942463        0.096625506734301       -0.096625475791837
         28.905667701734750        0.000000031688875        0.053935196400056       -0.053935164711181
         29.026611918060002        0.000000035167218       -0.056711147789326        0.056711182956544
         29.147556134385251        0.000000042223534       -0.097526962112292        0.097527004335826
         29.268500350710500        0.000000039170480       -0.142474790955665        0.142474830126145
         29.389444567035753        0.000000044281931       -0.085069552257802        0.085069596539733
         29.510388783361002        0.000000045333200       -0.034717375872558        0.034717421205759
         29.631332999686251        0.000000046888187        0.071062148831236       -0.071062101943049
         29.752277216011500        0.000000050424891        0.106993957697062       -0.106993907272171
         29.873221432336752        0.000000049184392        0.136190417267931       -0.136190368083539
         29.994165648662001        0.000000050447703        0.073951293900576       -0.073951243452873
         30.115109864987250        0.000000050616642        0.013905757061590       -0.013905706444948
         30.236054081312503        0.000000050590098       -0.082766823904790        0.082766874494888
         30.356998297637752        0.000000049527000       -0.115599642500895        0.115599692027895
         30.477942513963001        0.000000050669186       -0.127177161798976        0.127177212468162
         30.598886730288250        0.000000047502426       -0.062274574417761        0.062274621920187
         30.719830946613502        0.000000045834428        0.006972618221424       -0.006972572386995
         30.840775162938751        0.000000045157733        0.093167206366508       -0.093167161208775
         30.961719379264000        0.000000039477946        0.121830263151422       -0.121830223673477
         31.082663595589253        0.000000042706575        0.117078965229659       -0.117078922523084
         31.203607811914502        0.000000035819474        0.048536442276744       -0.048536406457271
         31.324552028239751        0.000000031822355       -0.026134164673730        0.026134196496085
         31.445496244565000        0.000000031518117       -0.103718287939041        0.103718319457158
         31.566440460890252        0.000000022631647       -0.124047149071147        0.124047171702794
         31.687384677215501        0.000000026576358       -0.107336277453171        0.107336304029529
         31.808328893540750        0.000000018063553       -0.031515987029103        0.031516005092656
         31.929273109866003        0.000000012141301        0.042122852135037       -0.042122839993736
         32.050217326191252        0.000000012820433        0.115187651664927       -0.115187638844493
         32.171161542516501        0.000000003050441        0.121151462599850       -0.121151459549409
         32.292105758841750        0.000000006091770        0.098598893904682       -0.098598887812912
         32.413049975166999       -0.000000001543498        0.010877768092702       -0.010877769636200
         32.533994191492248       -0.000000007997509       -0.054308450372228        0.054308442374719
         32.654938407817504       -0.000000006746716       -0.127320000305463        0.127319993558747
         32.775882624142753       -0.000000014512000       -0.113092376724759        0.113092362212759
         32.896826840468002       -0.000000013519855       -0.090519839500886        0.090519825981031
         33.017771056793251       -0.000000018278125        0.012370112255893       -0.012370130534018
         33.138715273118500       -0.000000022925222        0.063188318946114       -0.063188341871337
         33.259659489443749       -0.000000022183661        0.138523335985848       -0.138523358169509
         33.380603705768998       -0.000000025878356        0.101223705615567       -0.101223731493922
         33.501547922094254       -0.000000026457691        0.081518302613733       -0.081518329071424
         33.622492138419503       -0.000000027974366       -0.035760208599162        0.035760180624795
         33.743436354744752       -0.000000028895328       -0.070515049330552        0.070515020435224
         33.864380571070001       -0.000000028899444       -0.146195163534702        0.146195134635257
         33.985324787395250       -0.000000028785559       -0.088031995745022        0.088031966959463
         34.106269003720499       -0.000000028490926       -0.069479102374792        0.069479073883866
         34.227213220045748       -0.000000027513109        0.056331878881263       -0.056331906394372
         34.348157436371004       -0.000000024897381        0.078130402208786       -0.078130427106168
         34.469101652696253       -0.000000023962320        0.148221620731897       -0.148221644694217
         34.590045869021502       -0.000000022413547        0.075479883234751       -0.075479905648298
         34.710990085346751       -0.000000018911480        0.053538962290020       -0.053538981201499
         34.831934301672000       -0.000000015920555       -0.072655391508123        0.072655375587568
         34.952878517997249       -0.000000011989259       -0.086212249783824        0.086212237794565
         35.073822734322498       -0.000000008195385       -0.144709815730768        0.144709807535382
         35.194766950647754       -0.000000007038450       -0.063508453096457        0.063508446058007
         35.315711166973003       -0.000000000280707       -0.035128535977662        0.035128535696955
         35.436655383298252        0.000000004531762        0.085630651585550       -0.085630647053789
         35.557599599623501        0.000000007620777        0.093104205993711       -0.093104198372934
         35.678543815948750        0.000000014054733        0.137760411924699       -0.137760397869966
         35.799488032273999        0.000000014830036        0.050654864531724       -0.050654849701688
         35.920432248599248        0.000000022795866        0.016835433288103       -0.016835410492236
         36.041376464924504        0.000000028601286       -0.097080814015495        0.097080842616781
         36.162320681249753        0.000000030343507       -0.096937558371008        0.096937588714515
         36.283264897575002        0.000000037284709       -0.129558906587475        0.129558943872184
         36.404209113900251        0.000000038286001       -0.035764562614456        0.035764600900456
         36.525153330225500        0.000000045070436       -0.000420453093889        0.000420498164325
         36.646097546550749        0.000000050040748        0.108073917975539       -0.108073867934791
         36.767041762875998        0.000000051013421        0.097164870042495       -0.097164819029074
         36.887985979201254        0.000000055955080        0.121028948647457       -0.121028892692377
         37.008930195526503        0.000000057187048        0.019064490950747       -0.019064433763699
         37.129874411851752        0.000000061174256       -0.013962237471025        0.013962298645281
         37.250818628177001        0.000000063811197       -0.118268232900123        0.118268296711320
         37.371762844502250        0.000000064312655       -0.094662141556217        0.094662205868872
         37.492707060827499        0.000000066069085       -0.111655900292950        0.111655966362035
         37.613651277152748        0.000000066506873       -0.001808432388794        0.001808498895667
         37.734595493478004        0.000000067014351        0.027331913135001       -0.027331846120650
         37.855539709803253        0.000000066996704        0.126584728952226       -0.126584661955521
         37.976483926128502        0.000000066417773        0.090825859563607       -0.090825793145834
         38.097428142453751        0.000000065222870        0.100550225511723       -0.100550160288853
         38.218372358779000        0.000000063789697       -0.014793508538931        0.014793572328628
         38.339316575104249        0.000000060839879       -0.040489179316877        0.040489240156756
         38.460260791429498        0.000000059162442       -0.132341596671464        0.132341655833906
         38.581205007754754        0.000000056678855       -0.086191483994409        0.086191540673264
         38.702149224080003        0.000000053381472       -0.087569757594490        0.087569810975962
         38.823093440405252        0.000000049967987        0.030621766839866       -0.030621716871878
         38.944037656730501        0.000000044312134        0.053126808317572       -0.053126764005438
         39.064981873055750        0.000000042070861        0.135871651499594       -0.135871609428733
         39.185926089380999        0.000000037948972        0.080160766532933       -0.080160728583961
         39.306870305706248        0.000000033086230        0.073465840276088       -0.073465807189858
         39.427814522031504        0.000000028605346       -0.046246969292133        0.046246997897478
         39.548758738356753        0.000000021958220       -0.064283412912858        0.064283434871078
         39.669702954682002        0.000000019364187       -0.137692229602622        0.137692248966809
         39.790647171007251        0.000000015237328       -0.072026261882246        0.072026277119573
         39.911591387332500        0.000000009376244       -0.058780206519221        0.058780215895465
         40.032535603657749        0.000000005147606        0.061687918257602       -0.061687913109996
         40.153479819982998       -0.000000000249410        0.073601339156745       -0.073601339406155
         40.274424036308254       -0.000000003327500        0.137414717241125       -0.137414720568625
         40.395368252633503       -0.000000005911537        0.062168380432018       -0.062168386343555
         40.516312468958752       -0.000000011391819        0.043045507738540       -0.043045519130360
         40.637256685284001       -0.000000014535510       -0.075679866484980        0.075679851949470
         40.758200901609250       -0.000000017112266       -0.081810978082983        0.081810960970717
         40.879145117934499       -0.000000019953743       -0.133607331572231        0.133607311618488
         41.000089334259748       -0.000000020750722       -0.052016997513825        0.052016976763104
         41.121033550585004       -0.000000023705967       -0.025154847193046        0.025154823487079
         41.241977766910253       -0.000000024938929        0.086407637133854       -0.086407662072783
         41.362921983235502       -0.000000025173066        0.089929261194300       -0.089929286367366
         41.483866199560751       -0.000000025650635        0.125047603765390       -0.125047629416025
         41.604810415886000       -0.000000025661876        0.042792044434854       -0.042792070096730
         41.725754632211249       -0.000000024757045        0.004866225096908       -0.004866249853953
         41.846698848536505       -0.000000022910910       -0.093101196491858        0.093101173580948
         41.967643064861754       -0.000000022847299       -0.097753569175713        0.097753546328414
         42.088587281187003       -0.000000018981005       -0.112187763753590        0.112187744772585
         42.209531497512252       -0.000000018734593       -0.034104896196199        0.034104877461605
         42.330475713837501       -0.000000014616131        0.016239977337278       -0.016239991953408
         42.451419930162750       -0.000000008904686        0.096940099104408       -0.096940108009094
         42.572364146487999       -0.000000010126613        0.103555217020309       -0.103555227146922
         42.693308362813255       -0.000000002144113        0.097275378508145       -0.097275380652258
         42.814252579138504       -0.000000001114437        0.024314704725478       -0.024314705839915
         42.935196795463753        0.000000004282201       -0.035499595417579        0.035499599699780
         43.056141011789002        0.000000013098939       -0.099975448984645        0.099975462083584
         43.177085228114251        0.000000010640965       -0.105297909062374        0.105297919703339
         43.298029444439500        0.000000020594294       -0.082741335222789        0.082741355817083
         43.418973660764749        0.000000022832835       -0.011917026806829        0.011917049639663
         43.539917877090005        0.000000027643854        0.050909913955380       -0.050909886311526
         43.660862093415254        0.000000037295063        0.103763192295150       -0.103763155000087
         43.781806309740503        0.000000034573522        0.102014865180910       -0.102014830607388
         43.902750526065752        0.000000043799855        0.070095495532695       -0.070095451732840
         44.023694742391001        0.000000046725068       -0.003494133970414        0.003494180695482
         44.144638958716250        0.000000049978970       -0.061731602884533        0.061731652863503
         44.265583175041499        0.000000057884790       -0.108746623055407        0.108746680940197
         44.386527391366755        0.000000055870369       -0.093890858651420        0.093890914521790
         44.507471607692004        0.000000062129611       -0.059578630721265        0.059578692850876
         44.628415824017253        0.000000064482204        0.021383592970136       -0.021383528487932
         44.749360040342502        0.000000065980904        0.068511635674193       -0.068511569693290
         44.870304256667751        0.000000070014330        0.114409985344231       -0.114409915329901
         44.991248472993000        0.000000069292119        0.082191729784347       -0.082191660492228
         45.112192689318249        0.000000071213035        0.050348167688877       -0.050348096475842
         45.233136905643505        0.000000071778156       -0.040247454842873        0.040247526621029
         45.354081121968754        0.000000071832461       -0.072770105251654        0.072770177084115
         45.475025338294003        0.000000071328820       -0.119220268568779        0.119220339897599
         45.595969554619252        0.000000071521575       -0.068846569004100        0.068846640525676
         45.716913770944501        0.000000069124449       -0.040688056868548        0.040688125992997
         45.837857987269750        0.000000067263200        0.058163159876235       -0.058163092613035
         45.958802203594999        0.000000066210655        0.076394502728239       -0.076394436517585
         46.079746419920255        0.000000062036006        0.121481639707062       -0.121481577671055
         46.200690636245504        0.000000062155587        0.055609774952816       -0.055609712797228
         46.321634852570753        0.000000056554159        0.029222771335655       -0.029222714781495
         46.442579068896002        0.000000052545627       -0.073705531696071        0.073705584241697
         46.563523285221251        0.000000050830219       -0.080367538302958        0.080367589133176
         46.684467501546500        0.000000044541724       -0.120253119119402        0.120253163661126
         46.805411717871749        0.000000044008358       -0.043094899828495        0.043094943836853
         46.926355934197005        0.000000036863402       -0.015596146255785        0.015596183119187
         47.047300150522254        0.000000031653678        0.086453871300134       -0.086453839646456
         47.168244366847503        0.000000030170253        0.084639013550780       -0.084638983380527
         47.289188583172752        0.000000022999026        0.115404018608360       -0.115403995609334
         47.410132799498001        0.000000022057892        0.031302094653806       -0.031302072595913
         47.531077015823250        0.000000015227849        0.000042041515161       -0.000042026287311
         47.652021232148499        0.000000009831663       -0.096118109390648        0.096118119222311
         47.772965448473755        0.000000009512401       -0.088973054080004        0.088973063592406
         47.893909664799004        0.000000002685137       -0.106668243528076        0.106668246213213
         48.014853881124253        0.000000001824149       -0.020511793539408        0.020511795363557
         48.135798097449502       -0.000000002876084        0.017453247961054       -0.017453250837139
         48.256742313774751       -0.000000007193304        0.102029925972752       -0.102029933166055
         48.377686530100000       -0.000000006494329        0.093511803693138       -0.093511810187467
         48.498630746425249       -0.000000011138769        0.093644562846369       -0.093644573985138
         48.619574962750505       -0.000000011751016        0.011309466687440       -0.011309478438456
         48.740519179075754       -0.000000013449679       -0.036724514656014        0.036724501206335
         48.861463395401003       -0.000000015008346       -0.103725168409689        0.103725153401342
         48.982407611726252       -0.000000014665352       -0.097990341007679        0.097990326342327
         49.103351828051501       -0.000000015270931       -0.076706925956159        0.076706910685228
         49.224296044376750       -0.000000015153712       -0.003459074708033        0.003459059554321
         49.345240260701999       -0.000000014552964        0.056536715043867       -0.056536729596832
         49.466184477027255       -0.000000011966875        0.102072474216173       -0.102072486183048
         49.587128693352504       -0.000000013082916        0.101058181633043       -0.101058194715959
         49.708072909677753       -0.000000009431699        0.057738211061622       -0.057738220493321
         49.829017126003002       -0.000000007632304       -0.004397662806684        0.004397655174380
         49.949961342328251       -0.000000006254706       -0.074543291825970        0.074543285571265
         50.070905558653500        0.000000000249054       -0.098939008114736        0.098939008363790
         50.191849774978749       -0.000000001965659       -0.100787209089386        0.100787207123727
         50.312793991304005        0.000000004360542       -0.039100967422695        0.039100971783237
         50.433738207629254        0.000000008370563        0.013809627196015       -0.013809618825452
         50.554682423954503        0.000000009328576        0.088748912728204       -0.088748903399628
         50.675626640279752        0.000000017915586        0.095985665691795       -0.095985647776209
         50.796570856605001        0.000000015661412        0.096096802617544       -0.096096786956132
         50.917515072930250        0.000000022615514        0.022429271332660       -0.022429248717146
         51.038459289255499        0.000000028102549       -0.025356994694204        0.025357022796753
         51.159403505580755        0.000000028192414       -0.098293970290453        0.098293998482867
         51.280347721906004        0.000000036740122       -0.093891588294192        0.093891625034314
         51.401291938231253        0.000000035023637       -0.086912042913060        0.086912077936697
         51.522236154556502        0.000000040964688       -0.008306078961136        0.008306119925824
         51.643180370881751        0.000000046328725        0.038984370837690       -0.038984324508964
         51.764124587207000        0.000000045574697        0.103224072356321       -0.103224026781624
         51.885068803532249        0.000000052229775        0.092903282325685       -0.092903230095910
         52.006013019857505        0.000000051188390        0.073700157121270       -0.073700105932879
         52.126957236182754        0.000000054951941       -0.003117354870753        0.003117409822694
         52.247901452508003        0.000000058513826       -0.054324102908263        0.054324161422088
         52.368845668833252        0.000000057620586       -0.103935372742120        0.103935430362707
         52.489789885158501        0.000000060797010       -0.092796094736473        0.092796155533483
         52.610734101483750        0.000000060497399       -0.057227196602697        0.057227257100095
         52.731678317808999        0.000000061429940        0.012409166469899       -0.012409105039959
         52.852622534134255        0.000000061949086        0.070521306084696       -0.070521244135610
         52.973566750459504        0.000000061968308        0.101614893475667       -0.101614831507360
         53.094510966784753        0.000000060756238        0.092512356720678       -0.092512295964441
         53.215455183110002        0.000000060996028        0.039107725060425       -0.039107664064397
         53.336399399435251        0.000000059318725       -0.021043088172169        0.021043147490894
         53.457343615760500        0.000000056502754       -0.085767209851792        0.085767266354546
         53.578287832085749        0.000000057975640       -0.098107287668880        0.098107345644520
         53.699232048411005        0.000000052891830       -0.090138352884590        0.090138405776419
         53.820176264736254        0.000000052997028       -0.021313817838853        0.021313870835880
         53.941120481061503        0.000000049751338        0.030854128931694       -0.030854079180356
         54.062064697386752        0.000000044334154        0.098169009477714       -0.098168965143560
         54.183008913712001        0.000000047101416        0.095038149499650       -0.095038102398234
         54.303953130037250        0.000000039648241        0.084121567935943       -0.084121528287702
         54.424897346362499        0.000000039032101        0.005290384599839       -0.005290345567738
         54.545841562687755        0.000000035626324       -0.042825501675892        0.042825537302216
         54.666785779013004        0.000000028875226       -0.106497346181912        0.106497375057138
         54.787729995338253        0.000000032458428       -0.093001707043679        0.093001739502107
         54.908674211663502        0.000000024444430       -0.073720910500872        0.073720934945302
         55.029618427988751        0.000000023041128        0.008359776268044       -0.008359753226917
         55.150562644314000        0.000000020800079        0.057098619279201       -0.057098598479122
         55.271506860639249        0.000000014120349        0.110189137517984       -0.110189123397636
         55.392451076964505        0.000000017798902        0.092018479992080       -0.092018462193178
         55.513395293289754        0.000000011064211        0.058824352672069       -0.058824341607858
         55.634339509615003        0.000000009239804       -0.019312423194266        0.019312432434070
         55.755283725940252        0.000000008633204       -0.073253503661538        0.073253512294742
         55.876227942265501        0.000000003729178       -0.109009662957644        0.109009666686822
         55.997172158590750        0.000000006256402       -0.091689476207920        0.091689482464322
         56.118116374915999        0.000000002494463       -0.039891848030566        0.039891850525029
         56.239060591241255        0.000000001186438        0.027779934235913       -0.027779933049475
         56.360004807566504        0.000000001390508        0.090169304197453       -0.090169302806945
         56.480949023891753       -0.000000000102515        0.103657713141925       -0.103657713244440
         56.601893240217002        0.000000000363682        0.090873655557039       -0.090873655193356
         56.722837456542251        0.000000000047935        0.018608666622251       -0.018608666574316
         56.843781672867500        0.000000000562361       -0.034911495592899        0.034911496155261
         56.964725889192749        0.000000000229465       -0.105663173472326        0.105663173701791
         57.085670105518005        0.000000002416830       -0.095891462356505        0.095891464773335
         57.206614321843254        0.000000001425464       -0.087654086173373        0.087654087598837
         57.327558538168503        0.000000003446083        0.002573122339052       -0.002573118892969
         57.448502754493752        0.000000006511367        0.042388951839598       -0.042388945328231
         57.569446970819001        0.000000005155451        0.117536111226129       -0.117536106070678
         57.690391187144250        0.000000009467958        0.087610815380143       -0.087610805912184
         57.811335403469499        0.000000008638673        0.080695513011396       -0.080695504372723
         57.932279619794755        0.000000011410296       -0.021761411207632        0.021761422617929
         58.053223836120004        0.000000016360135       -0.050973316876126        0.050973333236261
         58.174168052445253        0.000000014427531       -0.124824227968618        0.124824242396149
         58.295112268770502        0.000000019016203       -0.079531492437514        0.079531511453716
         58.416056485095751        0.000000019246098       -0.070032725024495        0.070032744270592
         58.537000701421000        0.000000021737711        0.038541020869222       -0.038540999131511
         58.657944917746249        0.000000027125795        0.060325929970435       -0.060325902844640
         58.778889134071505        0.000000024968518        0.127946156790380       -0.127946131821862
         58.899833350396754        0.000000028967133        0.071555824448918       -0.071555795481785
         59.020777566722003        0.000000029879978        0.056558939302558       -0.056558909422580
         59.141721783047252        0.000000031625181       -0.053077801858472        0.053077833483654
         59.262665999372501        0.000000036200277       -0.069876283166356        0.069876319366633
         59.383610215697750        0.000000034004590       -0.127425302873024        0.127425336877614
         59.504554432022999        0.000000037065660       -0.063648813031527        0.063648850097187
         59.625498648348255        0.000000037894582       -0.040762164849294        0.040762202743876
         59.746442864673504        0.000000038652649        0.065345904244100       -0.065345865591450
         59.867387080998753        0.000000041443225        0.079666386568312       -0.079666345125088
         59.988331297324002        0.000000039946079        0.123439970356174       -0.123439930410095
         60.109275513649251        0.000000041359121        0.056157633528253       -0.056157592169132
         60.230219729974500        0.000000041655115        0.022841246158510       -0.022841204503395
         60.351163946299749        0.000000041722116       -0.075227046905730        0.075227088627845
         60.472108162625005        0.000000041813017       -0.089610488652543        0.089610530465560
         60.593052378950254        0.000000042329446       -0.116327271773969        0.116327314103415
         60.713996595275503        0.000000041220302       -0.048764043971804        0.048764085192106
         60.834940811600752        0.000000040748300       -0.003521811571258        0.003521852319558
         60.955885027926001        0.000000040989548        0.083526729278997       -0.083526688289449
         61.076829244251250        0.000000037916630        0.098659005319942       -0.098658967403312
         61.197773460576499        0.000000041198698        0.107414661561734       -0.107414620363036
         61.318717676901755        0.000000037538343        0.040081085895650       -0.040081048357308
         61.439661893227004        0.000000036016510       -0.015440837780651        0.015440873797161
         61.560606109552253        0.000000037363080       -0.091811401648803        0.091811439011883
         61.681550325877502        0.000000031723648       -0.104854860855688        0.104854892579335
         61.802494542202751        0.000000037072723       -0.098395877738474        0.098395914811197
         61.923438758528000        0.000000032028559       -0.028319212759762        0.028319244788321
         62.044382974853249        0.000000029325889        0.032222403076912       -0.032222373751023
         62.165327191178505        0.000000032194193        0.101440096227716       -0.101440064033523
         62.286271407503754        0.000000025456442        0.106559851292263       -0.106559825835821
         62.407215623829003        0.000000031189074        0.090412686763259       -0.090412655574185
         62.528159840154252        0.000000026442541        0.012524856183624       -0.012524829741083
         62.649104056479501        0.000000022947018       -0.045689618846364        0.045689641793382
         62.770048272804750        0.000000026767759       -0.112642805173337        0.112642831941096
         62.890992489129999        0.000000020845417       -0.103067234521518        0.103067255366935
         63.011936705455255        0.000000025071761       -0.083493903301691        0.083493928373452
         63.132880921780504        0.000000022034669        0.007040760053195       -0.007040738018526
         63.253825138105753        0.000000018855628        0.055834236241623       -0.055834217385995
         63.374769354431002        0.000000022099909        0.124426885449799       -0.124426863349890
         63.495713570756251        0.000000018675133        0.095009280419948       -0.095009261744815
         63.616657787081500        0.000000020383113        0.076572197940712       -0.076572177557599
         63.737602003406749        0.000000019309348       -0.028620182043963        0.028620201353311
         63.858546219732006        0.000000017847263       -0.063793983067161        0.063794000914424
         63.979490436057254        0.000000019017715       -0.134542121874359        0.134542140892074
         64.100434652382503        0.000000018348641       -0.084255777923046        0.084255796271687
         64.221378868707745        0.000000018351828       -0.067623158516113        0.067623176867941
         64.342323085033001        0.000000018319772        0.049489414494334       -0.049489396174561
         64.463267301358258        0.000000018971693        0.071440442505684       -0.071440423533991
         64.584211517683499        0.000000018301141        0.140499454831819       -0.140499436530678
         64.705155734008756        0.000000018612608        0.073030587783422       -0.073030569170814
         64.826099950333997        0.000000018957954        0.055051718543635       -0.055051699585681
         64.947044166659254        0.000000019061216       -0.067411103564803        0.067411122626019
         65.067988382984495        0.000000020420594       -0.079734088859246        0.079734109279839
         65.188932599309751        0.000000019716575       -0.141182022268296        0.141182041984871
         65.309876815635008        0.000000018908930       -0.062142826777695        0.062142845686625
         65.430821031960249        0.000000020817477       -0.039079367267997        0.039079388085474
         65.551765248285506        0.000000021033946        0.082192702301289       -0.082192681267343
         65.672709464610747        0.000000021203908        0.087860223582059       -0.087860202378151
         65.793653680936004        0.000000021757496        0.137659755931205       -0.137659734173709
         65.914597897261245        0.000000019478894        0.050739224547418       -0.050739205068524
         66.035542113586502        0.000000022432211        0.021682010539979       -0.021681988107767
         66.156486329911758        0.000000022983774       -0.095121499029541        0.095121522013315
         66.277430546236999        0.000000021482420       -0.094022556405155        0.094022577887575
         66.398374762562256        0.000000022937824       -0.131843941756914        0.131843964694738
         66.519318978887497        0.000000020395061       -0.037528981973836        0.037529002368897
         66.640263195212754        0.000000023141998       -0.004786226544681        0.004786249686679
         66.761207411537995        0.000000023709478        0.107430576583509       -0.107430552874031
         66.882151627863252        0.000000021648244        0.097185746319380       -0.097185724671136
         67.003095844188508        0.000000022881582        0.124961011208301       -0.124960988326719
         67.124040060513749        0.000000021312106        0.022251094380489       -0.022251073068383
         67.244984276839006        0.000000023016334       -0.010908019594030        0.010908042610363
         67.365928493164247        0.000000023139476       -0.119146441999499        0.119146465138974
         67.486872709489504        0.000000021872608       -0.097624751092874        0.097624772965482
         67.607816925814745        0.000000022360105       -0.116863440496184        0.116863462856289
         67.728761142140002        0.000000021980760       -0.005723553650526        0.005723575631286
         67.849705358465258        0.000000022427346        0.025998249446474       -0.025998227019127
         67.970649574790500        0.000000022340834        0.129427052876083       -0.129427030535248
         68.091593791115756        0.000000022188855        0.096415877187765       -0.096415854998910
         68.212538007440997        0.000000022420418        0.106808551266940       -0.106808528846522
         68.333482223766254        0.000000022651989       -0.010954602014661        0.010954624666650
         68.454426440091495        0.000000021896787       -0.041157616056152        0.041157637952939
         68.575370656416752        0.000000022660083       -0.137508572683730        0.137508595343813
         68.696314872742008        0.000000022966302       -0.094063980337468        0.094064003303770
         68.817259089067250        0.000000023582908       -0.094513092610164        0.094513116193072
         68.938203305392506        0.000000023940745        0.027570927238860       -0.027570903298115
         69.059147521717748        0.000000022187641        0.056170302019383       -0.056170279831742
         69.180091738043004        0.000000024590892        0.143548191104838       -0.143548166513946
         69.301035954368245        0.000000024960396        0.090015856265515       -0.090015831305118
         69.421980170693502        0.000000025689820        0.080607341604102       -0.080607315914281
         69.542924387018758        0.000000026238070       -0.044637067352678        0.044637093590748
         69.663868603344000        0.000000024150481       -0.070015003232968        0.070015027383449
         69.784812819669256        0.000000027557048       -0.147979247155578        0.147979274712626
         69.905757035994498        0.000000028526425       -0.083385015996886        0.083385044523311
         70.026701252319754        0.000000028389894       -0.065642073027861        0.065642101417754
         70.147645468644996        0.000000029255815        0.062289519004550       -0.062289489748735
         70.268589684970252        0.000000028039471        0.082144448353987       -0.082144420314516
         70.389533901295508        0.000000030635299        0.150423429667275       -0.150423399031977
         70.510478117620750        0.000000032867131        0.074334798211827       -0.074334765344696
         70.631422333946006        0.000000031487459        0.049172353364834       -0.049172321877375
         70.752366550271248        0.000000032242818       -0.079216467190029        0.079216499432847
         70.873310766596504        0.000000032781429       -0.093182956102188        0.093182988883617
         70.994254982921746        0.000000033300497       -0.149162429761533        0.149162463062030
         71.115199199247002        0.000000036138593       -0.064350934504701        0.064350970643294
         71.236143415572258        0.000000034538647       -0.029751477017099        0.029751511555746
         71.357087631897500        0.000000034684158        0.093122475795247       -0.093122441111089
         71.478031848222756        0.000000036012434        0.104456790401693       -0.104456754389259
         71.598976064547998        0.000000035449810        0.142259977178300       -0.142259941728490
         71.719920280873254        0.000000036755632        0.055170280421400       -0.055170243665768
         71.840864497198496        0.000000036303925        0.006513096530188       -0.006513060226263
         71.961808713523752        0.000000036445638       -0.102413901202629        0.102413937648267
         72.082752929849008        0.000000035641256       -0.116198130458493        0.116198166099749
         72.203697146174250        0.000000036404055       -0.129403247026816        0.129403283430871
         72.324641362499506        0.000000034696882       -0.046872100333637        0.046872135030519
         72.445585578824748        0.000000035286911        0.019279997115242       -0.019279961828331
         72.566529795150004        0.000000036888402        0.107809006591312       -0.107808969702910
