#             time (fs)      |   total net charge (e)  |   charge (atom_1) (e)   |   charge (atom_2) (e)   |        ...        |   charge (atom_N) (e)   |
          0.000000000000000       -0.000000000000000       -0.000000000000000        0.000000000000000
          0.120944216325250        0.000000025561135       -0.143563276164243        0.143563301725378
          0.241888432650500        0.000000000509818        0.104714385208828       -0.104714384699010
          0.362832648975750       -0.000000093807518        0.052887860183365       -0.052887953990883
          0.483776865301000       -0.000000114531119       -0.116772745071814        0.116772630540695
          0.604721081626250       -0.000000088092924       -0.006093741267609        0.006093653174685
          0.725665297951500       -0.000000077865978        0.170404101482698       -0.170404179348676
          0.846609514276750       -0.000000091106098       -0.181628561547496        0.181628470441398
          0.967553730602000       -0.000000123999369        0.043323540691283       -0.043323664690651
          1.088497946927250       -0.000000124599841        0.054356348065299       -0.054356472665140
          1.209442163252500       -0.000000115857962        0.024735421224089       -0.024735537082051
          1.330386379577750       -0.000000116273998       -0.185521350898779        0.185521234624781
          1.451330595903000       -0.000000113648158        0.225949247117564       -0.225949360765722
          1.572274812228250       -0.000000109285082       -0.093806445886831        0.093806336601750
          1.693219028553500       -0.000000120148539       -0.047629694336286        0.047629574187747
          1.814163244878750       -0.000000139562820        0.023964238727523       -0.023964378290343
          1.935107461204000       -0.000000110616018        0.124029702859686       -0.124029813475703
          2.056051677529250       -0.000000084212106       -0.194783043369456        0.194782959157350
          2.176995893854500       -0.000000102830173        0.081936379957963       -0.081936482788135
          2.297940110179750       -0.000000146598068        0.086085185605566       -0.086085332203634
          2.418884326505000       -0.000000187347652       -0.104291199844176        0.104291012496524
          2.539828542830250       -0.000000134120636       -0.042897092962069        0.042896958841433
          2.660772759155500       -0.000000091486521        0.160915659856573       -0.160915751343094
          2.781716975480750       -0.000000143528497       -0.089997620312231        0.089997476783735
          2.902661191806000       -0.000000212509707       -0.086684120999541        0.086683908489834
          3.023605408131250       -0.000000284629250        0.141509632138080       -0.141509916767330
          3.144549624456500       -0.000000258577971        0.002949131975688       -0.002949390553660
          3.265493840781750       -0.000000206301701       -0.170673631811241        0.170673425509541
          3.386438057107000       -0.000000256557597        0.153184816421520       -0.153185072979116
          3.507382273432250       -0.000000327247924        0.022944395922268       -0.022944723170192
          3.628326489757500       -0.000000424810035       -0.120135652050814        0.120135227240779
          3.749270706082750       -0.000000467824201       -0.004666951670204        0.004666483846003
          3.870214922408000       -0.000000446598655        0.208643662000159       -0.208644108598814
          3.991159138733250       -0.000000474516295       -0.242464508175384        0.242464033659088
          4.112103355058500       -0.000000497865989        0.066857548159116       -0.066858046025105
          4.233047571383750       -0.000000553499286        0.091020611346783       -0.091021164846069
          4.353991787709000       -0.000000633496365       -0.025180754214534        0.025180120718169
          4.474936004034250       -0.000000674676108       -0.176236354865150        0.176235680189042
          4.595880220359500       -0.000000716457665        0.240122634174750       -0.240123350632415
          4.716824436684750       -0.000000725787487       -0.060446979338287        0.060446253550800
          4.837768653010000       -0.000000729571803       -0.162989725190121        0.162988995618317
          4.958712869335250       -0.000000764944710        0.175010648502046       -0.175011413446756
          5.079657085660500       -0.000000789311506        0.010402104042988       -0.010402893354494
          5.200601301985750       -0.000000804295492       -0.125978748406161        0.125977944110669
          5.321545518311000       -0.000000803562155       -0.001359363161881        0.001358559599726
          5.442489734636251       -0.000000798717504        0.223266675031503       -0.223267473749007
          5.563433950961501       -0.000000784739568       -0.262513228774973        0.262512444035406
          5.684378167286750       -0.000000773750402        0.066507779052197       -0.066508552802599
          5.805322383612000       -0.000000752606452        0.127821215261493       -0.127821967867945
          5.926266599937250       -0.000000692840430       -0.094982297075085        0.094981604234655
          6.047210816262500       -0.000000620686564       -0.092463758449407        0.092463137762844
          6.168155032587750       -0.000000522817431        0.162988546774509       -0.162989069591941
          6.289099248913001       -0.000000456838166       -0.000792263182430        0.000791806344263
          6.410043465238251       -0.000000418583402       -0.209387790361973        0.209387371778570
          6.530987681563500       -0.000000325138021        0.224171397294693       -0.224171722432714
          6.651931897888750       -0.000000224253882       -0.047140140860080        0.047139916606198
          6.772876114214000       -0.000000072038616       -0.081247165018093        0.081247092979477
          6.893820330539250        0.000000105499956       -0.006457603981979        0.006457709481935
          7.014764546864500        0.000000230295786        0.193330215438591       -0.193329985142805
          7.135708763189751        0.000000364595152       -0.239345879048048        0.239346243643200
          7.256652979515001        0.000000461010735        0.088945143374726       -0.088944682363991
          7.377597195840250        0.000000593762069        0.066647269510664       -0.066646675748595
          7.498541412165500        0.000000817628543       -0.035228880888986        0.035229698517528
          7.619485628490750        0.000001012690809       -0.133297561656097        0.133298574346907
          7.740429844816000        0.000001183940107        0.218794829181741       -0.218793645241634
          7.861374061141250        0.000001294768424       -0.116652184485460        0.116653479253884
          7.982318277466501        0.000001402395564       -0.037352173451055        0.037353575846619
          8.103262493791750        0.000001601089052        0.044888838469074       -0.044887237380022
          8.224206710117000        0.000001781221222        0.103522217835702       -0.103520436614480
          8.345150926442249        0.000001916195236       -0.219891602476519        0.219893518671755
          8.466095142767500        0.000002014895914        0.164023903491067       -0.164021888595152
          8.587039359092751        0.000002103392671       -0.015326798749777        0.015328902142448
          8.707983575418000        0.000002232613782       -0.033055239949301        0.033057472563083
          8.828927791743251        0.000002327655719       -0.079079382354597        0.079081710010316
          8.949872008068500        0.000002378223113        0.202653027948062       -0.202650649724950
          9.070816224393750        0.000002420733058       -0.174262756233499        0.174265176966557
          9.191760440718999        0.000002450400964        0.020063234827552       -0.020060784426587
          9.312704657044250        0.000002464955680        0.077586995020124       -0.077584530064443
          9.433648873369501        0.000002457537760       -0.013065687692292        0.013068145230052
          9.554593089694750        0.000002443980290       -0.108176074652016        0.108178518632306
          9.675537306020001        0.000002395901181        0.108606901699024       -0.108604505797843
          9.796481522345250        0.000002311904473        0.036830319513632       -0.036828007609159
          9.917425738670500        0.000002216044464       -0.163689580153999        0.163691796198463
         10.038369954995749        0.000002132212950        0.128681671970264       -0.128679539757315
         10.159314171321000        0.000002063415326        0.007358571188556       -0.007356507773230
         10.280258387646251        0.000001916926612       -0.057024416506879        0.057026333433491
         10.401202603971500        0.000001736381633       -0.057227718634822        0.057229455016455
         10.522146820296751        0.000001585560845        0.198160010714774       -0.198158425153929
         10.643091036622000        0.000001446696671       -0.189682314014341        0.189683760711013
         10.764035252947250        0.000001327621051        0.043102811227805       -0.043101483606754
         10.884979469272501        0.000001134541415        0.053824176324972       -0.053823041783557
         11.005923685597750        0.000000906966106        0.027431032960442       -0.027430125994335
         11.126867901923001        0.000000735071356       -0.184665243313383        0.184665978384739
         11.247812118248250        0.000000575705771        0.213345575397031       -0.213344999691259
         11.368756334573501        0.000000458445600       -0.069062965086214        0.069063423531814
         11.489700550898750        0.000000305462827       -0.072379192193966        0.072379497656793
         11.610644767224001        0.000000088610679        0.034904836433566       -0.034904747822888
         11.731588983549251       -0.000000090677802        0.126636242253354       -0.126636332931156
         11.852533199874500       -0.000000248134452       -0.190410051209872        0.190409803075420
         11.973477416199751       -0.000000343428869        0.053566799676402       -0.053567143105271
         12.094421632525000       -0.000000414767452        0.132895099406417       -0.132895514173869
         12.215365848850251       -0.000000544040063       -0.152907044664905        0.152906500624842
         12.336310065175500       -0.000000667144756        0.001384937430633       -0.001385604575389
         12.457254281500751       -0.000000779235377        0.103800186740016       -0.103800965975393
         12.578198497826001       -0.000000855830003       -0.003045459037560        0.003044603207557
         12.699142714151250       -0.000000892814069       -0.193730446234918        0.193729553420849
         12.820086930476501       -0.000000934014004        0.246315933950436       -0.246316867964440
         12.941031146801750       -0.000000962015459       -0.089639021535683        0.089638059520224
         13.061975363127001       -0.000000985937126       -0.082503301774892        0.082502315837767
         13.182919579452250       -0.000001004126645        0.063368537374739       -0.063369541501384
         13.303863795777501       -0.000001002215411        0.100467381992819       -0.100468384208230
         13.424808012102751       -0.000000983602424       -0.170539809564423        0.170538825961999
         13.545752228428000       -0.000000964389877        0.027782424355977       -0.027783388745855
         13.666696444753251       -0.000000952863317        0.174481611077425       -0.174482563940742
         13.787640661078500       -0.000000918385662       -0.207690562820359        0.207689644434697
         13.908584877403751       -0.000000874427661        0.055798564178021       -0.055799438605682
         14.029529093729000       -0.000000809494778        0.068175414624936       -0.068176224119715
         14.150473310054251       -0.000000731418043        0.002243848243688       -0.002244579661730
         14.271417526379501       -0.000000683454588       -0.174413638408440        0.174412954953852
         14.392361742704750       -0.000000630608119        0.223612919118948       -0.223613549727067
         14.513305959030001       -0.000000607104999       -0.082689091743560        0.082688484638560
         14.634250175355250       -0.000000575839312       -0.078212243711035        0.078211667871723
         14.755194391680501       -0.000000476878639        0.070832550336836       -0.070833027215475
         14.876138608005750       -0.000000380032967        0.074231637555783       -0.074232017588750
         14.997082824331001       -0.000000294451612       -0.153597417679328        0.153597123227715
         15.118027040656251       -0.000000274927924        0.056732846300507       -0.056733121228431
         15.238971256981500       -0.000000299956673        0.098905432262998       -0.098905732219671
         15.359915473306751       -0.000000246283529       -0.124878397780986        0.124878151497457
         15.480859689632000       -0.000000160553987       -0.001119092066964        0.001118931512977
         15.601803905957251       -0.000000080638301        0.111470615434409       -0.111470696072710
         15.722748122282500       -0.000000060021569       -0.067747901366470        0.067747841344901
         15.843692338607751       -0.000000110127655       -0.065674574426424        0.065674464298769
         15.964636554933001       -0.000000100246599        0.112304840705425       -0.112304940952023
         16.085580771258250       -0.000000045262055       -0.006860883753746        0.006860838491692
         16.206524987583499       -0.000000004308010       -0.124334909866939        0.124334905558929
         16.327469203908752       -0.000000004511748        0.128681352978299       -0.128681357490047
         16.448413420234001       -0.000000046710899       -0.020626546501660        0.020626499790760
         16.569357636559250       -0.000000047972875       -0.044439412677679        0.044439364704804
         16.690301852884499       -0.000000024199659       -0.031402531512555        0.031402507312895
         16.811246069209751       -0.000000023583839        0.163031919173078       -0.163031942756918
         16.932190285535000       -0.000000033203904       -0.193348714975350        0.193348681771446
         17.053134501860249       -0.000000040356599        0.092217540362741       -0.092217580719339
         17.174078718185502       -0.000000040166966        0.009518283420595       -0.009518323587561
         17.295022934510751       -0.000000041619812        0.013823336311172       -0.013823377930984
         17.415967150836000       -0.000000030900714       -0.120994812155141        0.120994781254427
         17.536911367161249       -0.000000012118116        0.159770947391462       -0.159770959509578
         17.657855583486501       -0.000000007437194       -0.061185360167043        0.061185352729849
         17.778799799811750       -0.000000011494407       -0.070512379928127        0.070512368433720
         17.899744016136999        0.000000002652056        0.087814959977470       -0.087814957325414
         18.020688232462252        0.000000073370877        0.010742402628604       -0.010742329257727
         18.141632448787501        0.000000132021574       -0.080355492633247        0.080355624654821
         18.262576665112750        0.000000138831056        0.013214129036627       -0.013213990205571
         18.383520881437999        0.000000155708940        0.120747623914936       -0.120747468205996
         18.504465097763251        0.000000204632012       -0.160180623159382        0.160180827791394
         18.625409314088500        0.000000312852177        0.060512880978035       -0.060512568125858
         18.746353530413749        0.000000406173847        0.047580926260923       -0.047580520087076
         18.867297746739002        0.000000430373446       -0.021231226189524        0.021231656562969
         18.988241963064251        0.000000467428865       -0.109269784840263        0.109270252269128
         19.109186179389500        0.000000528898667        0.174324507822758       -0.174323978924091
         19.230130395714749        0.000000643853913       -0.083043861072196        0.083044504926109
         19.351074612040001        0.000000772397020       -0.058137698147584        0.058138470544603
         19.472018828365250        0.000000826815643        0.077916952463272       -0.077916125647629
         19.592963044690499        0.000000864262873        0.039982226916224       -0.039981362653351
         19.713907261015752        0.000000906163563       -0.129412252684999        0.129413158848562
         19.834851477341001        0.000000980965058        0.054829367780714       -0.054828386815656
         19.955795693666250        0.000001094487830        0.111270819649460       -0.111269725161630
         20.076739909991499        0.000001168957512       -0.178041811926358        0.178042980883871
         20.197684126316751        0.000001218797935        0.078053987934484       -0.078052769136549
         20.318628342642000        0.000001255224341        0.043633183628328       -0.043631928403987
         20.439572558967249        0.000001281975514       -0.014584511302860        0.014585793278374
         20.560516775292502        0.000001321214724       -0.138764278986323        0.138765600201046
         20.681460991617751        0.000001351942133        0.222619316521421       -0.222617964579288
         20.802405207943000        0.000001378796972       -0.123976643441906        0.123978022238878
         20.923349424268253        0.000001397337503       -0.044810154986848        0.044811552324352
         21.044293640593501        0.000001399740217        0.088156626514195       -0.088155226773978
         21.165237856918750        0.000001396499377        0.023625228899395       -0.023623832400018
         21.286182073243999        0.000001388279339       -0.117280432908704        0.117281821188044
         21.407126289569252        0.000001368720640        0.043578350571136       -0.043576981850496
         21.528070505894501        0.000001323151905        0.129331693721451       -0.129330370569546
         21.649014722219750        0.000001279823699       -0.205276517708457        0.205277797532156
         21.769958938545003        0.000001238878793        0.109059222947043       -0.109057984068250
         21.890903154870252        0.000001198823667        0.021288054219541       -0.021286855395875
         22.011847371195501        0.000001173212032       -0.013492797517639        0.013493970729671
         22.132791587520749        0.000001123223584       -0.118668948025474        0.118670071249058
         22.253735803846002        0.000001060788427        0.199164638921557       -0.199163578133130
         22.374680020171251        0.000000976087572       -0.119715770939172        0.119716747026744
         22.495624236496500        0.000000876748591       -0.025614318338679        0.025615195087270
         22.616568452821753        0.000000834557181        0.064187626363239       -0.064186791806058
         22.737512669147002        0.000000814670665        0.036873729455703       -0.036872914785038
         22.858456885472251        0.000000785578965       -0.133647516713084        0.133648302292049
         22.979401101797500        0.000000719659909        0.095250395141350       -0.095249675481442
         23.100345318122752        0.000000604301768        0.031490012773305       -0.031489408471537
         23.221289534448001        0.000000544310687       -0.088721445234253        0.088721989544940
         23.342233750773250        0.000000540056240        0.008242635453100       -0.008242095396860
         23.463177967098503        0.000000537945493        0.104942450046580       -0.104941912101087
         23.584122183423752        0.000000505707773       -0.111376210534042        0.111376716241815
         23.705066399749001        0.000000423727777        0.014481052673661       -0.014480628945884
         23.826010616074250        0.000000381462321        0.050745505494287       -0.050745124031967
         23.946954832399502        0.000000395152001        0.009071261798346       -0.009070866646344
         24.067899048724751        0.000000401672957       -0.127859576640028        0.127859978312985
         24.188843265050000        0.000000387237326        0.167152878402452       -0.167152491165125
         24.309787481375253        0.000000357480967       -0.092202837912547        0.092203195393515
         24.430731697700502        0.000000354139724        0.010200286761450       -0.010199932621726
         24.551675914025751        0.000000369234278       -0.031760296466751        0.031760665701029
         24.672620130351000        0.000000367702781        0.128682129415544       -0.128681761712763
         24.793564346676252        0.000000364037310       -0.171727375283531        0.171727739320840
         24.914508563001501        0.000000364235557        0.095617396037515       -0.095617031801958
         25.035452779326750        0.000000360585326        0.019155152264461       -0.019154791679135
         25.156396995652003        0.000000352247653       -0.047198010293050        0.047198362540703
         25.277341211977252        0.000000358320452       -0.021906047336578        0.021906405657030
         25.398285428302501        0.000000364622237        0.073425695406648       -0.073425330784411
         25.519229644627750        0.000000337406515       -0.014801274694296        0.014801612100811
         25.640173860953002        0.000000298780495       -0.103946905797740        0.103947204578235
         25.761118077278251        0.000000271142054        0.151290269187441       -0.151289998045387
         25.882062293603500        0.000000271082576       -0.082795210427604        0.082795481510180
         26.003006509928753        0.000000249381348       -0.001914634905544        0.001914884286892
         26.123950726254002        0.000000171986256       -0.016416480838634        0.016416652824890
         26.244894942579251        0.000000105054730        0.123165095312113       -0.123164990257383
         26.365839158904500        0.000000058924284       -0.185964611520800        0.185964670445084
         26.486783375229752        0.000000023696117        0.124893441326126       -0.124893417630009
         26.607727591555001       -0.000000029675127       -0.016568396491448        0.016568366816321
         26.728671807880250       -0.000000139265543        0.000558851417402       -0.000558990682944
         26.849616024205503       -0.000000236850589       -0.099745877143317        0.099745640292728
         26.970560240530752       -0.000000310857150        0.186301294494916       -0.186301605352067
         27.091504456856001       -0.000000370641420       -0.144446525268425        0.144446154627005
         27.212448673181250       -0.000000422009669        0.019860710993247       -0.019861133002917
         27.333392889506502       -0.000000522148462        0.035259230945677       -0.035259753094139
         27.454337105831751       -0.000000637514098        0.043200934605567       -0.043201572119665
         27.575281322157000       -0.000000735325131       -0.143343376618468        0.143342641293337
         27.696225538482253       -0.000000812273207        0.118925355970713       -0.118926168243919
         27.817169754807502       -0.000000852855966        0.021309923401503       -0.021310776257469
         27.938113971132751       -0.000000908701556       -0.121941824700795        0.121940915999239
         28.059058187458000       -0.000000984620783        0.077146402164738       -0.077147386785521
         28.180002403783252       -0.000001052052257        0.032232119579203       -0.032233171631460
         28.300946620108501       -0.000001106653627       -0.041364330366623        0.041363223712996
         28.421890836433750       -0.000001136253610       -0.083367867508060        0.083366731254450
         28.542835052759003       -0.000001154992232        0.198222132596681       -0.198223287588913
         28.663779269084252       -0.000001167686294       -0.165246488335182        0.165245320648888
         28.784723485409501       -0.000001171248285        0.027647135372785       -0.027648306621070
         28.905667701734750       -0.000001162792872        0.045290817667170       -0.045291980460042
         29.026611918060002       -0.000001135098835        0.025386582409562       -0.025387717508397
         29.147556134385251       -0.000001091212678       -0.127614450402129        0.127613359189451
         29.268500350710500       -0.000001036577804        0.106026818048794       -0.106027854626598
         29.389444567035753       -0.000000992580006        0.036674148379350       -0.036675140959356
         29.510388783361002       -0.000000934771375       -0.144739213242682        0.144738278471308
         29.631332999686251       -0.000000843567913        0.107615728135519       -0.107616571703433
         29.752277216011500       -0.000000731940761        0.002137322977661       -0.002138054918423
         29.873221432336752       -0.000000597065191       -0.025274088946475        0.025273491881284
         29.994165648662001       -0.000000480513127       -0.078745355983723        0.078744875470596
         30.115109864987250       -0.000000377434125        0.184034422526231       -0.184034799960356
         30.236054081312503       -0.000000260144174       -0.164068350240317        0.164068090096143
         30.356998297637752       -0.000000135802415        0.051005800655083       -0.051005936457498
         30.477942513963001        0.000000030646504        0.008819179686997       -0.008819149040492
         30.598886730288250        0.000000207555538        0.057992232864833       -0.057992025309295
         30.719830946613502        0.000000352966515       -0.161558740510875        0.161559093477390
         30.840775162938751        0.000000484376645        0.169581089444207       -0.169580605067562
         30.961719379264000        0.000000600035440       -0.075404006805432        0.075404606840872
         31.082663595589253        0.000000751481286        0.001469770016934       -0.001469018535648
         31.203607811914502        0.000000925093270       -0.041848554809816        0.041849479903086
         31.324552028239751        0.000001057549507        0.143291645095837       -0.143290587546330
         31.445496244565000        0.000001163797303       -0.177421699994315        0.177422863791618
         31.566440460890252        0.000001262888570        0.104004415388261       -0.104003152499691
         31.687384677215501        0.000001379216646       -0.017199729014141        0.017201108230787
         31.808328893540750        0.000001494584684        0.023257947529608       -0.023256452944924
         31.929273109866003        0.000001560451942       -0.104148763381107        0.104150323833049
         32.050217326191252        0.000001610939110        0.143301261281079       -0.143299650341969
         32.171161542516501        0.000001667126417       -0.074460088168409        0.074461755294826
         32.292105758841750        0.000001717050485       -0.035548295277934        0.035550012328418
         32.413049975166999        0.000001745425901        0.071602108581732       -0.071600363155832
         32.533994191492248        0.000001752091548       -0.016725088709246        0.016726840800795
         32.654938407817504        0.000001751545756       -0.030166755322224        0.030168506867980
         32.775882624142753        0.000001733875324       -0.017903586347445        0.017905320222769
         32.896826840468002        0.000001704444598        0.122936290840552       -0.122934586395954
         33.017771056793251        0.000001672241762       -0.168544042719731        0.168545714961493
         33.138715273118500        0.000001634996326        0.108414078822388       -0.108412443826061
         33.259659489443749        0.000001572689721       -0.024876393665402        0.024877966355124
         33.380603705768998        0.000001486715675        0.026455409521477       -0.026453922805802
         33.501547922094254        0.000001428245566       -0.108791545277730        0.108792973523296
         33.622492138419503        0.000001378776326        0.159956080529409       -0.159954701753083
         33.743436354744752        0.000001299794149       -0.104220526940702        0.104221826734851
         33.864380571070001        0.000001192615453        0.001409451584674       -0.001408258969221
         33.985324787395250        0.000001083238090        0.024812350276690       -0.024811267038600
         34.106269003720499        0.000001029188544        0.054328696409176       -0.054327667220632
         34.227213220045748        0.000000992594710       -0.133620164467248        0.133621157061958
         34.348157436371004        0.000000911188713        0.107125731513757       -0.107124820325044
         34.469101652696253        0.000000809153366       -0.005155573662834        0.005156382816200
         34.590045869021502        0.000000706894089       -0.039481318742671        0.039482025636761
         34.710990085346751        0.000000655416405       -0.037845699452248        0.037846354868653
         34.831934301672000        0.000000639493245        0.146664255318945       -0.146663615825699
         34.952878517997249        0.000000598556506       -0.154465156948117        0.154465755504623
         35.073822734322498        0.000000546036238        0.056083459250275       -0.056082913214037
         35.194766950647754        0.000000483062460        0.015754292765689       -0.015753809703228
         35.315711166973003        0.000000435333317        0.040004862209476       -0.040004426876159
         35.436655383298252        0.000000420368974       -0.157800576732138        0.157800997101112
         35.557599599623501        0.000000408863786        0.186198216404249       -0.186197807540463
         35.678543815948750        0.000000409234335       -0.081249893546936        0.081250302781270
         35.799488032273999        0.000000403475845       -0.035235722525575        0.035236126001420
         35.920432248599248        0.000000382485505        0.029414696388249       -0.029414313902744
         36.041376464924504        0.000000369072483        0.071281995096343       -0.071281626023859
         36.162320681249753        0.000000363202721       -0.111811038427031        0.111811401629752
         36.283264897575002        0.000000365762296        0.011118175381138       -0.011117809618843
         36.404209113900251        0.000000367646381        0.131150089814268       -0.131149722167887
         36.525153330225500        0.000000366810976       -0.160271035503389        0.160271402314365
         36.646097546550749        0.000000366710676        0.062010873511039       -0.062010506800363
         36.767041762875998        0.000000368956009        0.020332418524057       -0.020332049568049
         36.887985979201254        0.000000370703917        0.028789314946366       -0.028788944242449
         37.008930195526503        0.000000357939309       -0.148021308198061        0.148021666137370
         37.129874411851752        0.000000339896609        0.180710916006987       -0.180710576110378
         37.250818628177001        0.000000305346623       -0.077075605567626        0.077075910914250
         37.371762844502250        0.000000269271132       -0.043834627833200        0.043834897104332
         37.492707060827499        0.000000260867378        0.046350094746550       -0.046349833879172
         37.613651277152748        0.000000253459990        0.050640769444066       -0.050640515984076
         37.734595493478004        0.000000235023053       -0.102080315049696        0.102080550072749
         37.855539709803253        0.000000174134857        0.026034504440101       -0.026034330305245
         37.976483926128502        0.000000080770758        0.093950580665134       -0.093950499894377
         38.097428142453751        0.000000025142601       -0.119506028061398        0.119506053203999
         38.218372358779000       -0.000000004270334        0.032369563991550       -0.032369568261884
         38.339316575104249       -0.000000029133707        0.045415105317367       -0.045415134451074
         38.460260791429498       -0.000000089080830       -0.010187346971468        0.010187257890638
         38.581205007754754       -0.000000204124070       -0.092534588774357        0.092534384650287
         38.702149224080003       -0.000000292875563        0.131499738815406       -0.131500031690969
         38.823093440405252       -0.000000341042675       -0.056777169051313        0.056776828008638
         38.944037656730501       -0.000000375133142       -0.039603992023250        0.039603616890108
         39.064981873055750       -0.000000432421906        0.043547341601810       -0.043547774023715
         39.185926089380999       -0.000000538148006        0.035344086107301       -0.035344624255308
         39.306870305706248       -0.000000619645270       -0.080544339805625        0.080543720160355
         39.427814522031504       -0.000000654750946        0.017723071639653       -0.017723726390599
         39.548758738356753       -0.000000685151333        0.091321525375589       -0.091322210526922
         39.669702954682002       -0.000000731152927       -0.128223988198479        0.128223257045553
         39.790647171007251       -0.000000786767182        0.068473502447019       -0.068474289214201
         39.911591387332500       -0.000000817191375       -0.008180823907225        0.008180006715849
         40.032535603657749       -0.000000827644294        0.039951757369403       -0.039952585013696
         40.153479819982998       -0.000000838395259       -0.132982750122486        0.132981911727227
         40.274424036308254       -0.000000840145685        0.171950492925197       -0.171951333070882
         40.395368252633503       -0.000000830463638       -0.103909627542815        0.103908797079177
         40.516312468958752       -0.000000818342284        0.005310152006787       -0.005310970349070
         40.637256685284001       -0.000000800144715        0.012965846397575       -0.012966646542290
         40.758200901609250       -0.000000748225994        0.052868859057143       -0.052869607283137
         40.879145117934499       -0.000000681231597       -0.096041424059952        0.096040742828355
         41.000089334259748       -0.000000637310807        0.036267962619536       -0.036268599930342
         41.121033550585004       -0.000000598601438        0.074736434064983       -0.074737032666421
         41.241977766910253       -0.000000536380844       -0.115125415637558        0.115124879256714
         41.362921983235502       -0.000000424353091        0.049194008063323       -0.049194432416414
         41.483866199560751       -0.000000314807471        0.025707969538911       -0.025708284346382
         41.604810415886000       -0.000000256325107       -0.000774768936291        0.000774512611184
         41.725754632211249       -0.000000194980573       -0.103318220046284        0.103318025065711
         41.846698848536505       -0.000000108687814        0.158702172111584       -0.158702280799398
         41.967643064861754        0.000000018237547       -0.094502537196367        0.094502555433914
         42.088587281187003        0.000000146079345       -0.009656662101538        0.009656808180883
         42.209531497512252        0.000000213390751        0.021331845916421       -0.021331632525670
         42.330475713837501        0.000000268934526        0.074172473688314       -0.074172204753788
         42.451419930162750        0.000000337738380       -0.148850894554770        0.148851232293149
         42.572364146487999        0.000000436294616        0.094948946637738       -0.094948510343122
         42.693308362813255        0.000000559272401        0.034364184791304       -0.034363625518903
         42.814252579138504        0.000000633535385       -0.089080919164139        0.089081552699524
         42.935196795463753        0.000000673436476        0.013405867819775       -0.013405194383298
         43.056141011789002        0.000000705901432        0.077499299223957       -0.077498593322525
         43.177085228114251        0.000000746341704       -0.043405437436119        0.043406183777823
         43.298029444439500        0.000000811697061       -0.096879327440543        0.096880139137604
         43.418973660764749        0.000000862669105        0.185393289349798       -0.185392426680694
         43.539917877090005        0.000000896275858       -0.124485625411216        0.124486521687074
         43.660862093415254        0.000000919765987        0.002774344016908       -0.002773424250921
         43.781806309740503        0.000000928044845        0.016608112566986       -0.016607184522141
         43.902750526065752        0.000000935064956        0.092133415172753       -0.092132480107797
         44.023694742391001        0.000000938466573       -0.181495927437249        0.181496865903822
         44.144638958716250        0.000000937786812        0.121029429680000       -0.121028491893188
         44.265583175041499        0.000000928850667        0.034139503620041       -0.034138574769374
         44.386527391366755        0.000000919373138       -0.112230821009956        0.112231740383095
         44.507471607692004        0.000000915962929        0.042052580978459       -0.042051665015530
         44.628415824017253        0.000000915687844        0.057265354698271       -0.057264439010427
         44.749360040342502        0.000000914074952       -0.032184888977858        0.032185803052809
         44.870304256667751        0.000000885586443       -0.105882906677983        0.105883792264426
         44.991248472993000        0.000000855698004        0.197297546040785       -0.197296690342781
         45.112192689318249        0.000000835804339       -0.139344649890526        0.139345485694865
         45.233136905643505        0.000000822287134        0.015029916116332       -0.015029093829197
         45.354081121968754        0.000000842876488        0.014481776179617       -0.014480933303129
         45.475025338294003        0.000000860733942        0.084334414286346       -0.084333553552404
         45.595969554619252        0.000000862986973       -0.178333703480479        0.178334566467452
         45.716913770944501        0.000000851545042        0.143161887226733       -0.143161035681691
         45.837857987269750        0.000000821175105       -0.020599830580985        0.020600651756090
         45.958802203594999        0.000000844991077       -0.038296719412394        0.038297564403471
         46.079746419920255        0.000000907319278       -0.034742929838948        0.034743837158226
         46.200690636245504        0.000000957435725        0.140339088404194       -0.140338130968469
         46.321634852570753        0.000000980528450       -0.143119768425317        0.143120748953767
         46.442579068896002        0.000000967960664        0.043965471818391       -0.043964503857727
         46.563523285221251        0.000000997635950        0.026092961723451       -0.026091964087501
         46.684467501546500        0.000001076267008        0.026346997863195       -0.026345921596187
         46.805411717871749        0.000001136532846       -0.138428717318907        0.138429853851752
         46.926355934197005        0.000001171928977        0.173913261917255       -0.173912089988278
         47.047300150522254        0.000001188528358       -0.096665509788308        0.096666698316667
         47.168244366847503        0.000001231803464        0.011866808336682       -0.011865576533217
         47.289188583172752        0.000001293865708       -0.030524723296163        0.030526017161871
         47.410132799498001        0.000001324000227        0.126288926545038       -0.126287602544811
         47.531077015823250        0.000001341179713       -0.170301742085961        0.170303083265674
         47.652021232148499        0.000001361865898        0.095299624699997       -0.095298262834099
         47.772965448473755        0.000001380563879        0.019979367967238       -0.019977987403359
         47.893909664799004        0.000001386915619       -0.049573121186097        0.049574508101717
         48.014853881124253        0.000001384185769       -0.018663384287880        0.018664768473649
         48.135798097449502        0.000001376455341        0.070068873126879       -0.070067496671538
         48.256742313774751        0.000001342481157       -0.010283878374420        0.010285220855577
         48.377686530100000        0.000001293457716       -0.111489272769431        0.111490566227148
         48.498630746425249        0.000001244471161        0.161640222831513       -0.161638978360352
         48.619574962750505        0.000001205873206       -0.092999300534695        0.093000506407901
         48.740519179075754        0.000001138924922        0.005397653559886       -0.005396514634964
         48.861463395401003        0.000001022400298       -0.021602708947072        0.021603731347370
         48.982407611726252        0.000000922442387        0.128874829946849       -0.128873907504462
         49.103351828051501        0.000000837129090       -0.192446973655024        0.192447810784114
         49.224296044376750        0.000000738725005        0.128481884352834       -0.128481145627829
         49.345240260701999        0.000000607090462       -0.014286883817723        0.014287490908185
         49.466184477027255        0.000000432566541       -0.004265751369691        0.004266183936233
         49.587128693352504        0.000000298522874       -0.099348682402485        0.099348980925359
         49.708072909677753        0.000000190380065        0.193383343541994       -0.193383153161929
         49.829017126003002        0.000000063007369       -0.154908465487462        0.154908528494831
         49.949961342328251       -0.000000079999426        0.029091183405639       -0.029091263405065
         50.070905558653500       -0.000000264817678        0.022249916830211       -0.022250181647890
         50.191849774978749       -0.000000428008647        0.071767771847762       -0.071768199856409
         50.312793991304005       -0.000000552560259       -0.192681579057087        0.192681026496828
         50.433738207629254       -0.000000672727753        0.181164184686300       -0.181164857414053
         50.554682423954503       -0.000000769952891       -0.041735079637850        0.041734309684960
         50.675626640279752       -0.000000896486690       -0.058173038878179        0.058172142391489
         50.796570856605001       -0.000001040860300        0.000247168653914       -0.000248209514213
         50.917515072930250       -0.000001159489660        0.126631155326060       -0.126632314815719
         51.038459289255499       -0.000001256860840       -0.136610495480049        0.136609238619209
         51.159403505580755       -0.000001313833311       -0.011930869098004        0.011929555264692
         51.280347721906004       -0.000001363805369        0.158532920628448       -0.158534284433818
         51.401291938231253       -0.000001423763096       -0.141836405779756        0.141834982016659
         51.522236154556502       -0.000001468831668        0.005833425454645       -0.005834894286313
         51.643180370881751       -0.000001497708744        0.054305446592663       -0.054306944301406
         51.764124587207000       -0.000001504118982        0.054584644799040       -0.054586148918022
         51.885068803532249       -0.000001496512053       -0.199942498470947        0.199941001958894
         52.006013019857505       -0.000001476796897        0.193904598199627       -0.193906074996524
         52.126957236182754       -0.000001453466413       -0.034092432470744        0.034090979004331
         52.247901452508003       -0.000001413192204       -0.092854407136324        0.092852993944120
         52.368845668833252       -0.000001340916675        0.047697489732706       -0.047698830649381
         52.489789885158501       -0.000001251039172        0.084168062663893       -0.084169313703065
         52.610734101483750       -0.000001145609096       -0.105870443853079        0.105869298243983
         52.731678317808999       -0.000001068458731       -0.034726601308557        0.034725532849826
         52.852622534134255       -0.000000998321855        0.180162250763775       -0.180163249085629
         52.973566750459504       -0.000000888510474       -0.166667312243603        0.166666423733128
         53.094510966784753       -0.000000763120528        0.030290872477521       -0.030291635598048
         53.215455183110002       -0.000000602172913        0.041622566398018       -0.041623168570931
         53.336399399435251       -0.000000452774035        0.048540064776335       -0.048540517550370
         53.457343615760500       -0.000000346569740       -0.186474070578985        0.186473724009245
         53.578287832085749       -0.000000233005000        0.199008439598568       -0.199008672603568
         53.699232048411005       -0.000000129500854       -0.074475910113571        0.074475780612718
         53.820176264736254        0.000000016077497       -0.026595269575926        0.026595285653423
         53.941120481061503        0.000000189984423       -0.023213984440863        0.023214174425286
         54.062064697386752        0.000000311445911        0.156437489808313       -0.156437178362402
         54.183008913712001        0.000000409888415       -0.202749047270487        0.202749457158902
         54.303953130037250        0.000000490228722        0.107055709810691       -0.107055219581968
         54.424897346362499        0.000000596905319        0.005483312429517       -0.005482715524198
         54.545841562687755        0.000000733573087        0.009372458944426       -0.009371725371339
         54.666785779013004        0.000000811963820       -0.130008244183894        0.130009056147714
         54.787729995338253        0.000000862928054        0.199428061931210       -0.199427199003156
         54.908674211663502        0.000000919294884       -0.126401108864531        0.126402028159415
         55.029618427988751        0.000000986896714       -0.002471714815544        0.002472701712258
         55.150562644314000        0.000001050739724        0.033656739311195       -0.033655688571471
         55.271506860639249        0.000001067834397        0.055672167962941       -0.055671100128544
         55.392451076964505        0.000001076570924       -0.130698944169750        0.130700020740674
         55.513395293289754        0.000001093450540        0.072233650253793       -0.072232556803252
         55.634339509615003        0.000001100541128        0.071230670730487       -0.071229570189359
         55.755283725940252        0.000001096047669       -0.141873903376235        0.141874999423904
         55.876227942265501        0.000001092204743        0.074432855466727       -0.074431763261984
         55.997172158590750        0.000001085747303        0.022719527722266       -0.022718441974963
         56.118116374915999        0.000001046213996       -0.005194931171846        0.005195977385843
         56.239060591241255        0.000001010984856       -0.121710445270534        0.121711456255391
         56.360004807566504        0.000000993476341        0.205794883060400       -0.205793889584059
         56.480949023891753        0.000000979503213       -0.143404357816303        0.143405337319516
         56.601893240217002        0.000000945212331        0.013035579809728       -0.013034634597397
         56.722837456542251        0.000000870216567        0.018743837695577       -0.018742967479009
         56.843781672867500        0.000000844554935        0.089725248603650       -0.089724404048715
         56.964725889192749        0.000000860845420       -0.197476917929265        0.197477778774685
         57.085670105518005        0.000000845209636        0.160747129814913       -0.160746284605277
         57.206614321843254        0.000000807316300       -0.018462839561795        0.018463646878095
         57.327558538168503        0.000000734751021       -0.049291733377625        0.049292468128646
         57.448502754493752        0.000000717066647       -0.048877227742898        0.048877944809545
         57.569446970819001        0.000000762041640        0.191522266164962       -0.191521504123322
         57.690391187144250        0.000000774912811       -0.196795100074835        0.196795874987646
         57.811335403469499        0.000000778522297        0.054925825954234       -0.054925047431937
         57.932279619794755        0.000000744281602        0.051680276604784       -0.051679532323182
         58.053223836120004        0.000000714500755        0.020836641486767       -0.020835926986012
         58.174168052445253        0.000000742320691       -0.184451889757221        0.184452632077913
         58.295112268770502        0.000000767621546        0.226624869542533       -0.226624101920987
         58.416056485095751        0.000000819281552       -0.082024454444607        0.082025273726160
         58.537000701421000        0.000000854627649       -0.079189291202131        0.079190145829781
         58.657944917746249        0.000000839638940        0.063688087861349       -0.063687248222409
         58.778889134071505        0.000000836775485        0.092509222506162       -0.092508385730678
         58.899833350396754        0.000000837048085       -0.163790667618841        0.163791504666926
         59.020777566722003        0.000000863425868        0.027120783065429       -0.027119919639562
         59.141721783047252        0.000000901766832        0.174511921598094       -0.174511019831262
         59.262665999372501        0.000000914756126       -0.210697567493208        0.210698482249334
         59.383610215697750        0.000000924333978        0.055480718874261       -0.055479794540284
         59.504554432022999        0.000000926648063        0.076750734334313       -0.076749807686250
         59.625498648348255        0.000000927057516       -0.006489204022586        0.006490131080102
         59.746442864673504        0.000000921134590       -0.175528119901901        0.175529041036491
         59.867387080998753        0.000000911654693        0.225667349401050       -0.225666437746357
         59.988331297324002        0.000000886354798       -0.062002202850988        0.062003089205785
         60.109275513649251        0.000000851494588       -0.130941707076168        0.130942558570756
         60.230219729974500        0.000000839541140        0.135824157872315       -0.135823318331175
         60.351163946299749        0.000000827081229        0.022522271231923       -0.022521444150694
         60.472108162625005        0.000000820561248       -0.111658987508021        0.111659808069269
         60.593052378950254        0.000000782701596       -0.005557806899471        0.005558589601067
         60.713996595275503        0.000000694918419        0.195668371332962       -0.195667676414544
         60.834940811600752        0.000000633302099       -0.231453853849952        0.231454487152050
         60.955885027926001        0.000000566887874        0.080153530336838       -0.080152963448964
         61.076829244251250        0.000000527895901        0.058573099463492       -0.058572571567591
         61.197773460576499        0.000000522007158       -0.008510362566991        0.008510884574150
         61.318717676901755        0.000000465939221       -0.158946810555182        0.158947276494403
         61.439661893227004        0.000000398992928        0.224161244553020       -0.224160845560092
         61.560606109552253        0.000000291624049       -0.103252542924817        0.103252834548866
         61.681550325877502        0.000000197543789       -0.051186432512937        0.051186630056727
         61.802494542202751        0.000000193628365        0.046819321170883       -0.046819127542518
         61.923438758528000        0.000000176805919        0.104466806055248       -0.104466629249329
         62.044382974853249        0.000000132799836       -0.205968897330761        0.205969030130597
         62.165327191178505        0.000000045944621        0.132369775567405       -0.132369729622785
         62.286271407503754       -0.000000047451660        0.016000531555470       -0.016000579007130
         62.407215623829003       -0.000000051564638       -0.045493411494409        0.045493359929771
         62.528159840154252       -0.000000053331837       -0.084910850976455        0.084910797644618
         62.649104056479501       -0.000000089726208        0.211546590020327       -0.211546679746535
         62.770048272804750       -0.000000135881364       -0.179530676348630        0.179530540467266
         62.890992489129999       -0.000000174164563        0.035624519790030       -0.035624693954592
         63.011936705455255       -0.000000167395465        0.034618158725973       -0.034618326121439
         63.132880921780504       -0.000000170913172        0.056415784499223       -0.056415955412395
         63.253825138105753       -0.000000194102645       -0.184658853052862        0.184658658950217
         63.374769354431002       -0.000000200897219        0.176531309772773       -0.176531510669992
         63.495713570756251       -0.000000201514443       -0.027369795981933        0.027369594467490
         63.616657787081500       -0.000000204265579       -0.090229683845918        0.090229479580339
         63.737602003406749       -0.000000202645689        0.045654154585559       -0.045654357231248
         63.858546219732006       -0.000000173830464        0.081605427610188       -0.081605601440652
         63.979490436057254       -0.000000163966535       -0.106349609617083        0.106349445650548
         64.100434652382503       -0.000000182585574       -0.028119552709778        0.028119370124204
         64.221378868707745       -0.000000197155158        0.170692938495050       -0.170693135650208
         64.342323085033001       -0.000000183154344       -0.154598087564473        0.154597904410129
         64.463267301358258       -0.000000124222984        0.012135037870721       -0.012135162093705
         64.584211517683499       -0.000000131213326        0.064484796720825       -0.064484927934152
         64.705155734008756       -0.000000184158517        0.035827766272537       -0.035827950431054
         64.826099950333997       -0.000000198697595       -0.193374654537572        0.193374455839976
         64.947044166659254       -0.000000194609525        0.208711815386890       -0.208712009996415
         65.067988382984495       -0.000000146007939       -0.059478256223712        0.059478110215773
         65.188932599309751       -0.000000160691928       -0.066114919526216        0.066114758834288
         65.309876815635008       -0.000000246869189        0.003481588674523       -0.003481835543712
         65.430821031960249       -0.000000288870941        0.169519562457739       -0.169519851328680
         65.551765248285506       -0.000000319557483       -0.226043860241175        0.226043540683692
         65.672709464610747       -0.000000291746128        0.081682670089377       -0.081682961835504
         65.793653680936004       -0.000000276656156        0.093031356112889       -0.093031632769045
         65.914597897261245       -0.000000363916496       -0.083725369958561        0.083725006042065
         66.035542113586502       -0.000000445316711       -0.088785679401471        0.088785234084759
         66.156486329911758       -0.000000525024906        0.184781749502007       -0.184782274526913
         66.277430546236999       -0.000000551239611       -0.054354122082145        0.054353570842534
         66.398374762562256       -0.000000531111580       -0.164244537593276        0.164244006481696
         66.519318978887497       -0.000000573298209        0.215836311686194       -0.215836884984403
         66.640263195212754       -0.000000622622626       -0.052046701418560        0.052046078795934
         66.761207411537995       -0.000000682614159       -0.099732961978209        0.099732279364051
         66.882151627863252       -0.000000740280855        0.026588688546695       -0.026589428827550
         67.003095844188508       -0.000000763032635        0.187689767993409       -0.187690531026044
         67.124040060513749       -0.000000787997193       -0.266673716220754        0.266672928223561
         67.244984276839006       -0.000000798322694        0.095656602049255       -0.095657400371949
         67.365928493164247       -0.000000805783977        0.129441349441072       -0.129442155225049
         67.486872709489504       -0.000000820201440       -0.147769854511064        0.147769034309624
         67.607816925814745       -0.000000818684095       -0.033964998927604        0.033964180243508
         67.728761142140002       -0.000000797115240        0.149315659313513       -0.149316456428753
         67.849705358465258       -0.000000766022660       -0.019889823158908        0.019889057136247
         67.970649574790500       -0.000000747578015       -0.211861622843901        0.211860875265885
         68.091593791115756       -0.000000707534201        0.267787401872868       -0.267788109407069
         68.212538007440997       -0.000000669214772       -0.087026914439287        0.087026245224516
         68.333482223766254       -0.000000610150186       -0.099442443478818        0.099441833328632
         68.454426440091495       -0.000000495331218        0.063648415794458       -0.063648911125676
         68.575370656416752       -0.000000379782318        0.128172304518677       -0.128172684300995
         68.696314872742008       -0.000000244770931       -0.207434468337147        0.207434223566216
         68.817259089067250       -0.000000157074187        0.053463012217580       -0.053463169291767
         68.938203305392506       -0.000000098621767        0.157145171288252       -0.157145269910019
         69.059147521717748        0.000000049198463       -0.180695497496893        0.180695546695357
         69.180091738043004        0.000000225649852        0.012551493790433       -0.012551268140581
         69.301035954368245        0.000000442673815        0.111311799447636       -0.111311356773821
         69.421980170693502        0.000000634994815       -0.020960382779319        0.020961017774134
         69.542924387018758        0.000000735433439       -0.172963033757107        0.172963769190546
         69.663868603344000        0.000000882672103        0.231812187636368       -0.231811304964265
         69.784812819669256        0.000001055580535       -0.091421748630945        0.091422804211480
         69.905757035994498        0.000001270957211       -0.061632813676578        0.061634084633789
         70.026701252319754        0.000001507254735        0.030595783320264       -0.030594276065528
         70.147645468644996        0.000001639215705        0.139627808500034       -0.139626169284329
         70.268589684970252        0.000001768304210       -0.229293078431700        0.229294846735909
         70.389533901295508        0.000001924130147        0.124983336467146       -0.124981412336999
         70.510478117620750        0.000002100117297        0.041817073182889       -0.041814973065592
         70.631422333946006        0.000002286475657       -0.064303067607351        0.064305354083008
         70.752366550271248        0.000002380029868       -0.073183579549897        0.073185959579765
         70.873310766596504        0.000002453684918        0.181099614496108       -0.181097160811190
         70.994254982921746        0.000002555517821       -0.108353827467478        0.108356382985299
         71.115199199247002        0.000002649559130       -0.068495047719966        0.068497697279096
         71.236143415572258        0.000002720662102        0.141897799801363       -0.141895079139261
         71.357087631897500        0.000002744129211       -0.040887197110166        0.040889941239377
         71.478031848222756        0.000002754280794       -0.083024617430500        0.083027371711294
         71.598976064547998        0.000002745518505        0.050358841766035       -0.050356096247531
         71.719920280873254        0.000002715140567        0.117347369799611       -0.117344654659044
         71.840864497198496        0.000002669984034       -0.221298248519912        0.221300918503946
         71.961808713523752        0.000002615391715        0.141649907073334       -0.141647291681619
         72.082752929849008        0.000002537775868        0.011702925201154       -0.011700387425286
         72.203697146174250        0.000002394033435       -0.035894372735897        0.035896766769332
         72.324641362499506        0.000002264939509       -0.105853378357302        0.105855643296811
         72.445585578824748        0.000002157675794        0.232788593751356       -0.232786436075562
         72.566529795150004        0.000002016272211       -0.179538372203078        0.179540388475289
