#             time (fs)      |   total net charge (e)  |   charge (atom_1) (e)   |   charge (atom_2) (e)   |        ...        |   charge (atom_N) (e)   |
          0.000000000000000       -0.000000000000000       -0.000000000000000        0.000000000000000
          0.120944216325250       -0.000000052243405       -0.218141641421217        0.218141589177812
          0.241888432650500       -0.000000009736406        0.310595221300337       -0.310595231036743
          0.362832648975750       -0.000000007503189       -0.040234721036373        0.040234713533185
          0.483776865301000       -0.000000129777440        0.090654143614285       -0.090654273391724
          0.604721081626250       -0.000000081579510       -0.336594204413153        0.336594122833644
          0.725665297951500       -0.000000008921618        0.152582016686152       -0.152582025607770
          0.846609514276750       -0.000000090540405        0.004138810383616       -0.004138900924020
          0.967553730602000       -0.000000147032128        0.261237190652588       -0.261237337684716
          1.088497946927250       -0.000000079996522       -0.264201458600239        0.264201378603718
          1.209442163252500        0.000000042970506       -0.026844416995416        0.026844459965923
          1.330386379577750       -0.000000106805233       -0.095771338853161        0.095771232047928
          1.451330595903000       -0.000000171742931        0.282543782071576       -0.282543953814507
          1.572274812228250        0.000000043576090       -0.001464039464903        0.001464083040993
          1.693219028553500        0.000000052964899       -0.112264068903704        0.112264121868603
          1.814163244878750       -0.000000119773385       -0.149808377865768        0.149808258092383
          1.935107461204000       -0.000000089525461        0.026349319322743       -0.026349408848204
          2.056051677529250        0.000000086729122        0.272208400409333       -0.272208313680211
          2.176995893854500        0.000000032482543       -0.087571622216147        0.087571654698690
          2.297940110179750       -0.000000043325991       -0.031500498370338        0.031500455044346
          2.418884326505000        0.000000004521144       -0.282606007981489        0.282606012502632
          2.539828542830250        0.000000044179985        0.268390727321991       -0.268390683142006
          2.660772759155500        0.000000079068944        0.042859648980238       -0.042859569911295
          2.781716975480750        0.000000033678270        0.097523987117495       -0.097523953439225
          2.902661191806000        0.000000021776667       -0.258444788299491        0.258444810076158
          3.023605408131250        0.000000043594459       -0.071893579532992        0.071893623127451
          3.144549624456500        0.000000041193531        0.183470397042176       -0.183470355848645
          3.265493840781750        0.000000060234517        0.080044623564534       -0.080044563330017
          3.386438057107000        0.000000068991956        0.068347148655747       -0.068347079663791
          3.507382273432250        0.000000023965659       -0.344787445109362        0.344787469075021
          3.628326489757500        0.000000014011170        0.115192879335183       -0.115192865324013
          3.749270706082750        0.000000059817903        0.016017830590646       -0.016017770772743
          3.870214922408000        0.000000114934910        0.268558361430313       -0.268558246495403
          3.991159138733250        0.000000090984027       -0.197697027004942        0.197697117988968
          4.112103355058500       -0.000000018368181       -0.121620803151908        0.121620784783727
          4.233047571383750        0.000000128396516       -0.023252544690003        0.023252673086519
          4.353991787709000        0.000000295885394        0.161496919492178       -0.161496623606783
          4.474936004034250        0.000000136195597        0.153686841490229       -0.153686705294632
          4.595880220359500        0.000000145945053       -0.217726324747539        0.217726470692592
          4.716824436684750        0.000000353739387       -0.047677311775215        0.047677665514603
          4.837768653010000        0.000000440181949       -0.096600154708468        0.096600594890417
          4.958712869335250        0.000000354043434        0.329594122903219       -0.329593768859785
          5.079657085660500        0.000000423389861       -0.102249309584428        0.102249732974289
          5.200601301985750        0.000000631856376        0.014996182837886       -0.014995550981510
          5.321545518311000        0.000000670190415       -0.298398222228659        0.298398892419073
          5.442489734636251        0.000000681349302        0.240961819288685       -0.240961137939383
          5.563433950961501        0.000000779408600        0.005818636001396       -0.005817856592796
          5.684378167286750        0.000000960572736        0.182550665068750       -0.182549704496014
          5.805322383612000        0.000001003125474       -0.324592747136544        0.324593750262018
          5.926266599937250        0.000001012344219        0.065943425969875       -0.065942413625656
          6.047210816262500        0.000001194184273       -0.063110250664435        0.063111444848707
          6.168155032587750        0.000001265607516        0.321944863861617       -0.321943598254101
          6.289099248913001        0.000001283263672       -0.190176307000645        0.190177590264317
          6.410043465238251        0.000001384191529        0.004474489799348       -0.004473105607819
          6.530987681563500        0.000001458608627       -0.234966603512634        0.234968062121261
          6.651931897888750        0.000001475245219        0.294288478198192       -0.294287002952973
          6.772876114214000        0.000001512035666       -0.029480139557824        0.029481651593490
          6.893820330539250        0.000001553523324        0.102926526467653       -0.102924972944329
          7.014764546864500        0.000001555390378       -0.313472387716842        0.313473943107221
          7.135708763189751        0.000001546754472        0.110652816156488       -0.110651269402015
          7.256652979515001        0.000001512341800        0.015947579576811       -0.015946067235012
          7.377597195840250        0.000001523075488        0.228137144530650       -0.228135621455162
          7.498541412165500        0.000001491670641       -0.196444597741369        0.196446089412010
          7.619485628490750        0.000001361272275       -0.062895440857516        0.062896802129792
          7.740429844816000        0.000001331422374       -0.080769060776872        0.080770392199245
          7.861374061141250        0.000001359837244        0.238668820108653       -0.238667460271408
          7.982318277466501        0.000001164939001        0.012731907241922       -0.012730742302921
          8.103262493791750        0.000001010965683       -0.054362665566086        0.054363676531768
          8.224206710117000        0.000001122754935       -0.209723048024298        0.209724170779234
          8.345150926442249        0.000000962375899        0.107023853495102       -0.107022891119202
          8.466095142767500        0.000000692117239        0.104799411131568       -0.104798719014329
          8.587039359092751        0.000000742674046        0.124348907145543       -0.124348164471496
          8.707983575418000        0.000000742142049       -0.234598451922576        0.234599194064625
          8.828927791743251        0.000000471809082       -0.032787998137184        0.032788469946266
          8.949872008068500        0.000000328017228       -0.031080084564957        0.031080412582185
          9.070816224393750        0.000000444620146        0.301787069337142       -0.301786624716996
          9.191760440718999        0.000000323897480       -0.129824633612523        0.129824957510003
          9.312704657044250        0.000000108879821       -0.020420109468011        0.020420218347832
          9.433648873369501        0.000000099972679       -0.264386029076085        0.264386129048764
          9.554593089694750        0.000000108054460        0.281672648638815       -0.281672540584355
          9.675537306020001        0.000000090579182        0.013623742968054       -0.013623652388872
          9.796481522345250       -0.000000073018401        0.111039630537458       -0.111039703555859
          9.917425738670500       -0.000000144110705       -0.303285770169353        0.303285626058648
         10.038369954995749       -0.000000027947541        0.011490139548908       -0.011490167496449
         10.159314171321000       -0.000000061009669        0.116775839808493       -0.116775900818162
         10.280258387646251       -0.000000204753837        0.142813908323151       -0.142814113076988
         10.401202603971500       -0.000000211096213       -0.014905700254028        0.014905489157816
         10.522146820296751       -0.000000133131007       -0.293442096526797        0.293441963395790
         10.643091036622000       -0.000000163654232        0.108073599093170       -0.108073762747402
         10.764035252947250       -0.000000195720925        0.023090703753468       -0.023090899474393
         10.884979469272501       -0.000000194811613        0.281714237940822       -0.281714432752435
         11.005923685597750       -0.000000191531554       -0.258293810521029        0.258293618989475
         11.126867901923001       -0.000000193036221       -0.067275726387838        0.067275533351617
         11.247812118248250       -0.000000179558278       -0.057766986401266        0.057766806842989
         11.368756334573501       -0.000000143045680        0.215328822086436       -0.215328965132116
         11.489700550898750       -0.000000216389565        0.111037993246936       -0.111038209636501
         11.610644767224001       -0.000000236161462       -0.221137459311840        0.221137223150378
         11.731588983549251       -0.000000158549469       -0.046449220792604        0.046449062243135
         11.852533199874500       -0.000000133334467       -0.084722233083349        0.084722099748882
         11.973477416199751       -0.000000227824653        0.347781025975566       -0.347781253800219
         12.094421632525000       -0.000000278676126       -0.119674366420521        0.119674087744395
         12.215365848850251       -0.000000226601455       -0.014629804126003        0.014629577524548
         12.336310065175500       -0.000000159626395       -0.262553678778199        0.262553519151804
         12.457254281500751       -0.000000226902517        0.203959497167471       -0.203959724069987
         12.578198497826001       -0.000000399200034        0.096317860691077       -0.096318259891110
         12.699142714151250       -0.000000246435656        0.051695781688585       -0.051696028124241
         12.820086930476501       -0.000000118919000       -0.198714261526136        0.198714142607137
         12.941031146801750       -0.000000372129932       -0.092011444100815        0.092011071970883
         13.061975363127001       -0.000000383946283        0.148309675448848       -0.148310059395131
         13.182919579452250       -0.000000172772694        0.112989780636558       -0.112989953409252
         13.303863795777501       -0.000000221940266        0.018686365004316       -0.018686586944582
         13.424808012102751       -0.000000415654146       -0.242831943244925        0.242831527590779
         13.545752228428000       -0.000000280600723        0.025024771628437       -0.025025052229160
         13.666696444753251       -0.000000147326578        0.060331836684366       -0.060331984010943
         13.787640661078500       -0.000000341688896        0.210285309782755       -0.210285651471650
         13.908584877403751       -0.000000318890464       -0.157042615041601        0.157042296151137
         14.029529093729000       -0.000000162090171       -0.085794294100686        0.085794132010515
         14.150473310054251       -0.000000224455576       -0.087624804424445        0.087624579968869
         14.271417526379501       -0.000000292766728        0.219744794486115       -0.219745087252843
         14.392361742704750       -0.000000188329845        0.043761673719858       -0.043761862049703
         14.513305959030001       -0.000000151485573       -0.061751792043229        0.061751640557656
         14.634250175355250       -0.000000225766968       -0.174220371672178        0.174220145905210
         14.755194391680501       -0.000000189636603        0.029192801979572       -0.029192991616176
         14.876138608005750       -0.000000158632989        0.171921394518759       -0.171921553151748
         14.997082824331001       -0.000000168967209        0.035282476785113       -0.035282645752322
         15.118027040656251       -0.000000168302769       -0.081695992762566        0.081695824459797
         15.238971256981500       -0.000000206411029       -0.195439282611782        0.195439076200753
         15.359915473306751       -0.000000202711712        0.133691020208594       -0.133691222920306
         15.480859689632000       -0.000000163722304        0.073108644402326       -0.073108808124630
         15.601803905957251       -0.000000273224746        0.132840908150845       -0.132841181375591
         15.722748122282500       -0.000000330259879       -0.258665526624365        0.258665196364486
         15.843692338607751       -0.000000241895279        0.007918289139244       -0.007918531034522
         15.964636554933001       -0.000000369501863       -0.031114485037178        0.031114115535315
         16.085580771258250       -0.000000506585587        0.284767871512736       -0.284768378098324
         16.206524987583499       -0.000000453799494       -0.130551192615243        0.130550738815748
         16.327469203908752       -0.000000488998593       -0.044721754095939        0.044721265097346
         16.448413420234001       -0.000000718009720       -0.201177558152613        0.201176840142893
         16.569357636559250       -0.000000786080555        0.233774825457065       -0.233775611537621
         16.690301852884499       -0.000000670885413        0.050577220774262       -0.050577891659675
         16.811246069209751       -0.000000915028800        0.041552091668073       -0.041553006696873
         16.932190285535000       -0.000001139169728       -0.246782624626674        0.246781485456946
         17.053134501860249       -0.000001027436001       -0.001930929976190        0.001929902540189
         17.174078718185502       -0.000001081216177        0.134276224924408       -0.134277306140585
         17.295022934510751       -0.000001389152139        0.125158781027953       -0.125160170180092
         17.415967150836000       -0.000001487240341       -0.044012087167798        0.044010599927457
         17.536911367161249       -0.000001364544503       -0.254369320911177        0.254367956366674
         17.657855583486501       -0.000001539377575        0.095859176769247       -0.095860716146822
         17.778799799811750       -0.000001748129057        0.046306673748559       -0.046308421877616
         17.899744016136999       -0.000001748104160        0.256343141708720       -0.256344889812880
         18.020688232462252       -0.000001768356286       -0.284543536977540        0.284541768621254
         18.141632448787501       -0.000001814516069       -0.016020913212640        0.016019098696571
         18.262576665112750       -0.000001947117001       -0.106296182101747        0.106294234984746
         18.383520881437999       -0.000002014858163        0.299015528997758       -0.299017543855921
         18.504465097763251       -0.000001974210082        0.002549658891570       -0.002551633101652
         18.625409314088500       -0.000002006299335       -0.142318088884200        0.142316082584864
         18.746353530413749       -0.000002070401064       -0.115635999794828        0.115633929393764
         18.867297746739002       -0.000002075930831       -0.009894706195219        0.009892630264389
         18.988241963064251       -0.000002075583687        0.316581629343834       -0.316583704927521
         19.109186179389500       -0.000002070452403       -0.125816237628378        0.125814167175975
         19.230130395714749       -0.000002032857682       -0.018907340742863        0.018905307885181
         19.351074612040001       -0.000001999459832       -0.272378637755162        0.272376638295331
         19.472018828365250       -0.000001986353481        0.242746010305378       -0.242747996658859
         19.592963044690499       -0.000002016243860        0.085535324122839       -0.085537340366699
         19.713907261015752       -0.000001891289163        0.032507984356621       -0.032509875645784
         19.834851477341001       -0.000001734815953       -0.192123602198147        0.192121867382194
         19.955795693666250       -0.000001821307180       -0.120684197771828        0.120682376464649
         20.076739909991499       -0.000001794675772        0.224758724733318       -0.224760519409090
         20.197684126316751       -0.000001593876069        0.041361158384889       -0.041362752260958
         20.318628342642000       -0.000001476754849        0.080115389178497       -0.080116865933346
         20.439572558967249       -0.000001535723992       -0.337577325120035        0.337575789396044
         20.560516775292502       -0.000001488053601        0.124214641451396       -0.124216129504997
         20.681460991617751       -0.000001307186661       -0.002184440657792        0.002183133471131
         20.802405207943000       -0.000001206365207        0.281946298976999       -0.281947505342206
         20.923349424268253       -0.000001207611448       -0.245194322195129        0.245193114583681
         21.044293640593501       -0.000001220820701       -0.026638282793743        0.026637061973043
         21.165237856918750       -0.000000999057949       -0.133094936354101        0.133093937296153
         21.286182073243999       -0.000000896779370        0.293975388673034       -0.293976285452404
         21.407126289569252       -0.000001024041813       -0.033770744033293        0.033769719991480
         21.528070505894501       -0.000000896107888       -0.005045104494021        0.005044208386132
         21.649014722219750       -0.000000714800772       -0.261339143215439        0.261338428414667
         21.769958938545003       -0.000000767269983        0.151455971598364       -0.151456738868347
         21.890903154870252       -0.000000799646105        0.053454726506428       -0.053455526152533
         22.011847371195501       -0.000000636935941        0.169343324645448       -0.169343961581389
         22.132791587520749       -0.000000601871038       -0.263320695632343        0.263320093761305
         22.253735803846002       -0.000000681555335        0.009858557914323       -0.009859239469658
         22.374680020171251       -0.000000598018655       -0.068439899680662        0.068439301662008
         22.495624236496500       -0.000000556497551        0.308839069276552       -0.308839625774104
         22.616568452821753       -0.000000586802671       -0.142689875537238        0.142689288734567
         22.737512669147002       -0.000000571845103        0.008591432753283       -0.008592004598386
         22.858456885472251       -0.000000557219072       -0.261362501293882        0.261361944074810
         22.979401101797500       -0.000000557356961        0.270813242931827       -0.270813800288788
         23.100345318122752       -0.000000563671769       -0.020144626406523        0.020144062734754
         23.221289534448001       -0.000000586144446        0.147213459512934       -0.147214045657380
         23.342233750773250       -0.000000561506290       -0.328025305452538        0.328024743946248
         23.463177967098503       -0.000000567780773        0.098741491355300       -0.098742059136073
         23.584122183423752       -0.000000642108127       -0.029356906530505        0.029356264422378
         23.705066399749001       -0.000000578188607        0.286872230856771       -0.286872809045378
         23.826010616074250       -0.000000562226102       -0.208474770434220        0.208474208208118
         23.946954832399502       -0.000000669031895       -0.021069562909739        0.021068893877844
         24.067899048724751       -0.000000649566129       -0.175635416280173        0.175634766714044
         24.188843265050000       -0.000000552812851        0.298269239431302       -0.298269792244152
         24.309787481375253       -0.000000625183765       -0.033856486120999        0.033855860937234
         24.430731697700502       -0.000000726630400        0.055729464722336       -0.055730191352736
         24.551675914025751       -0.000000587103304       -0.318974616585477        0.318974029482173
         24.672620130351000       -0.000000563025273        0.166168427344502       -0.166168990369776
         24.793564346676252       -0.000000678667348        0.011246901838617       -0.011247580505964
         24.914508563001501       -0.000000669844535        0.249174807541430       -0.249175477385965
         25.035452779326750       -0.000000595010344       -0.292812230313165        0.292811635302821
         25.156396995652003       -0.000000531540228        0.001727921411334       -0.001728452951562
         25.277341211977252       -0.000000663270545       -0.099152324647711        0.099151661377166
         25.398285428302501       -0.000000700256872        0.313009646240225       -0.313010346497097
         25.519229644627750       -0.000000534184882       -0.053814180013554        0.053813645828672
         25.640173860953002       -0.000000533208887       -0.092206810012999        0.092206276804112
         25.761118077278251       -0.000000699701311       -0.167089843300696        0.167089143599385
         25.882062293603500       -0.000000695693096        0.075423736094520       -0.075424431787616
         26.003006509928753       -0.000000542503526        0.244060210884319       -0.244060753387845
         26.123950726254002       -0.000000612169449       -0.091798289331477        0.091797677162028
         26.244894942579251       -0.000000694149395       -0.051297370563131        0.051296676413736
         26.365839158904500       -0.000000663101763       -0.259141408418996        0.259140745317233
         26.486783375229752       -0.000000643664871        0.287916917450451       -0.287917561115323
         26.607727591555001       -0.000000630310787        0.025198924057612       -0.025199554368398
         26.728671807880250       -0.000000663342469        0.087465011181689       -0.087465674524158
         26.849616024205503       -0.000000667072292       -0.276880754860018        0.276880087787726
         26.970560240530752       -0.000000671078407       -0.032085981323000        0.032085310244593
         27.091504456856001       -0.000000674168606        0.178290533859795       -0.178291208028400
         27.212448673181250       -0.000000625102502        0.082185892142177       -0.082186517244678
         27.333392889506502       -0.000000594352771        0.033839855038338       -0.033840449391109
         27.454337105831751       -0.000000647098625       -0.332227973727826        0.332227326629202
         27.575281322157000       -0.000000631991555        0.135876356313906       -0.135876988305462
         27.696225538482253       -0.000000548639003        0.018380693996280       -0.018381242635283
         27.817169754807502       -0.000000470605257        0.263721572480829       -0.263722043086086
         27.938113971132751       -0.000000461794009       -0.236842855245890        0.236842393451881
         28.059058187458000       -0.000000542349875       -0.082871442277398        0.082870899927523
         28.180002403783252       -0.000000352534174       -0.036801733843138        0.036801381308964
         28.300946620108501       -0.000000142001747        0.203487067774488       -0.203487209776235
         28.421890836433750       -0.000000270446509        0.091245736351234       -0.091246006797743
         28.542835052759003       -0.000000225501531       -0.188119940746083        0.188119715244552
         28.663779269084252        0.000000060440658       -0.075428262271127        0.075428322711785
         28.784723485409501        0.000000173839735       -0.038956045097291        0.038956218937027
         28.905667701734750        0.000000077115697        0.292952935527565       -0.292952858411867
         29.026611918060002        0.000000247466378       -0.093488709838243        0.093488957304621
         29.147556134385251        0.000000511776053       -0.017580416707550        0.017580928483603
         29.268500350710500        0.000000493638937       -0.262528802540773        0.262529296179710
         29.389444567035753        0.000000552445546        0.242054682067841       -0.242054129622295
         29.510388783361002        0.000000753349807        0.011751878356115       -0.011751125006308
         29.631332999686251        0.000000885833632        0.151647830166170       -0.151646944332538
         29.752277216011500        0.000000885565443       -0.318053233071104        0.318054118636546
         29.873221432336752        0.000000997984805        0.070610573196208       -0.070609575211403
         29.994165648662001        0.000001174844513       -0.033987361763816        0.033988536608328
         30.115109864987250        0.000001162062455        0.290802248956178       -0.290801086893723
         30.236054081312503        0.000001220617478       -0.180840166091710        0.180841386709188
         30.356998297637752        0.000001342734224       -0.032271038005894        0.032272380740118
         30.477942513963001        0.000001355457733       -0.171007385392586        0.171008740850319
         30.598886730288250        0.000001362274012        0.249621463261409       -0.249620100987397
         30.719830946613502        0.000001399485737        0.024488009223546       -0.024486609737809
         30.840775162938751        0.000001408086964        0.010246093505238       -0.010244685418275
         30.961719379264000        0.000001415677070       -0.226741625889831        0.226743041566901
         31.082663595589253        0.000001375469272        0.037219602074807       -0.037218226605535
         31.203607811914502        0.000001311165215        0.120866502046026       -0.120865190880812
         31.324552028239751        0.000001356031595        0.112662120470443       -0.112660764438848
         31.445496244565000        0.000001304542635       -0.109368542702793        0.109369847245428
         31.566440460890252        0.000001141737461       -0.160238640079454        0.160239781816915
         31.687384677215501        0.000001145484038        0.040377973257287       -0.040376827773249
         31.808328893540750        0.000001193939472        0.143873809384365       -0.143872615444893
         31.929273109866003        0.000000970280211        0.093010327429131       -0.093009357148921
         32.050217326191252        0.000000848677189       -0.161519869744676        0.161520718421865
         32.171161542516501        0.000001009070171       -0.111465099570653        0.111466108640824
         32.292105758841750        0.000000838754462        0.041759925248627       -0.041759086494165
         32.413049975166999        0.000000596463689        0.185459868996661       -0.185459272532972
         32.533994191492248        0.000000707295341        0.031087660931728       -0.031086953636387
         32.654938407817504        0.000000744804632       -0.178376825249964        0.178377570054596
         32.775882624142753        0.000000476010061       -0.080974238808452        0.080974714818513
         32.896826840468002        0.000000386062188        0.041515177206363       -0.041514791144176
         33.017771056793251        0.000000586276981        0.253640009864315       -0.253639423587334
         33.138715273118500        0.000000468102360       -0.115483827364969        0.115484295467329
         33.259659489443749        0.000000279387882       -0.053753117123124        0.053753396511006
         33.380603705768998        0.000000351025984       -0.232319188427879        0.232319539453862
         33.501547922094254        0.000000403490129        0.294791771137601       -0.294791367647472
         33.622492138419503        0.000000387362214       -0.000152341901201        0.000152729263414
         33.743436354744752        0.000000283704815        0.102663441002292       -0.102663157297477
         33.864380571070001        0.000000270292205       -0.326358812922577        0.326359083214782
         33.985324787395250        0.000000382824022        0.056457790716451       -0.056457407892429
         34.106269003720499        0.000000384390858        0.104494149511624       -0.104493765120766
         34.227213220045748        0.000000285430078        0.154894750807759       -0.154894465377681
         34.348157436371004        0.000000289574808       -0.059030799367148        0.059031088941957
         34.469101652696253        0.000000364450312       -0.272033691749519        0.272034056199832
         34.590045869021502        0.000000348998722        0.117929070871965       -0.117928721873243
         34.710990085346751        0.000000338043546        0.038531573857796       -0.038531235814250
         34.831934301672000        0.000000337471096        0.264243751821187       -0.264243414350092
         34.952878517997249        0.000000331371148       -0.283819540932206        0.283819872303354
         35.073822734322498        0.000000313730866       -0.045311680254110        0.045311993984976
         35.194766950647754        0.000000338124950       -0.053025630561641        0.053025968686591
         35.315711166973003        0.000000379775334        0.239969861136172       -0.239969481360838
         35.436655383298252        0.000000280090314        0.067314992510719       -0.067314712420405
         35.557599599623501        0.000000238746632       -0.212841760221017        0.212841998967650
         35.678543815948750        0.000000332085615       -0.052472639944983        0.052472972030598
         35.799488032273999        0.000000359597893       -0.049032308839531        0.049032668437423
         35.920432248599248        0.000000224276289        0.337000326501973       -0.337000102225684
         36.041376464924504        0.000000187106575       -0.141607836287196        0.141608023393771
         36.162320681249753        0.000000253232053       -0.014366869649654        0.014367122881706
         36.283264897575002        0.000000292557676       -0.263965271390925        0.263965563948601
         36.404209113900251        0.000000227086970        0.249608464099947       -0.249608237012977
         36.525153330225500        0.000000078011896        0.051639922745359       -0.051639844733463
         36.646097546550749        0.000000234191892        0.075470361597896       -0.075470127406005
         36.767041762875998        0.000000350242655       -0.254095015084543        0.254095365327198
         36.887985979201254        0.000000125525196       -0.015507580766333        0.015507706291529
         37.008930195526503        0.000000136035047        0.099469051818127       -0.099468915783080
         37.129874411851752        0.000000364732615        0.168109178416263       -0.168108813683647
         37.250818628177001        0.000000327337631       -0.070827546776751        0.070827874114382
         37.371762844502250        0.000000153950021       -0.168625963732576        0.168626117682597
         37.492707060827499        0.000000338277975       -0.032585610861350        0.032585949139325
         37.613651277152748        0.000000477845916        0.150356046662965       -0.150355568817049
         37.734595493478004        0.000000298407989        0.112254483553726       -0.112254185145737
         37.855539709803253        0.000000364066096       -0.086250994011605        0.086251358077701
         37.976483926128502        0.000000535163897       -0.172945292821929        0.172945827985826
         38.097428142453751        0.000000481649477        0.027310461572950       -0.027309979923474
         38.218372358779000        0.000000448467251        0.127186792932328       -0.127186344465077
         38.339316575104249        0.000000558395426        0.129504164725346       -0.129503606329920
         38.460260791429498        0.000000586996082       -0.179461232618715        0.179461819614797
         38.581205007754754        0.000000551536955       -0.063655856863378        0.063656408400333
         38.702149224080003        0.000000576975399       -0.053405519173673        0.053406096149072
         38.823093440405252        0.000000584822527        0.272320678632023       -0.272320093809495
         38.944037656730501        0.000000591597755       -0.075062211798118        0.075062803395873
         39.064981873055750        0.000000568669252       -0.007516569021265        0.007517137690516
         39.185926089380999        0.000000512902441       -0.263587757747549        0.263588270649990
         39.306870305706248        0.000000506574424        0.223902243898843       -0.223901737324419
         39.427814522031504        0.000000491837155        0.008712435645171       -0.008711943808017
         39.548758738356753        0.000000361585820        0.170370326489111       -0.170369964903290
         39.669702954682002        0.000000313569146       -0.318739111639398        0.318739425208545
         39.790647171007251        0.000000319252315        0.066480723256988       -0.066480404004673
         39.911591387332500        0.000000138239767       -0.054134353902069        0.054134492141835
         40.032535603657749        0.000000039961709        0.317802442003880       -0.317802402042170
         40.153479819982998        0.000000029746273       -0.187393389018885        0.187393418765158
         40.274424036308254       -0.000000091067894       -0.015491547664237        0.015491456596343
         40.395368252633503       -0.000000301166384       -0.220172855989073        0.220172554822689
         40.516312468958752       -0.000000374025544        0.287480233493361       -0.287480607518905
         40.637256685284001       -0.000000339121720        0.003000442581703       -0.003000781703423
         40.758200901609250       -0.000000600702990        0.060094946953821       -0.060095547656811
         40.879145117934499       -0.000000804617008       -0.289326198791082        0.289325394174074
         41.000089334259748       -0.000000737104438        0.058318046696753       -0.058318783801190
         41.121033550585004       -0.000000805426558        0.109269741032696       -0.109270546459254
         41.241977766910253       -0.000001111369926        0.147128784971538       -0.147129896341464
         41.362921983235502       -0.000001222258165       -0.096482382754589        0.096481160496424
         41.483866199560751       -0.000001098678116       -0.224925636506997        0.224924537828881
         41.604810415886000       -0.000001275115998        0.098172596220421       -0.098173871336419
         41.725754632211249       -0.000001476829404        0.069614275306309       -0.069615752135713
         41.846698848536505       -0.000001471634710        0.230171322846600       -0.230172794481310
         41.967643064861754       -0.000001483448713       -0.300903793514161        0.300902310065448
         42.088587281187003       -0.000001525848769       -0.004811824439191        0.004810298590422
         42.209531497512252       -0.000001629814944       -0.088236094518556        0.088234464703612
         42.330475713837501       -0.000001676932721        0.309802996881986       -0.309804673814707
         42.451419930162750       -0.000001648672368       -0.027438161581919        0.027436512909550
         42.572364146487999       -0.000001662150411       -0.148964120070813        0.148962457920403
         42.693308362813255       -0.000001692078060       -0.108354188118933        0.108352496040873
         42.814252579138504       -0.000001684055293        0.018167493084168       -0.018169177139461
         42.935196795463753       -0.000001698949244        0.308991343671140       -0.308993042620384
         43.056141011789002       -0.000001684610171       -0.146972879747489        0.146971195137318
         43.177085228114251       -0.000001631156108       -0.028412021278242        0.028410390122134
         43.298029444439500       -0.000001595314189       -0.256074840126642        0.256073244812453
         43.418973660764749       -0.000001588893656        0.266919357116742       -0.266920946010398
         43.539917877090005       -0.000001644499242        0.067519397205398       -0.067521041704640
         43.660862093415254       -0.000001521230847        0.021029434640646       -0.021030955871493
         43.781806309740503       -0.000001364632445       -0.209810814656749        0.209809450024304
         43.902750526065752       -0.000001477786089       -0.083019899655029        0.083018421868940
         44.023694742391001       -0.000001493743639        0.221803158094177       -0.221804651837816
         44.144638958716250       -0.000001297606961        0.043796164375679       -0.043797461982640
         44.265583175041499       -0.000001198223382        0.044829614286502       -0.044830812509884
         44.386527391366755       -0.000001326129117       -0.323959789689957        0.323958463560840
         44.507471607692004       -0.000001286850142        0.140054794263514       -0.140056081113657
         44.628415824017253       -0.000001124249306        0.007575128504810       -0.007576252754116
         44.749360040342502       -0.000001100827510        0.269865912473161       -0.269867013300671
         44.870304256667751       -0.000001138809723       -0.274319390453292        0.274318251643569
         44.991248472993000       -0.000001147820925       -0.001409708772829        0.001408560951904
         45.112192689318249       -0.000000988553766       -0.135176749736149        0.135175761182383
         45.233136905643505       -0.000000970697437        0.326448364986608       -0.326449335684045
         45.354081121968754       -0.000001075290533       -0.085894012995318        0.085892937704784
         45.475025338294003       -0.000000973540824        0.018107621211253       -0.018108594752077
         45.595969554619252       -0.000000887749652       -0.289425763370278        0.289424875620626
         45.716913770944501       -0.000000944994337        0.212471558299980       -0.212472503294317
         45.837857987269750       -0.000000957720221        0.011170740705670       -0.011171698425891
         45.958802203594999       -0.000000862291372        0.190291531174304       -0.190292393465676
         46.079746419920255       -0.000000872745145       -0.311789941752899        0.311789069007754
         46.200690636245504       -0.000000911058961        0.058023335525051       -0.058024246584013
         46.321634852570753       -0.000000855319245       -0.079439996019995        0.079439140700750
         46.442579068896002       -0.000000859260396        0.325807746404391       -0.325808605664786
         46.563523285221251       -0.000000869254015       -0.176179028544755        0.176178159290740
         46.684467501546500       -0.000000862180279        0.006712687158190       -0.006713549338469
         46.805411717871749       -0.000000859517467       -0.240349933883362        0.240349074365895
         46.926355934197005       -0.000000850026225        0.273502205135754       -0.273503055161979
         47.047300150522254       -0.000000879141766       -0.006319433212692        0.006318554070926
         47.168244366847503       -0.000000899866946        0.098320907585411       -0.098321807452357
         47.289188583172752       -0.000000834318213       -0.296271694443875        0.296270860125662
         47.410132799498001       -0.000000880843852        0.077544301024266       -0.077545181868118
         47.531077015823250       -0.000000975643372        0.026469742510484       -0.026470718153855
         47.652021232148499       -0.000000854757874        0.231197645935539       -0.231198500693414
         47.772965448473755       -0.000000858345082       -0.184284527375944        0.184283669030862
         47.893909664799004       -0.000001017427162       -0.062910803347477        0.062909785920316
         48.014853881124253       -0.000000973791855       -0.114782876596345        0.114781902804491
         48.135798097449502       -0.000000853567815        0.271704624164397       -0.271705477732212
         48.256742313774751       -0.000000994652087       -0.016380309140301        0.016379314488214
         48.377686530100000       -0.000001116912836        0.008998168902328       -0.008999285815164
         48.498630746425249       -0.000000946273421       -0.290540294312257        0.290539348038836
         48.619574962750505       -0.000000972352115        0.171249387688050       -0.171250360040166
         48.740519179075754       -0.000001135305453        0.028611163214859       -0.028612298520312
         48.861463395401003       -0.000001129379838        0.224307950704207       -0.224309080084045
         48.982407611726252       -0.000001074162753       -0.308843790720531        0.308842716557778
         49.103351828051501       -0.000001064937264        0.016811237059616       -0.016812301996880
         49.224296044376750       -0.000001215076808       -0.083950688126830        0.083949473050022
         49.345240260701999       -0.000001268544172        0.323133996730640       -0.323135265274813
         49.466184477027255       -0.000001161192806       -0.086278465020552        0.086277303827745
         49.587128693352504       -0.000001172922556       -0.095135677081665        0.095134504159109
         49.708072909677753       -0.000001351680839       -0.158931887587754        0.158930535906915
         49.829017126003002       -0.000001389626266        0.102510133415110       -0.102511523041376
         49.949961342328251       -0.000001272717570        0.234686817163965       -0.234688089881535
         50.070905558653500       -0.000001347041964       -0.114294322771312        0.114292975729348
         50.191849774978749       -0.000001431579510       -0.058983315900635        0.058981884321125
         50.312793991304005       -0.000001427350857       -0.238697601520243        0.238696174169386
         50.433738207629254       -0.000001423568126        0.305318463461362       -0.305319887029488
         50.554682423954503       -0.000001419630607        0.014269569805693       -0.014270989436300
         50.675626640279752       -0.000001437524405        0.061655117238569       -0.061656554762974
         50.796570856605001       -0.000001424310561       -0.275177751808416        0.275176327497855
         50.917515072930250       -0.000001440099587       -0.011433464791078        0.011432024691491
         51.038459289255499       -0.000001441330796        0.193117394170717       -0.193118835501514
         51.159403505580755       -0.000001358288940        0.063782968375803       -0.063784326664743
         51.280347721906004       -0.000001289874579        0.012914270230643       -0.012915560105222
         51.401291938231253       -0.000001338902207       -0.325921539931101        0.325920201028893
         51.522236154556502       -0.000001302956741        0.159677642802775       -0.159678945759516
         51.643180370881751       -0.000001189432591        0.024228348461037       -0.024229537893629
         51.764124587207000       -0.000001073412688        0.246391572766032       -0.246392646178720
         51.885068803532249       -0.000001029754730       -0.260047631926585        0.260046602171854
         52.006013019857505       -0.000001095950401       -0.061029361865797        0.061028265915397
         52.126957236182754       -0.000000878140314       -0.028451947852848        0.028451069712535
         52.247901452508003       -0.000000630754219        0.222560822615518       -0.222561453369736
         52.368845668833252       -0.000000727011288        0.047179486928280       -0.047180213939569
         52.489789885158501       -0.000000677570271       -0.174930277180700        0.174929599610429
         52.610734101483750       -0.000000357559457       -0.087213804266055        0.087213446706598
         52.731678317808999       -0.000000218457711        0.009480007701184       -0.009480226158895
         52.852622534134255       -0.000000330479174        0.258603841984891       -0.258604172464065
         52.973566750459504       -0.000000124134904       -0.085501492168148        0.085501368033244
         53.094510966784753        0.000000157759836       -0.054474018298593        0.054474176058429
         53.215455183110002        0.000000104581442       -0.214302696256274        0.214302800837716
         53.336399399435251        0.000000166923248        0.227577238617024       -0.227577071693776
         53.457343615760500        0.000000400868004        0.034717975624512       -0.034717574756508
         53.578287832085749        0.000000493381913        0.096982924128795       -0.096982430746882
         53.699232048411005        0.000000452978394       -0.283522514400320        0.283522967378714
         53.820176264736254        0.000000594970187        0.048890307796547       -0.048889712826360
         53.941120481061503        0.000000743075789        0.024092334363523       -0.024091591287734
         54.062064697386752        0.000000685274678        0.227412762024696       -0.227412076750019
         54.183008913712001        0.000000741946193       -0.142857792637013        0.142858534583206
         54.303953130037250        0.000000841809384       -0.093384399632144        0.093385241441527
         54.424897346362499        0.000000829219308       -0.082484517639446        0.082485346858754
         54.545841562687755        0.000000830393027        0.185028475599076       -0.185027645206049
         54.666785779013004        0.000000839579948        0.087656175609310       -0.087655336029361
         54.787729995338253        0.000000832034982       -0.087569134610345        0.087569966645326
         54.908674211663502        0.000000859750406       -0.138971192953961        0.138972052704367
         55.029618427988751        0.000000795830065       -0.025222221058420        0.025223016888485
         55.150562644314000        0.000000724210002        0.207200639982707       -0.207199915772705
         55.271506860639249        0.000000796039620        0.016866228605880       -0.016865432566260
         55.392451076964505        0.000000742951214       -0.048794950869793        0.048795693821007
         55.513395293289754        0.000000594638625       -0.222497515706090        0.222498110344715
         55.634339509615003        0.000000624420774        0.128385001652883       -0.128384377232109
         55.755283725940252        0.000000689065119        0.081232077893654       -0.081231388828536
         55.876227942265501        0.000000492421637        0.134201214604414       -0.134200722182777
         55.997172158590750        0.000000415847061       -0.231087612051875        0.231088027898936
         56.118116374915999        0.000000600066158       -0.043969422417595        0.043970022483752
         56.239060591241255        0.000000462475305        0.009972503346306       -0.009972040871001
         56.360004807566504        0.000000275016371        0.230749606272819       -0.230749331256448
         56.480949023891753        0.000000414420234       -0.035327079644134        0.035327494064368
         56.601893240217002        0.000000500587092       -0.145411648335205        0.145412148922297
         56.722837456542251        0.000000271350494       -0.101292782363805        0.101293053714299
         56.843781672867500        0.000000213257571        0.092481313170807       -0.092481099913236
         56.964725889192749        0.000000460211891        0.217734076750708       -0.217733616538817
         57.085670105518005        0.000000377915518       -0.115800381207101        0.115800759122619
         57.206614321843254        0.000000220309516       -0.073966479952016        0.073966700261532
         57.327558538168503        0.000000317308878       -0.201013381228947        0.201013698537826
         57.448502754493752        0.000000402420963        0.304422514292439       -0.304422111871476
         57.569446970819001        0.000000404268904       -0.013152286387826        0.013152690656730
         57.690391187144250        0.000000332465483        0.083479741328510       -0.083479408863027
         57.811335403469499        0.000000338875282       -0.329524403093555        0.329524741968837
         57.932279619794755        0.000000438584626        0.086047312219779       -0.086046873635154
         58.053223836120004        0.000000462979776        0.107937491615753       -0.107937028635977
         58.174168052445253        0.000000391089442        0.142544166698406       -0.142543775608964
         58.295112268770502        0.000000392207677       -0.083732396311097        0.083732788518774
         58.416056485095751        0.000000444694808       -0.259498514701426        0.259498959396234
         58.537000701421000        0.000000438894299        0.139061014914355       -0.139060576020056
         58.657944917746249        0.000000441922347        0.044234765917938       -0.044234323995590
         58.778889134071505        0.000000435947891        0.242376842768518       -0.242376406820627
         58.899833350396754        0.000000419432727       -0.300570162273539        0.300570581706266
         59.020777566722003        0.000000384694584       -0.027372828501286        0.027373213195870
         59.141721783047252        0.000000420337517       -0.036608765960125        0.036609186297643
         59.262665999372501        0.000000478520387        0.246240319416061       -0.246239840895674
         59.383610215697750        0.000000372498495        0.033346876748612       -0.033346504250117
         59.504554432022999        0.000000315254753       -0.210294624838244        0.210294940092997
         59.625498648348255        0.000000432657855       -0.046623260276793        0.046623692934648
         59.746442864673504        0.000000489016895       -0.018716999262646        0.018717488279541
         59.867387080998753        0.000000341722574        0.320238990165403       -0.320238648442829
         59.988331297324002        0.000000332648540       -0.160369881257726        0.160370213906266
         60.109275513649251        0.000000432761133       -0.016443838165092        0.016444270926225
         60.230219729974500        0.000000477030892       -0.252003763919848        0.252004240950741
         60.351163946299749        0.000000436236292        0.280375948816124       -0.280375512579833
         60.472108162625005        0.000000342367810        0.014561287925457       -0.014560945557647
         60.593052378950254        0.000000518630513        0.086793344900645       -0.086792826270131
         60.713996595275503        0.000000635276385       -0.291914632756470        0.291915268032855
         60.834940811600752        0.000000480251195        0.052061518805016       -0.052061038553821
         60.955885027926001        0.000000532416236        0.056093533350678       -0.056093000934442
         61.076829244251250        0.000000765468184        0.211056225260576       -0.211055459792393
         61.197773460576499        0.000000764106463       -0.152748349357725        0.152749113464188
         61.318717676901755        0.000000651568948       -0.093459733085370        0.093460384654318
         61.439661893227004        0.000000858740442       -0.085977525535591        0.085978384276033
         61.560606109552253        0.000000992473240        0.233232880997728       -0.233231888524488
         61.681550325877502        0.000000875994221        0.013730256427662       -0.013729380433441
         61.802494542202751        0.000000972351603       -0.016740306277836        0.016741278629440
         61.923438758528000        0.000001118794510       -0.248749015143950        0.248750133938460
         62.044382974853249        0.000001097227700        0.132473828767837       -0.132472731540137
         62.165327191178505        0.000001103909671        0.043644383881128       -0.043643279971457
         62.286271407503754        0.000001186189624        0.193234814256334       -0.193233628066710
         62.407215623829003        0.000001204063460       -0.268760384099026        0.268761588162486
         62.528159840154252        0.000001197558403        0.020085602133923       -0.020084404575520
         62.649104056479501        0.000001196707015       -0.099943678635869        0.099944875342884
         62.770048272804750        0.000001189795076        0.325448371098586       -0.325447181303509
         62.890992489129999        0.000001185013331       -0.140301486312529        0.140302671325860
         63.011936705455255        0.000001118671971        0.020969347765556       -0.020968229093585
         63.132880921780504        0.000001073544276       -0.276305429556156        0.276306503100432
         63.253825138105753        0.000001050544070        0.260160941406484       -0.260159890862413
         63.374769354431002        0.000000951634442       -0.009243526480939        0.009244478115382
         63.495713570756251        0.000000828860675        0.157606059608773       -0.157605230748097
         63.616657787081500        0.000000817485672       -0.327176644710550        0.327177462196222
         63.737602003406749        0.000000721787389        0.084107840251375       -0.084107118463985
         63.858546219732006        0.000000507711375       -0.039691081272651        0.039691588984026
         63.979490436057254        0.000000485954669        0.309335306871325       -0.309334820916657
         64.100434652382503        0.000000424759389       -0.210881682554202        0.210882107313591
         64.221378868707745        0.000000230641623       -0.009940177769862        0.009940408411485
         64.342323085033001        0.000000079045822       -0.211942931463519        0.211943010509341
         64.463267301358258        0.000000038530543        0.316053527532827       -0.316053489002285
         64.584211517683499        0.000000002173434       -0.031976357363513        0.031976359536947
         64.705155734008756       -0.000000238895115        0.067359507862182       -0.067359746757297
         64.826099950333997       -0.000000375486453       -0.316920272051372        0.316919896564919
         64.947044166659254       -0.000000331217521        0.114028842732777       -0.114029173950298
         65.067988382984495       -0.000000391418385        0.081091040630310       -0.081091432048695
         65.188932599309751       -0.000000650585633        0.166260959253837       -0.166261609839470
         65.309876815635008       -0.000000741148773       -0.149078748036028        0.149078006887255
         65.430821031960249       -0.000000605301475       -0.184758405602653        0.184757800301177
         65.551765248285506       -0.000000752788958        0.093792797874737       -0.093793550663695
         65.672709464610747       -0.000000921745080        0.093146836199653       -0.093147757944733
         65.793653680936004       -0.000000896772558        0.196247807693360       -0.196248704465918
         65.914597897261245       -0.000000885160758       -0.309219114181229        0.309218229020471
         66.035542113586502       -0.000000915416940        0.010357855405166       -0.010358770822106
         66.156486329911758       -0.000000980391984       -0.074407732734347        0.074406752342363
         66.277430546236999       -0.000001000723331        0.319646856593646       -0.319647857316977
         66.398374762562256       -0.000000981246747       -0.066343334860412        0.066342353613665
         66.519318978887497       -0.000000983247026       -0.139738088756314        0.139737105509288
         66.640263195212754       -0.000000981294699       -0.108623378976130        0.108622397681432
         66.761207411537995       -0.000000962877588        0.053652516766108       -0.053653479643696
         66.882151627863252       -0.000001005576611        0.286494349715212       -0.286495355291823
         67.003095844188508       -0.000000989418241       -0.160830594458838        0.160829605040597
         67.124040060513749       -0.000000927293691       -0.034315823164109        0.034314895870419
         67.244984276839006       -0.000000909246075       -0.239675573850886        0.239674664604811
         67.365928493164247       -0.000000927453416        0.293371481694928       -0.293372409148344
         67.486872709489504       -0.000001006113687        0.033604888627278       -0.033605894740966
         67.607816925814745       -0.000000899805304        0.027277585919444       -0.027278485724748
         67.728761142140002       -0.000000770273443       -0.239844365536559        0.239843595263116
         67.849705358465258       -0.000000915431907       -0.024770119431553        0.024769203999646
         67.970649574790500       -0.000000976220628        0.192542790694544       -0.192543766915172
         68.091593791115756       -0.000000783248805        0.064494995026979       -0.064495778275784
         68.212538007440997       -0.000000716414991       -0.007877960533491        0.007877244118499
         68.333482223766254       -0.000000925119557       -0.285550923410002        0.285549998290445
         68.454426440091495       -0.000000874214069        0.135819432232435       -0.135820306446504
         68.575370656416752       -0.000000709752326        0.030208323835973       -0.030209033588299
         68.696314872742008       -0.000000786980048        0.238870051687392       -0.238870838667440
         68.817259089067250       -0.000000858684452       -0.283006512423970        0.283005653739518
         68.938203305392506       -0.000000808980749        0.010867660454877       -0.010868469435626
         69.059147521717748       -0.000000714757316       -0.122448644058671        0.122447929301355
         69.180091738043004       -0.000000797956123        0.336601419435423       -0.336602217391546
         69.301035954368245       -0.000000831278875       -0.118830747986422        0.118829916707547
         69.421980170693502       -0.000000724051188        0.023560229001280       -0.023560953052468
         69.542924387018758       -0.000000750779774       -0.289842648229616        0.289841897449842
         69.663868603344000       -0.000000790067792        0.242055074810196       -0.242055864877988
         69.784812819669256       -0.000000742482307       -0.001115477040101        0.001114734557794
         69.905757035994498       -0.000000714563750        0.172980540280491       -0.172981254844240
         70.026701252319754       -0.000000757634464       -0.312445212849530        0.312444455215065
         70.147645468644996       -0.000000740934285        0.057737374841022       -0.057738115775307
         70.268589684970252       -0.000000706565924       -0.038742973318674        0.038742266752750
         70.389533901295508       -0.000000730488549        0.281168583591023       -0.281169314079572
         70.510478117620750       -0.000000728802927       -0.146310827009238        0.146310098206311
         70.631422333946006       -0.000000740055726       -0.055707201777940        0.055706461722214
         70.752366550271248       -0.000000724199680       -0.154357672252626        0.154356948052946
         70.873310766596504       -0.000000706482009        0.209562375534566       -0.209563082016575
         70.994254982921746       -0.000000785169876        0.067424213363240       -0.067424998533115
         71.115199199247002       -0.000000798446451       -0.007962794189145        0.007961995742694
         71.236143415572258       -0.000000694095623       -0.205831419918855        0.205830725823232
         71.357087631897500       -0.000000810850129        0.003740998947101       -0.003741809797230
         71.478031848222756       -0.000000930790586        0.127957633419312       -0.127958564209898
         71.598976064547998       -0.000000769451297        0.128793660436643       -0.128794429887940
         71.719920280873254       -0.000000824722497       -0.115465587099451        0.115464762376954
         71.840864497198496       -0.000001046522616       -0.141964942742624        0.141963896220008
         71.961808713523752       -0.000000992784088       -0.017126057206954        0.017125064422866
         72.082752929849008       -0.000000879843399        0.206896709777020       -0.206897589620419
         72.203697146174250       -0.000001116511367        0.033804905696272       -0.033806022207639
         72.324641362499506       -0.000001268577945       -0.066355348127693        0.066354079549747
         72.445585578824748       -0.000001077441602       -0.231668920659456        0.231667843217854
         72.566529795150004       -0.000001182727764        0.149761264546138       -0.149762447273902
