#             time (fs)      |   total net charge (e)  |   charge (atom_1) (e)   |   charge (atom_2) (e)   |        ...        |   charge (atom_N) (e)   |
          0.000000000000000       -0.000000000000000       -0.000000000000000        0.000000000000000
          0.120944216325250       -0.000000000011476       -0.000133592040666        0.000133592029190
          0.241888432650500       -0.000000000023583        0.000008456159038       -0.000008456182621
          0.362832648975750       -0.000000000039597       -0.000344465842153        0.000344465802555
          0.483776865301000       -0.000000000051406        0.000611596796025       -0.000611596847431
          0.604721081626250       -0.000000000068224       -0.000168575030111        0.000168574961887
          0.725665297951500       -0.000000000078256        0.000848373794140       -0.000848373872397
          0.846609514276750       -0.000000000092803       -0.001162253276678        0.001162253183875
          0.967553730602000       -0.000000000098732        0.000358814876553       -0.000358814975284
          1.088497946927250       -0.000000000107724       -0.001486245750693        0.001486245642970
          1.209442163252500       -0.000000000109491        0.001619705084932       -0.001619705194422
          1.330386379577750       -0.000000000109564       -0.000555867782457        0.000555867672893
          1.451330595903000       -0.000000000107802        0.002086233921860       -0.002086234029663
          1.572274812228250       -0.000000000098751       -0.001936765329184        0.001936765230433
          1.693219028553500       -0.000000000093963        0.000627971721640       -0.000627971815603
          1.814163244878750       -0.000000000075303       -0.002621038552967        0.002621038477664
          1.935107461204000       -0.000000000071624        0.001998213818885       -0.001998213890510
          2.056051677529250       -0.000000000045764       -0.000616389508743        0.000616389462979
          2.176995893854500       -0.000000000041410        0.003015552588914       -0.003015552630324
          2.297940110179750       -0.000000000015225       -0.001873354564212        0.001873354548987
          2.418884326505000       -0.000000000012051        0.000520085744655       -0.000520085756706
          2.539828542830250        0.000000000016027       -0.003359860526068        0.003359860542095
          2.660772759155500        0.000000000009574        0.001575498694877       -0.001575498685303
          2.781716975480750        0.000000000036343       -0.000475044794905        0.000475044831248
          2.902661191806000        0.000000000026357        0.003652800983652       -0.003652800957294
          3.023605408131250        0.000000000043171       -0.001226335982299        0.001226336025469
          3.144549624456500        0.000000000031264        0.000497119538100       -0.000497119506835
          3.265493840781750        0.000000000042679       -0.003967676121701        0.003967676164381
          3.386438057107000        0.000000000019933        0.000812399246887       -0.000812399226954
          3.507382273432250        0.000000000028778       -0.000658651727774        0.000658651756552
          3.628326489757500        0.000000000002103        0.004225598871992       -0.004225598869889
          3.749270706082750        0.000000000001662       -0.000379335783085        0.000379335784747
          3.870214922408000       -0.000000000020549        0.000874722624465       -0.000874722645014
          3.991159138733250       -0.000000000026273       -0.004407570380151        0.004407570353878
          4.112103355058500       -0.000000000051255       -0.000168899597627        0.000168899546372
          4.233047571383750       -0.000000000054773       -0.001129865617209        0.001129865562435
          4.353991787709000       -0.000000000077250        0.004365908973308       -0.004365909050558
          4.474936004034250       -0.000000000083770        0.000825831848664       -0.000825831932434
          4.595880220359500       -0.000000000095746        0.001295360953833       -0.001295361049579
          4.716824436684750       -0.000000000101265       -0.004086436910351        0.004086436809086
          4.837768653010000       -0.000000000108109       -0.001663934316536        0.001663934208427
          4.958712869335250       -0.000000000108816       -0.001398214109838        0.001398214001022
          5.079657085660500       -0.000000000107395        0.003500881633882       -0.003500881741277
          5.200601301985750       -0.000000000103602        0.002571240719461       -0.002571240823064
          5.321545518311000       -0.000000000096832        0.001409944813901       -0.001409944910733
          5.442489734636251       -0.000000000086138       -0.002736146352208        0.002736146266070
          5.563433950961501       -0.000000000072249       -0.003498412538600        0.003498412466352
          5.684378167286750       -0.000000000060415       -0.001472899953527        0.001472899893112
          5.805322383612000       -0.000000000041705        0.001835335953220       -0.001835335994925
          5.926266599937250       -0.000000000020334        0.004253631085547       -0.004253631105882
          6.047210816262500       -0.000000000008134        0.001599639299393       -0.001599639307527
          6.168155032587750        0.000000000014602       -0.000960720674236        0.000960720688838
          6.289099248913001        0.000000000034752       -0.004810020768886        0.004810020803639
          6.410043465238251        0.000000000048604       -0.001892421779636        0.001892421828240
          6.530987681563500        0.000000000062847        0.000100210541144       -0.000100210478298
          6.651931897888750        0.000000000088083        0.005061764619604       -0.005061764531521
          6.772876114214000        0.000000000086652        0.002274399745487       -0.002274399658834
          6.893820330539250        0.000000000099597        0.000661166854374       -0.000661166754777
          7.014764546864500        0.000000000110700       -0.005074284965480        0.005074285076180
          7.135708763189751        0.000000000106620       -0.002783304662015        0.002783304768635
          7.256652979515001        0.000000000102827       -0.001382668322806        0.001382668425633
          7.377597195840250        0.000000000113392        0.004785032767546       -0.004785032654154
          7.498541412165500        0.000000000094038        0.003330028691088       -0.003330028597051
          7.619485628490750        0.000000000087179        0.001977454037748       -0.001977453950568
          7.740429844816000        0.000000000084734       -0.004256434763817        0.004256434848550
          7.861374061141250        0.000000000066005       -0.003974094257063        0.003974094323068
          7.982318277466501        0.000000000052496       -0.002484427470030        0.002484427522527
          8.103262493791750        0.000000000048650        0.003419061459215       -0.003419061410565
          8.224206710117000        0.000000000031714        0.004635884663008       -0.004635884631293
          8.345150926442249        0.000000000022015        0.002829023204159       -0.002829023182144
          8.466095142767500        0.000000000017846       -0.002366667897060        0.002366667914906
          8.587039359092751        0.000000000010852       -0.005329352286479        0.005329352297331
          8.707983575418000        0.000000000008818       -0.003113657608342        0.003113657617160
          8.828927791743251        0.000000000010716        0.001113035836944       -0.001113035826228
          8.949872008068500        0.000000000014028        0.005891005800677       -0.005891005786649
          9.070816224393750        0.000000000022407        0.003350841467271       -0.003350841444864
          9.191760440718999        0.000000000032836        0.000167278145408       -0.000167278112572
          9.312704657044250        0.000000000041957       -0.006272582969957        0.006272583011915
          9.433648873369501        0.000000000059630       -0.003676837405987        0.003676837465616
          9.554593089694750        0.000000000077395       -0.001447135964105        0.001447136041500
          9.675537306020001        0.000000000084791        0.006334688454532       -0.006334688369741
          9.796481522345250        0.000000000106567        0.004046501089688       -0.004046500983121
          9.917425738670500        0.000000000129148        0.002623664157926       -0.002623664028778
         10.038369954995749        0.000000000124461       -0.006128381067034        0.006128381191495
         10.159314171321000        0.000000000147478       -0.004485098481266        0.004485098628744
         10.280258387646251        0.000000000165721       -0.003766534205730        0.003766534371451
         10.401202603971500        0.000000000151183        0.005615199816876       -0.005615199665694
         10.522146820296751        0.000000000162707        0.004862455807009       -0.004862455644303
         10.643091036622000        0.000000000181420        0.004817581458473       -0.004817581277054
         10.764035252947250        0.000000000147199       -0.004889235920260        0.004889236067460
         10.884979469272501        0.000000000154098       -0.005195860350994        0.005195860505092
         11.005923685597750        0.000000000160347       -0.005819273854515        0.005819274014862
         11.126867901923001        0.000000000126809        0.003888900746812       -0.003888900620002
         11.247812118248250        0.000000000115508        0.005406343462102       -0.005406343346594
         11.368756334573501        0.000000000124441        0.006642516619760       -0.006642516495319
         11.489700550898750        0.000000000083559       -0.002665368845562        0.002665368929121
         11.610644767224001        0.000000000070858       -0.005576693025218        0.005576693096076
         11.731588983549251        0.000000000070589       -0.007275300972282        0.007275301042871
         11.852533199874500        0.000000000045015        0.001143342215618       -0.001143342170603
         11.973477416199751        0.000000000026756        0.005653327915494       -0.005653327888738
         12.094421632525000        0.000000000029101        0.007595543357702       -0.007595543328601
         12.215365848850251        0.000000000013690        0.000573947069837       -0.000573947056147
         12.336310065175500        0.000000000003623       -0.005678743365957        0.005678743369581
         12.457254281500751        0.000000000004743       -0.007672176947260        0.007672176952003
         12.578198497826001        0.000000000004021       -0.002450087543942        0.002450087547963
         12.699142714151250        0.000000000007490        0.005516289941642       -0.005516289934152
         12.820086930476501        0.000000000009241        0.007501743409409       -0.007501743400167
         12.941031146801750        0.000000000017321        0.004272123508232       -0.004272123490910
         13.061975363127001        0.000000000039535       -0.005141633074585        0.005141633114120
         13.182919579452250        0.000000000040446       -0.007229151084323        0.007229151124769
         13.303863795777501        0.000000000054542       -0.005961491599012        0.005961491653554
         13.424808012102751        0.000000000084766        0.004437868905103       -0.004437868820337
         13.545752228428000        0.000000000093525        0.006843861845531       -0.006843861752006
         13.666696444753251        0.000000000093669        0.007370148666365       -0.007370148572696
         13.787640661078500        0.000000000144834       -0.003477270820416        0.003477270965250
         13.908584877403751        0.000000000141064       -0.006406018385869        0.006406018526933
         14.029529093729000        0.000000000148784       -0.008535281445399        0.008535281594183
         14.150473310054251        0.000000000175872        0.002268861795402       -0.002268861619530
         14.271417526379501        0.000000000188788        0.005825268494424       -0.005825268305636
         14.392361742704750        0.000000000165297        0.009414181993253       -0.009414181827956
         14.513305959030001        0.000000000204759       -0.000954063782618        0.000954063987378
         14.634250175355250        0.000000000192482       -0.005130928166134        0.005130928358615
         14.755194391680501        0.000000000187746       -0.010075546926639        0.010075547114385
         14.876138608005750        0.000000000181019       -0.000460985349907        0.000460985530926
         14.997082824331001        0.000000000186732        0.004275160082522       -0.004275159895791
         15.118027040656251        0.000000000154830        0.010449328039355       -0.010449327884525
         15.238971256981500        0.000000000156676        0.001901303142137       -0.001901302985462
         15.359915473306751        0.000000000139523       -0.003360096997665        0.003360097137188
         15.480859689632000        0.000000000132617       -0.010546766662129        0.010546766794746
         15.601803905957251        0.000000000104688       -0.003432469871601        0.003432469976289
         15.722748122282500        0.000000000102179        0.002396508904119       -0.002396508801941
         15.843692338607751        0.000000000086126        0.010268041236158       -0.010268041150031
         15.964636554933001        0.000000000073846        0.005004682851928       -0.005004682778082
         16.085580771258250        0.000000000066737       -0.001481487488074        0.001481487554811
         16.206524987583499        0.000000000064313       -0.009663557551896        0.009663557616208
         16.327469203908752        0.000000000061156       -0.006632151287148        0.006632151348304
         16.448413420234001        0.000000000060175        0.000540911205135       -0.000540911144960
         16.569357636559250        0.000000000061378        0.008731712920204       -0.008731712858826
         16.690301852884499        0.000000000077949        0.008153581422869       -0.008153581344920
         16.811246069209751        0.000000000079131        0.000434317560386       -0.000434317481254
         16.932190285535000        0.000000000079999       -0.007629636280550        0.007629636360549
         17.053134501860249        0.000000000109023       -0.009501029784426        0.009501029893449
         17.174078718185502        0.000000000116611       -0.001578524811095        0.001578524927706
         17.295022934510751        0.000000000110040        0.006382086487237       -0.006382086377197
         17.415967150836000        0.000000000152358        0.010505281180407       -0.010505281028049
         17.536911367161249        0.000000000147288        0.002856669926664       -0.002856669779376
         17.657855583486501        0.000000000140994       -0.005100812875164        0.005100813016158
         17.778799799811750        0.000000000156869       -0.011171905376381        0.011171905533250
         17.899744016136999        0.000000000171870       -0.004313757418049        0.004313757589919
         18.020688232462252        0.000000000141223        0.003733245422818       -0.003733245281594
         18.141632448787501        0.000000000163723        0.011402709365061       -0.011402709201338
         18.262576665112750        0.000000000153493        0.005832823146788       -0.005832822993294
         18.383520881437999        0.000000000132040       -0.002361510472378        0.002361510604418
         18.504465097763251        0.000000000108834       -0.011242132462268        0.011242132571102
         18.625409314088500        0.000000000119130       -0.007431633428287        0.007431633547417
         18.746353530413749        0.000000000082661        0.000948048556721       -0.000948048474060
         18.867297746739002        0.000000000066847        0.010598240581821       -0.010598240514974
         18.988241963064251        0.000000000058496        0.008990993559978       -0.008990993501483
         19.109186179389500        0.000000000032575        0.000398412005491       -0.000398411972916
         19.230130395714749       -0.000000000000330       -0.009536331676429        0.009536331676099
         19.351074612040001       -0.000000000006162       -0.010508549709842        0.010508549703680
         19.472018828365250       -0.000000000021792       -0.001720735369050        0.001720735347258
         19.592963044690499       -0.000000000045122        0.008039822067907       -0.008039822113029
         19.713907261015752       -0.000000000048433        0.011813470777918       -0.011813470826351
         19.834851477341001       -0.000000000061741        0.002971486307822       -0.002971486369562
         19.955795693666250       -0.000000000068761       -0.006279412998197        0.006279412929436
         20.076739909991499       -0.000000000070698       -0.012827889548695        0.012827889477998
         20.197684126316751       -0.000000000074871       -0.004252458165858        0.004252458090986
         20.318628342642000       -0.000000000065361        0.004339803313108       -0.004339803378469
         20.439572558967249       -0.000000000062413        0.013368766267817       -0.013368766330229
         20.560516775292502       -0.000000000056746        0.005538103410428       -0.005538103467174
         20.681460991617751       -0.000000000046493       -0.002394959678127        0.002394959631634
         20.802405207943000       -0.000000000006485       -0.013423014614868        0.013423014608383
         20.923349424268253       -0.000000000031196       -0.006850895364570        0.006850895333374
         21.044293640593501        0.000000000008496        0.000458832313918       -0.000458832305422
         21.165237856918750        0.000000000024797        0.012967896063255       -0.012967896038458
         21.286182073243999        0.000000000031553        0.008060020227583       -0.008060020196030
         21.407126289569252        0.000000000026334        0.001422892562754       -0.001422892536420
         21.528070505894501        0.000000000111883       -0.012133293060915        0.012133293172798
         21.649014722219750        0.000000000056102       -0.009092114044186        0.009092114100288
         21.769958938545003        0.000000000081883       -0.003309665706618        0.003309665788502
         21.890903154870252        0.000000000111470        0.010990559881997       -0.010990559770527
         22.011847371195501        0.000000000101928        0.009816417788911       -0.009816417686983
         22.132791587520749        0.000000000056711        0.005173897446150       -0.005173897389439
         22.253735803846002        0.000000000152568       -0.009660694999505        0.009660695152073
         22.374680020171251        0.000000000083102       -0.010220922279826        0.010220922362928
         22.495624236496500        0.000000000071875       -0.007019324925136        0.007019324997011
         22.616568452821753        0.000000000092715        0.008153199655003       -0.008153199562288
         22.737512669147002        0.000000000077173        0.010287739416297       -0.010287739339123
         22.858456885472251        0.000000000011002        0.008742248247828       -0.008742248236826
         22.979401101797500        0.000000000072433       -0.006493660017541        0.006493660089974
         23.100345318122752        0.000000000024019       -0.010114579585924        0.010114579609943
         23.221289534448001        0.000000000002518       -0.010274275389445        0.010274275391963
         23.342233750773250        0.000000000003460        0.004611302102568       -0.004611302099108
         23.463177967098503       -0.000000000002612        0.009750980842130       -0.009750980844742
         23.584122183423752       -0.000000000030364        0.011482585331029       -0.011482585361393
         23.705066399749001       -0.000000000020276       -0.002517371654244        0.002517371633968
         23.826010616074250       -0.000000000026092       -0.009288096664668        0.009288096638576
         23.946954832399502       -0.000000000026357       -0.012357762657108        0.012357762630751
         24.067899048724751       -0.000000000021074        0.000204071087768       -0.000204071108842
         24.188843265050000       -0.000000000024830        0.008669156873257       -0.008669156898087
         24.309787481375253        0.000000000002090        0.012879858366189       -0.012879858364100
         24.430731697700502        0.000000000002583        0.002181154135682       -0.002181154133099
         24.551675914025751        0.000000000000328       -0.007863986469024        0.007863986469352
         24.672620130351000        0.000000000017998       -0.013167397476446        0.013167397494444
         24.793564346676252        0.000000000052376       -0.004548331816867        0.004548331869243
         24.914508563001501        0.000000000026896        0.006731879843484       -0.006731879816588
         25.035452779326750        0.000000000055872        0.013236095933561       -0.013236095877689
         25.156396995652003        0.000000000091362        0.006714800962068       -0.006714800870706
         25.277341211977252        0.000000000047040       -0.005270812262722        0.005270812309762
         25.398285428302501        0.000000000042959       -0.013174749684162        0.013174749727121
         25.519229644627750        0.000000000101366       -0.008640130081822        0.008640130183188
         25.640173860953002        0.000000000050340        0.003414832871732       -0.003414832821392
         25.761118077278251        0.000000000035048        0.012925260322210       -0.012925260287162
         25.882062293603500        0.000000000087831        0.010196243777441       -0.010196243689610
         26.003006509928753        0.000000000031654       -0.001254761712042        0.001254761743696
         26.123950726254002       -0.000000000027108       -0.012528102923444        0.012528102896336
         26.244894942579251        0.000000000032528       -0.011392464581980        0.011392464614508
         26.365839158904500       -0.000000000014845       -0.001198861196059        0.001198861181214
         26.486783375229752       -0.000000000061336        0.011895087682026       -0.011895087743362
         26.607727591555001       -0.000000000034125        0.012152316111441       -0.012152316145565
         26.728671807880250       -0.000000000050446        0.003779063377793       -0.003779063428238
         26.849616024205503       -0.000000000127857       -0.011030134769200        0.011030134641343
         26.970560240530752       -0.000000000093012       -0.012552440483437        0.012552440390425
         27.091504456856001       -0.000000000111002       -0.006378816544395        0.006378816433392
         27.212448673181250       -0.000000000137549        0.009814555181282       -0.009814555318831
         27.333392889506502       -0.000000000138177        0.012610819569219       -0.012610819707396
         27.454337105831751       -0.000000000132946        0.008768884951243       -0.008768885084189
         27.575281322157000       -0.000000000141948       -0.008230724067799        0.008230723925850
         27.696225538482253       -0.000000000142524       -0.012443573229505        0.012443573086980
         27.817169754807502       -0.000000000138080       -0.010829042820136        0.010829042682056
         27.938113971132751       -0.000000000120286        0.006234753789101       -0.006234753909387
         28.059058187458000       -0.000000000104972        0.012054930662409       -0.012054930767381
         28.180002403783252       -0.000000000135759        0.012442457663465       -0.012442457799224
         28.300946620108501       -0.000000000055344       -0.003933111082896        0.003933111027552
         28.421890836433750       -0.000000000057468       -0.011451106862912        0.011451106805444
         28.542835052759003       -0.000000000061772       -0.013635198660873        0.013635198599101
         28.663779269084252       -0.000000000027313        0.001453469888165       -0.001453469915477
         28.784723485409501        0.000000000028098        0.010552807450041       -0.010552807421944
         28.905667701734750       -0.000000000042889        0.014449164026036       -0.014449164068925
         29.026611918060002        0.000000000046048        0.001014037885475       -0.001014037839427
         29.147556134385251        0.000000000072665       -0.009316429154861        0.009316429227527
         29.268500350710500        0.000000000054065       -0.014967876652155        0.014967876706220
         29.389444567035753        0.000000000053418       -0.003326644926928        0.003326644980346
         29.510388783361002        0.000000000122106        0.007711887649066       -0.007711887526960
         29.631332999686251        0.000000000050412        0.015238915550880       -0.015238915500468
         29.752277216011500        0.000000000082232        0.005374226012378       -0.005374225930146
         29.873221432336752        0.000000000104494       -0.005767533739680        0.005767533844174
         29.994165648662001        0.000000000104065       -0.015291131996679        0.015291132100744
         30.115109864987250        0.000000000052524       -0.007111805601545        0.007111805654069
         30.236054081312503        0.000000000094545        0.003546813106331       -0.003546813011786
         30.356998297637752        0.000000000054544        0.015109895998072       -0.015109895943528
         30.477942513963001        0.000000000044987        0.008542894610899       -0.008542894565913
         30.598886730288250        0.000000000034390       -0.001161799655450        0.001161799689841
         30.719830946613502        0.000000000058625       -0.014651088601908        0.014651088660533
         30.840775162938751        0.000000000010355       -0.009729670698708        0.009729670709063
         30.961719379264000        0.000000000019964       -0.001258087059597        0.001258087079561
         31.082663595589253        0.000000000013651        0.013833128488823       -0.013833128475172
         31.203607811914502        0.000000000010856        0.010738035775940       -0.010738035765084
         31.324552028239751        0.000000000010268        0.003570481625463       -0.003570481615195
         31.445496244565000        0.000000000005273       -0.012612101686342        0.012612101691615
         31.566440460890252        0.000000000027512       -0.011626722095413        0.011626722122925
         31.687384677215501        0.000000000031137       -0.005713617577349        0.005713617608486
         31.808328893540750        0.000000000028325        0.010974212987521       -0.010974212959196
         31.929273109866003        0.000000000052368        0.012346662996721       -0.012346662944352
         32.050217326191252        0.000000000100318        0.007660884140890       -0.007660884040571
         32.171161542516501        0.000000000032114       -0.009022502567464        0.009022502599578
         32.292105758841750        0.000000000102370       -0.012829828005065        0.012829828107435
         32.413049975166999        0.000000000122163       -0.009485634465136        0.009485634587299
         32.533994191492248        0.000000000098147        0.006845894984684       -0.006845894886536
         32.654938407817504        0.000000000116109        0.012929853982675       -0.012929853866566
         32.775882624142753        0.000000000192868        0.011198095106560       -0.011198094913693
         32.896826840468002        0.000000000092105       -0.004593481087591        0.004593481179695
         33.017771056793251        0.000000000131596       -0.012593785829949        0.012593785961545
         33.138715273118500        0.000000000154149       -0.012839591857451        0.012839592011600
         33.259659489443749        0.000000000128470        0.002314188929476       -0.002314188801006
         33.380603705768998        0.000000000096472        0.011746169175585       -0.011746169079114
         33.501547922094254        0.000000000167509        0.014330126989466       -0.014330126821958
         33.622492138419503        0.000000000078928       -0.000097310768955        0.000097310847883
         33.743436354744752        0.000000000072123       -0.010442464813926        0.010442464886050
         33.864380571070001        0.000000000065822       -0.015619490320519        0.015619490386341
         33.985324787395250        0.000000000068071       -0.002073781106474        0.002073781174545
         34.106269003720499        0.000000000006735        0.008725121260091       -0.008725121253355
         34.227213220045748        0.000000000046723        0.016552731588526       -0.016552731541803
         34.348157436371004       -0.000000000000991        0.004178269004027       -0.004178269005018
         34.469101652696253       -0.000000000014063       -0.006751418700160        0.006751418686096
         34.590045869021502       -0.000000000034716       -0.017021726487958        0.017021726453242
         34.710990085346751       -0.000000000022237       -0.006264827105492        0.006264827083255
         34.831934301672000       -0.000000000046958        0.004645732108412       -0.004645732155369
         34.952878517997249       -0.000000000038473        0.016896045987803       -0.016896046026277
         35.073822734322498       -0.000000000043226        0.008312946931837       -0.008312946975062
         35.194766950647754       -0.000000000041529       -0.002545135315329        0.002545135273800
         35.315711166973003       -0.000000000021007       -0.016154742624462        0.016154742603456
         35.436655383298252       -0.000000000033516       -0.010271885197915        0.010271885164399
         35.557599599623501       -0.000000000006146        0.000498973860386       -0.000498973866532
         35.678543815948750        0.000000000008877        0.014855368368574       -0.014855368359698
         35.799488032273999        0.000000000014032        0.012017374621943       -0.012017374607911
         35.920432248599248        0.000000000024781        0.001497821476276       -0.001497821451494
         36.041376464924504        0.000000000099976       -0.013129458324422        0.013129458424398
         36.162320681249753        0.000000000072489       -0.013398666271760        0.013398666344249
         36.283264897575002        0.000000000090732       -0.003464680075045        0.003464680165777
         36.404209113900251        0.000000000144901        0.011144340604387       -0.011144340459486
         36.525153330225500        0.000000000133248        0.014312382256358       -0.014312382123110
         36.646097546550749        0.000000000122061        0.005431260446914       -0.005431260324853
         36.767041762875998        0.000000000214695       -0.009017860426618        0.009017860641313
         36.887985979201254        0.000000000199975       -0.014675939727019        0.014675939926994
         37.008930195526503        0.000000000160100       -0.007363610566950        0.007363610727050
         37.129874411851752        0.000000000223638        0.006875318093442       -0.006875317869804
         37.250818628177001        0.000000000212162        0.014500015617406       -0.014500015405244
         37.371762844502250        0.000000000152635        0.009256653843237       -0.009256653690602
         37.492707060827499        0.000000000222690       -0.004766218559888        0.004766218782577
         37.613651277152748        0.000000000220367       -0.013781047982476        0.013781048202843
         37.734595493478004        0.000000000153997       -0.011046240243474        0.011046240397472
         37.855539709803253        0.000000000178773        0.002763722150250       -0.002763721971476
         37.976483926128502        0.000000000184175        0.012597609371539       -0.012597609187364
         38.097428142453751        0.000000000115378        0.012703275843521       -0.012703275728143
         38.218372358779000        0.000000000147541       -0.000851782516110        0.000851782663651
         38.339316575104249        0.000000000143725       -0.011017824932074        0.011017825075799
         38.460260791429498        0.000000000115215       -0.014121542809098        0.014121542924314
         38.581205007754754        0.000000000111473       -0.000987548563081        0.000987548674554
         38.702149224080003        0.000000000117257        0.009187086014763       -0.009187085897506
         38.823093440405252        0.000000000108372        0.015209200358617       -0.015209200250245
         38.944037656730501        0.000000000110488        0.002832286370548       -0.002832286260060
         39.064981873055750        0.000000000115227       -0.007220574726111        0.007220574841338
         39.185926089380999        0.000000000116379       -0.015859338383009        0.015859338499387
         39.306870305706248        0.000000000145850       -0.004708545694410        0.004708545840260
         39.427814522031504        0.000000000126323        0.005206778864677       -0.005206778738354
         39.548758738356753        0.000000000169143        0.016040436532631       -0.016040436363488
         39.669702954682002        0.000000000171890        0.006586530499621       -0.006586530327732
         39.790647171007251        0.000000000188950       -0.003155303470233        0.003155303659183
         39.911591387332500        0.000000000151023       -0.015784335277482        0.015784335428505
         40.032535603657749        0.000000000240197       -0.008371475000548        0.008371475240745
         40.153479819982998        0.000000000195254        0.001028885076726       -0.001028884881472
         40.274424036308254        0.000000000212927        0.015152562990592       -0.015152562777665
         40.395368252633503        0.000000000233962        0.009938949684763       -0.009938949450801
         40.516312468958752        0.000000000256457        0.001192529282058       -0.001192529025601
         40.637256685284001        0.000000000144004       -0.014211713893356        0.014211714037360
         40.758200901609250        0.000000000250654       -0.011203275894220        0.011203276144874
         40.879145117934499        0.000000000206450       -0.003500167623394        0.003500167829844
         41.000089334259748        0.000000000169481        0.012976875295446       -0.012976875125966
         41.121033550585004        0.000000000179994        0.012109787978162       -0.012109787798168
         41.241977766910253        0.000000000216953        0.005807820836346       -0.005807820619393
         41.362921983235502        0.000000000074357       -0.011442989232371        0.011442989306728
         41.483866199560751        0.000000000139330       -0.012673478095877        0.012673478235207
         41.604810415886000        0.000000000121054       -0.007992621683244        0.007992621804299
         41.725754632211249        0.000000000072003        0.009569812205234       -0.009569812133231
         41.846698848536505        0.000000000057081        0.012938243479615       -0.012938243422535
         41.967643064861754        0.000000000091194        0.009902521539350       -0.009902521448155
         42.088587281187003        0.000000000012845       -0.007331470687684        0.007331470700530
         42.209531497512252        0.000000000020559       -0.012954441517266        0.012954441537825
         42.330475713837501        0.000000000023033       -0.011407715653931        0.011407715676964
         42.451419930162750        0.000000000008597        0.004762027387178       -0.004762027378581
         42.572364146487999        0.000000000003765        0.012750152704072       -0.012750152700306
         42.693308362813255       -0.000000000001010        0.012465525350057       -0.012465525351067
         42.814252579138504        0.000000000013790       -0.001953154366644        0.001953154380434
         42.935196795463753        0.000000000024310       -0.012273479133623        0.012273479157934
         43.056141011789002        0.000000000010346       -0.013082245801452        0.013082245811797
         43.177085228114251        0.000000000033012       -0.000900789076528        0.000900789109540
         43.298029444439500        0.000000000069073        0.011485113287901       -0.011485113218828
         43.418973660764749        0.000000000035942        0.013360964509278       -0.013360964473336
         43.539917877090005        0.000000000063844        0.003645938103411       -0.003645938039567
         43.660862093415254        0.000000000141219       -0.010305146430673        0.010305146571891
         43.781806309740503        0.000000000093132       -0.013339804430290        0.013339804523422
         43.902750526065752        0.000000000113609       -0.006099905021452        0.006099905135061
         44.023694742391001        0.000000000172199        0.008778931540510       -0.008778931368312
         44.144638958716250        0.000000000146096        0.013105404508597       -0.013105404362501
         44.265583175041499        0.000000000117798        0.008221076425518       -0.008221076307720
         44.386527391366755        0.000000000227879       -0.006915155545495        0.006915155773374
         44.507471607692004        0.000000000174711       -0.012634120889435        0.012634121064146
         44.628415824017253        0.000000000160805       -0.009919201504277        0.009919201665082
         44.749360040342502        0.000000000195321        0.004834865281911       -0.004834865086590
         44.870304256667751        0.000000000187334        0.012001213746778       -0.012001213559444
         44.991248472993000        0.000000000122197        0.011218524782568       -0.011218524660371
         45.112192689318249        0.000000000182466       -0.002549345183638        0.002549345366103
         45.233136905643505        0.000000000157491       -0.011197157096278        0.011197157253770
         45.354081121968754        0.000000000122239       -0.012047057348073        0.012047057470312
         45.475025338294003        0.000000000116020        0.000156338248754       -0.000156338132733
         45.595969554619252        0.000000000116266        0.010315939996847       -0.010315939880581
         45.716913770944501        0.000000000073956        0.012450029470087       -0.012450029396131
         45.837857987269750        0.000000000071725        0.002336367480130       -0.002336367408404
         45.958802203594999        0.000000000073080       -0.009326944710659        0.009326944783739
         46.079746419920255        0.000000000053429       -0.012421306582949        0.012421306636379
         46.200690636245504        0.000000000044913       -0.004793182825298        0.004793182870211
         46.321634852570753        0.000000000042291        0.008238650073725       -0.008238650031434
         46.442579068896002        0.000000000040993        0.012090365037302       -0.012090364996308
         46.563523285221251        0.000000000051733        0.007126548296208       -0.007126548244475
         46.684467501546500        0.000000000032862       -0.006946322281425        0.006946322314287
         46.805411717871749        0.000000000052310       -0.011525807830487        0.011525807882797
         46.926355934197005        0.000000000071807       -0.009179532900340        0.009179532972147
         47.047300150522254        0.000000000063197        0.005432685926906       -0.005432685863709
         47.168244366847503        0.000000000065332        0.010826150098562       -0.010826150033230
         47.289188583172752        0.000000000134258        0.010906561607024       -0.010906561472765
         47.410132799498001        0.000000000067861       -0.003679354421609        0.003679354489470
         47.531077015823250        0.000000000100635       -0.009973381162037        0.009973381262672
         47.652021232148499        0.000000000126918       -0.012264795956230        0.012264796083147
         47.772965448473755        0.000000000118731        0.001773607063523       -0.001773606944792
         47.893909664799004        0.000000000085332        0.008961145905918       -0.008961145820585
         48.014853881124253        0.000000000168251        0.013282801951402       -0.013282801783151
         48.135798097449502        0.000000000087499        0.000224112039542       -0.000224111952043
         48.256742313774751        0.000000000091298       -0.007747967818110        0.007747967909408
         48.377686530100000        0.000000000089549       -0.013933073110276        0.013933073199826
         48.498630746425249        0.000000000090839       -0.002229529468333        0.002229529559172
         48.619574962750505        0.000000000027580        0.006374684912895       -0.006374684885314
         48.740519179075754        0.000000000071146        0.014198327294351       -0.014198327223205
         48.861463395401003        0.000000000016674        0.004231369115734       -0.004231369099060
         48.982407611726252       -0.000000000007339       -0.004884169260484        0.004884169253145
         49.103351828051501       -0.000000000032947       -0.013996829440483        0.013996829407536
         49.224296044376750       -0.000000000029563       -0.006189476991083        0.006189476961520
         49.345240260701999       -0.000000000076731        0.003388654328838       -0.003388654405569
         49.466184477027255       -0.000000000075572        0.013312528698137       -0.013312528773710
         49.587128693352504       -0.000000000092958        0.008101973277289       -0.008101973370247
         49.708072909677753       -0.000000000114435       -0.001925093687315        0.001925093572880
         49.829017126003002       -0.000000000126176       -0.012126650812478        0.012126650686303
         49.949961342328251       -0.000000000129048       -0.009858488548667        0.009858488419618
         50.070905558653500       -0.000000000136075        0.000546202826911       -0.000546202962986
         50.191849774978749       -0.000000000135137        0.010566974242073       -0.010566974377209
         50.312793991304005       -0.000000000136353        0.011375587347268       -0.011375587483621
         50.433738207629254       -0.000000000128646        0.000820325894928       -0.000820326023574
         50.554682423954503       -0.000000000114223       -0.008732248098861        0.008732247984638
         50.675626640279752       -0.000000000104712       -0.012475128739806        0.012475128635093
         50.796570856605001       -0.000000000102384       -0.002162940191751        0.002162940089367
         50.917515072930250       -0.000000000065870        0.006814756356782       -0.006814756422652
         51.038459289255499       -0.000000000072727        0.013123495749159       -0.013123495821886
         51.159403505580755       -0.000000000044903        0.003534521008702       -0.003534521053605
         51.280347721906004       -0.000000000025701       -0.004854989581832        0.004854989556131
         51.401291938231253        0.000000000013222       -0.013253386812853        0.013253386826075
         51.522236154556502       -0.000000000015312       -0.004825632223072        0.004825632207760
         51.643180370881751        0.000000000037745        0.002957331688823       -0.002957331651078
         51.764124587207000        0.000000000030802        0.012978176895884       -0.012978176865082
         51.885068803532249        0.000000000039557        0.006025017827000       -0.006025017787444
         52.006013019857505        0.000000000037494       -0.001077542177518        0.001077542215012
         52.126957236182754        0.000000000094447       -0.012306575429440        0.012306575523887
         52.247901452508003        0.000000000031168       -0.007010420617530        0.007010420648697
         52.368845668833252        0.000000000058691       -0.000690388786927        0.000690388845619
         52.489789885158501        0.000000000058368        0.011360451930325       -0.011360451871957
         52.610734101483750        0.000000000037106        0.007834467670633       -0.007834467633527
         52.731678317808999        0.000000000010295        0.002357013568260       -0.002357013557965
         52.852622534134255        0.000000000054152       -0.010096741046961        0.010096741101113
         52.973566750459504       -0.000000000004970       -0.008462416058172        0.008462416053202
         53.094510966784753       -0.000000000008723       -0.003783085751028        0.003783085742305
         53.215455183110002       -0.000000000007758        0.008582172305543       -0.008582172313301
         53.336399399435251       -0.000000000029208        0.009003841053276       -0.009003841082484
         53.457343615760500       -0.000000000048246        0.004971126292858       -0.004971126341104
         53.578287832085749       -0.000000000037071       -0.006773429526171        0.006773429489100
         53.699232048411005       -0.000000000051569       -0.009413828748984        0.009413828697415
         53.820176264736254       -0.000000000054478       -0.005853823823812        0.005853823769335
         53.941120481061503       -0.000000000053545        0.004798912524482       -0.004798912578027
         54.062064697386752       -0.000000000048935        0.009706878937496       -0.009706878986431
         54.183008913712001       -0.000000000039300        0.006543844965535       -0.006543845004835
         54.303953130037250       -0.000000000038277       -0.002723199246896        0.002723199208619
         54.424897346362499       -0.000000000029761       -0.009743148067079        0.009743148037318
         54.545841562687755       -0.000000000005865       -0.007073569648218        0.007073569642354
         54.666785779013004       -0.000000000002857        0.000726028142754       -0.000726028145611
         54.787729995338253        0.000000000009148        0.009495203788325       -0.009495203779178
         54.908674211663502        0.000000000029564        0.007554356122808       -0.007554356093244
         55.029618427988751        0.000000000045879        0.001149855078461       -0.001149855032582
         55.150562644314000        0.000000000023423       -0.008882177749469        0.008882177772892
         55.271506860639249        0.000000000059022       -0.007951963976048        0.007951964035070
         55.392451076964505        0.000000000062595       -0.002809482380350        0.002809482442945
         55.513395293289754        0.000000000047305        0.007961798023752       -0.007961797976446
         55.634339509615003        0.000000000052115        0.008294941970338       -0.008294941918223
         55.755283725940252        0.000000000075553        0.004270044310214       -0.004270044234661
         55.876227942265501        0.000000000018136       -0.006716088278658        0.006716088296794
         55.997172158590750        0.000000000029490       -0.008519396784421        0.008519396813911
         56.118116374915999        0.000000000033616       -0.005449189756145        0.005449189789761
         56.239060591241255       -0.000000000004224        0.005218416543100       -0.005218416547324
         56.360004807566504       -0.000000000022192        0.008670073514047       -0.008670073536239
         56.480949023891753       -0.000000000008112        0.006350005107726       -0.006350005115838
         56.601893240217002       -0.000000000056046       -0.003451742739874        0.003451742683828
         56.722837456542251       -0.000000000075374       -0.008699410599549        0.008699410524175
         56.843781672867500       -0.000000000069422       -0.006893306213338        0.006893306143916
         56.964725889192749       -0.000000000096422        0.001527848094636       -0.001527848191058
         57.085670105518005       -0.000000000114823        0.008638027917448       -0.008638028032271
         57.206614321843254       -0.000000000113181        0.007147954920492       -0.007147955033674
         57.327558538168503       -0.000000000123555        0.000495124737806       -0.000495124861361
         57.448502754493752       -0.000000000134113       -0.008373365936603        0.008373365802490
         57.569446970819001       -0.000000000131810       -0.007128339517499        0.007128339385690
         57.690391187144250       -0.000000000129209       -0.002408259714019        0.002408259584810
         57.811335403469499       -0.000000000120966        0.007888056397659       -0.007888056518625
         57.932279619794755       -0.000000000117928        0.006987374358693       -0.006987374476621
         58.053223836120004       -0.000000000111531        0.004125383002536       -0.004125383114067
         58.174168052445253       -0.000000000075691       -0.007075909674038        0.007075909598347
         58.295112268770502       -0.000000000079837       -0.006730356878524        0.006730356798686
         58.416056485095751       -0.000000000062183       -0.005496019710447        0.005496019648264
         58.537000701421000       -0.000000000027391        0.006025090477044       -0.006025090504436
         58.657944917746249       -0.000000000013508        0.006431645156229       -0.006431645169737
         58.778889134071505       -0.000000000019725        0.006577410073017       -0.006577410092742
         58.899833350396754        0.000000000044133       -0.004761927269312        0.004761927313445
         59.020777566722003        0.000000000037842       -0.005986779072401        0.005986779110243
         59.141721783047252        0.000000000045155       -0.007350246598674        0.007350246643829
         59.262665999372501        0.000000000077852        0.003477223692687       -0.003477223614834
         59.383610215697750        0.000000000091698        0.005417723854622       -0.005417723762924
         59.504554432022999        0.000000000066955        0.007944820663400       -0.007944820596445
         59.625498648348255        0.000000000112157       -0.002208786795066        0.002208786907223
         59.746442864673504        0.000000000099573       -0.004637197394669        0.004637197494242
         59.867387080998753        0.000000000091028       -0.008331058942211        0.008331059033240
         59.988331297324002        0.000000000095709        0.001084881090188       -0.001084880994480
         60.109275513649251        0.000000000096108        0.003743806313491       -0.003743806217383
         60.230219729974500        0.000000000067217        0.008576477211939       -0.008576477144722
         60.351163946299749        0.000000000076150       -0.000037465876808        0.000037465952958
         60.472108162625005        0.000000000058275       -0.002746307618819        0.002746307677093
         60.593052378950254        0.000000000047848       -0.008572105309085        0.008572105356933
         60.713996595275503        0.000000000035115       -0.000911905130198        0.000911905165313
         60.834940811600752        0.000000000028958        0.001816536659544       -0.001816536630586
         60.955885027926001        0.000000000016485        0.008329191445411       -0.008329191428926
         61.076829244251250        0.000000000012941        0.001887600761979       -0.001887600749038
         61.197773460576499        0.000000000008120       -0.000977075823349        0.000977075831469
         61.318717676901755        0.000000000007685       -0.007754780184663        0.007754780192348
         61.439661893227004        0.000000000011041       -0.002843453255825        0.002843453266867
         61.560606109552253        0.000000000015164        0.000320890805770       -0.000320890790606
         61.681550325877502        0.000000000021674        0.006952513553360       -0.006952513531686
         61.802494542202751        0.000000000036382        0.003794962254647       -0.003794962218265
         61.923438758528000        0.000000000047875        0.000261264163368       -0.000261264115493
         62.044382974853249        0.000000000055121       -0.005960143541135        0.005960143596255
         62.165327191178505        0.000000000081006       -0.004580342621049        0.004580342702054
         62.286271407503754        0.000000000092164       -0.000789339288665        0.000789339380829
         62.407215623829003        0.000000000099585        0.004959972361718       -0.004959972262133
         62.528159840154252        0.000000000125784        0.005163889392475       -0.005163889266691
         62.649104056479501        0.000000000133985        0.001395550707644       -0.001395550573659
         62.770048272804750        0.000000000133670       -0.003982428302349        0.003982428436019
         62.890992489129999        0.000000000154390       -0.005420563255319        0.005420563409709
         63.011936705455255        0.000000000155352       -0.002047520210055        0.002047520365407
         63.132880921780504        0.000000000146958        0.003145405105662       -0.003145404958705
         63.253825138105753        0.000000000156583        0.005390311301708       -0.005390311145125
         63.374769354431002        0.000000000149724        0.002805760034370       -0.002805759884647
         63.495713570756251        0.000000000132555       -0.002414700666142        0.002414700798697
         63.616657787081500        0.000000000131257       -0.005014127923626        0.005014128054883
         63.737602003406749        0.000000000118148       -0.003583965192818        0.003583965310966
         63.858546219732006        0.000000000096641        0.001865843009696       -0.001865842913055
         63.979490436057254        0.000000000087542        0.004385666644824       -0.004385666557282
         64.100434652382503        0.000000000072270        0.004402859169147       -0.004402859096877
         64.221378868707745        0.000000000050871       -0.001421050844977        0.001421050895847
         64.342323085033001        0.000000000039823       -0.003506568763563        0.003506568803386
         64.463267301358258        0.000000000026923       -0.005122895321709        0.005122895348632
         64.584211517683499        0.000000000010639        0.001094909224194       -0.001094909213555
         64.705155734008756        0.000000000003264        0.002551459026816       -0.002551459023552
         64.826099950333997       -0.000000000004059        0.005705047348782       -0.005705047352841
         64.947044166659254       -0.000000000010293       -0.000742494369284        0.000742494358991
         65.067988382984495       -0.000000000011693       -0.001587618791077        0.001587618779384
         65.188932599309751       -0.000000000010009       -0.005981705171981        0.005981705161971
         65.309876815635008       -0.000000000005729        0.000357101300593       -0.000357101306322
         65.430821031960249       -0.000000000000140        0.000788452885986       -0.000788452886126
         65.551765248285506        0.000000000011431        0.005966121371343       -0.005966121359911
         65.672709464610747        0.000000000022678        0.000144750382944       -0.000144750360266
         65.793653680936004        0.000000000036789       -0.000130487821454        0.000130487858243
         65.914597897261245        0.000000000050885       -0.005623721551359        0.005623721602244
         66.035542113586502        0.000000000071686       -0.000647904190115        0.000647904261801
         66.156486329911758        0.000000000082750       -0.000353997504897        0.000353997587647
         66.277430546236999        0.000000000105792        0.005116515614938       -0.005116515509145
         66.398374762562256        0.000000000118582        0.001120216160816       -0.001120216042234
         66.519318978887497        0.000000000134495        0.000798581031018       -0.000798580896523
         66.640263195212754        0.000000000145936       -0.004505490675046        0.004505490820983
         66.761207411537995        0.000000000161971       -0.001405479437465        0.001405479599436
         66.882151627863252        0.000000000161581       -0.001208981187155        0.001208981348735
         67.003095844188508        0.000000000176568        0.003957494909678       -0.003957494733110
         67.124040060513749        0.000000000172919        0.001505360921783       -0.001505360748864
         67.244984276839006        0.000000000172951        0.001682998103615       -0.001682997930665
         67.365928493164247        0.000000000167659       -0.003477499765242        0.003477499932901
         67.486872709489504        0.000000000165437       -0.001349037368944        0.001349037534381
         67.607816925814745        0.000000000145977       -0.002159090300275        0.002159090446251
         67.728761142140002        0.000000000145184        0.003141914874266       -0.003141914729082
         67.849705358465258        0.000000000124640        0.001035019445143       -0.001035019320503
         67.970649574790500        0.000000000112750        0.002652995517271       -0.002652995404521
         68.091593791115756        0.000000000096002       -0.002859260539244        0.002859260635245
         68.212538007440997        0.000000000085895       -0.000590308865779        0.000590308951675
         68.333482223766254        0.000000000065881       -0.003026088800948        0.003026088866829
         68.454426440091495        0.000000000060869        0.002617052343944       -0.002617052283075
         68.575370656416752        0.000000000047595        0.000187151568641       -0.000187151521045
         68.696314872742008        0.000000000042301        0.003247228461059       -0.003247228418758
         68.817259089067250        0.000000000037897       -0.002279935589981        0.002279935627879
         68.938203305392506        0.000000000037285        0.000137997688887       -0.000137997651602
         69.059147521717748        0.000000000040844       -0.003201481766900        0.003201481807744
         69.180091738043004        0.000000000042895        0.001879071938899       -0.001879071896004
         69.301035954368245        0.000000000055356       -0.000290979403457        0.000290979458813
         69.421980170693502        0.000000000060405        0.002970610551067       -0.002970610490662
         69.542924387018758        0.000000000077049       -0.001395134594601        0.001395134671650
         69.663868603344000        0.000000000084616        0.000377255390148       -0.000377255305532
         69.784812819669256        0.000000000104296       -0.002578776712202        0.002578776816498
         69.905757035994498        0.000000000108576        0.000986957613495       -0.000986957504920
         70.026701252319754        0.000000000129355       -0.000413635698676        0.000413635828031
         70.147645468644996        0.000000000130124        0.002202306396495       -0.002202306266371
         70.268589684970252        0.000000000146493       -0.000684606912621        0.000684607059114
         70.389533901295508        0.000000000144346        0.000538950964220       -0.000538950819874
         70.510478117620750        0.000000000154457       -0.001863012639590        0.001863012794047
         70.631422333946006        0.000000000144691        0.000616695252503       -0.000616695107811
         70.752366550271248        0.000000000150789       -0.000719923229149        0.000719923379939
         70.873310766596504        0.000000000132916        0.001677757009927       -0.001677756877011
         70.994254982921746        0.000000000133471       -0.000729034550724        0.000729034684195
         71.115199199247002        0.000000000111136        0.001018409113858       -0.001018409002722
         71.236143415572258        0.000000000106664       -0.001584273113511        0.001584273220175
         71.357087631897500        0.000000000079028        0.001058991267667       -0.001058991188638
         71.478031848222756        0.000000000073310       -0.001319107006199        0.001319107079509
         71.598976064547998        0.000000000043190        0.001616443417207       -0.001616443374018
         71.719920280873254        0.000000000036483       -0.001462433493456        0.001462433529939
         71.840864497198496        0.000000000008030        0.001606678908028       -0.001606678899998
         71.961808713523752        0.000000000001739       -0.001635707436960        0.001635707438699
         72.082752929849008       -0.000000000022428        0.001895043520145       -0.001895043542573
         72.203697146174250       -0.000000000027645       -0.001712265900381        0.001712265872736
         72.324641362499506       -0.000000000043980        0.001620584907641       -0.001620584951620
         72.445585578824748       -0.000000000047709       -0.002178678390954        0.002178678343245
         72.566529795150004       -0.000000000054731        0.001613844372630       -0.001613844427360
