#             time (fs)      |   total net charge (e)  |   charge (atom_1) (e)   |   charge (atom_2) (e)   |        ...        |   charge (atom_N) (e)   |
          0.000000000000000       -0.000000000000000       -0.000000000000000        0.000000000000000
          0.120944216325250       -0.000000023387194       -0.183653785154115        0.183653761766921
          0.241888432650500       -0.000000037524113        0.034461590805497       -0.034461628329610
          0.362832648975750       -0.000000078076556       -0.117278202725302        0.117278124648747
          0.483776865301000       -0.000000081131682        0.117275228626907       -0.117275309758589
          0.604721081626250       -0.000000112049583       -0.030212554815283        0.030212442765699
          0.725665297951500       -0.000000139796164        0.181479185168802       -0.181479324964965
          0.846609514276750       -0.000000113126444        0.015882871936149       -0.015882985062593
          0.967553730602000       -0.000000188649234        0.168904520592375       -0.168904709241609
          1.088497946927250       -0.000000131959280       -0.003997440251249        0.003997308291969
          1.209442163252500       -0.000000192068338        0.071520021129542       -0.071520213197880
          1.330386379577750       -0.000000198841450       -0.057066259100571        0.057066060259121
          1.451330595903000       -0.000000165985020       -0.059351634708250        0.059351468723230
          1.572274812228250       -0.000000244188688       -0.079680979791355        0.079680735602666
          1.693219028553500       -0.000000171389809       -0.145701808795707        0.145701637405897
          1.814163244878750       -0.000000227689000       -0.030769834748220        0.030769607059220
          1.935107461204000       -0.000000205300642       -0.142470336089067        0.142470130788425
          2.056051677529250       -0.000000206241120        0.071011356683828       -0.071011562924948
          2.176995893854500       -0.000000210988786       -0.062362523437594        0.062362312448809
          2.297940110179750       -0.000000211441209        0.152881667032461       -0.152881878473669
          2.418884326505000       -0.000000207505962        0.033321197501865       -0.033321405007828
          2.539828542830250       -0.000000204510591        0.147199884350247       -0.147200088860838
          2.660772759155500       -0.000000221327881        0.080177766877480       -0.080177988205361
          2.781716975480750       -0.000000200931564        0.044500526425186       -0.044500727356750
          2.902661191806000       -0.000000215842778        0.061012926223137       -0.061013142065915
          3.023605408131250       -0.000000226545416       -0.097319622683296        0.097319396137880
          3.144549624456500       -0.000000204410809        0.011150094156435       -0.011150298567244
          3.265493840781750       -0.000000241240043       -0.188342648026230        0.188342406786187
          3.386438057107000       -0.000000246393006       -0.012159944481009        0.012159698088003
          3.507382273432250       -0.000000237517922       -0.176939530660421        0.176939293142500
          3.628326489757500       -0.000000295232143        0.020018907503151       -0.020019202735294
          3.749270706082750       -0.000000272196048       -0.079206385880074        0.079206113684026
          3.870214922408000       -0.000000290155869        0.082203482480690       -0.082203772636559
          3.991159138733250       -0.000000358186443        0.034036220748800       -0.034036578935243
          4.112103355058500       -0.000000277919139        0.118082876680426       -0.118083154599566
          4.233047571383750       -0.000000432385312        0.086950217619182       -0.086950650004495
          4.353991787709000       -0.000000328594628        0.088759652301624       -0.088759980896252
          4.474936004034250       -0.000000450344295        0.055373364150355       -0.055373814494650
          4.595880220359500       -0.000000429476034        0.005095673997974       -0.005096103474008
          4.716824436684750       -0.000000437984872       -0.024847749262505        0.024847311277633
          4.837768653010000       -0.000000533970069       -0.074335968987710        0.074335435017641
          4.958712869335250       -0.000000455481131       -0.089707217372750        0.089706761891620
          5.079657085660500       -0.000000600717376       -0.087830416475171        0.087829815757795
          5.200601301985750       -0.000000523983012       -0.095981445768428        0.095980921785417
          5.321545518311000       -0.000000618674991       -0.019631245978222        0.019630627303231
          5.442489734636251       -0.000000607657818       -0.050667413717413        0.050666806059595
          5.563433950961501       -0.000000622900011        0.090127805626942       -0.090128428526953
          5.684378167286750       -0.000000663487160       -0.003381967976527        0.003381304489368
          5.805322383612000       -0.000000649267457        0.171901577402531       -0.171902226669988
          5.926266599937250       -0.000000680884644       -0.002280704836593        0.002280023951950
          6.047210816262500       -0.000000678045721        0.173816103866653       -0.173816781912374
          6.168155032587750       -0.000000685058562       -0.053012480940765        0.053011795882203
          6.289099248913001       -0.000000685139630        0.097482330850572       -0.097483015990202
          6.410043465238251       -0.000000680064167       -0.116558268639925        0.116557588575758
          6.530987681563500       -0.000000687516607       -0.003190756170708        0.003190068654102
          6.651931897888750       -0.000000647658761       -0.136389074437769        0.136388426779008
          6.772876114214000       -0.000000681679646       -0.063097170007501        0.063096488327856
          6.893820330539250       -0.000000606146347       -0.083131983156941        0.083131377010595
          7.014764546864500       -0.000000634916250       -0.052495009647858        0.052494374731608
          7.135708763189751       -0.000000589475160        0.021773612937426       -0.021774202412586
          7.256652979515001       -0.000000551270852        0.002066386973357       -0.002066938244210
          7.377597195840250       -0.000000576996555        0.119562422345777       -0.119562999342332
          7.498541412165500       -0.000000464445285        0.038996329980357       -0.038996794425642
          7.619485628490750       -0.000000530437153        0.152465557698210       -0.152466088135363
          7.740429844816000       -0.000000402933131        0.015436059533925       -0.015436462467056
          7.861374061141250       -0.000000445353265        0.103735725736333       -0.103736171089599
          7.982318277466501       -0.000000380481693       -0.058386024001302        0.058385643519609
          8.103262493791750       -0.000000338099609        0.010719077909125       -0.010719416008734
          8.224206710117000       -0.000000372824678       -0.125376420971231        0.125376048146553
          8.345150926442249       -0.000000236939699       -0.060290815878131        0.060290578938432
          8.466095142767500       -0.000000333028833       -0.124248805031633        0.124248472002800
          8.587039359092751       -0.000000190410985       -0.067335210963620        0.067335020552636
          8.707983575418000       -0.000000244457188       -0.036768812954124        0.036768568496936
          8.828927791743251       -0.000000204161363       -0.023006873731687        0.023006669570324
          8.949872008068500       -0.000000155237354        0.092422879456585       -0.092423034693939
          9.070816224393750       -0.000000196488351        0.020011745786151       -0.020011942274502
          9.191760440718999       -0.000000122141934        0.180997590723884       -0.180997712865818
          9.312704657044250       -0.000000138362946        0.013072158219193       -0.013072296582139
          9.433648873369501       -0.000000122702482        0.171936983175977       -0.171937105878459
          9.554593089694750       -0.000000099391550       -0.045239059837142        0.045238960445593
          9.675537306020001       -0.000000103962033        0.069542779421720       -0.069542883383753
          9.796481522345250       -0.000000103631911       -0.103437675313886        0.103437571681974
          9.917425738670500       -0.000000088372572       -0.060161519329381        0.060161430956810
         10.038369954995749       -0.000000096217698       -0.101475225388847        0.101475129171148
         10.159314171321000       -0.000000098802629       -0.134529419128834        0.134529320326205
         10.280258387646251       -0.000000089201177       -0.021171671767426        0.021171582566249
         10.401202603971500       -0.000000099452708       -0.118050829933704        0.118050730480996
         10.522146820296751       -0.000000104703650        0.095998058689191       -0.095998163392840
         10.643091036622000       -0.000000098621571       -0.039584608497016        0.039584509875445
         10.764035252947250       -0.000000099943185        0.172241965552599       -0.172242065495785
         10.884979469272501       -0.000000135785410        0.030968973134457       -0.030969108919867
         11.005923685597750       -0.000000077425010        0.154797527406722       -0.154797604831732
         11.126867901923001       -0.000000154580443        0.041578862067496       -0.041579016647939
         11.247812118248250       -0.000000093933974        0.050216105921880       -0.050216199855854
         11.368756334573501       -0.000000105532326       -0.000780976060945        0.000780870528619
         11.489700550898750       -0.000000139521548       -0.078803460819834        0.078803321298286
         11.610644767224001       -0.000000047641480       -0.042859720242752        0.042859672601272
         11.731588983549251       -0.000000151246277       -0.154108989334228        0.154108838087951
         11.852533199874500       -0.000000044351441       -0.031494237654158        0.031494193302718
         11.973477416199751       -0.000000109542316       -0.141516575235216        0.141516465692900
         12.094421632525000       -0.000000064842553        0.041847407100390       -0.041847471942943
         12.215365848850251       -0.000000044178777       -0.067668384964100        0.067668340785323
         12.336310065175500       -0.000000069007927        0.131229357964187       -0.131229426972114
         12.457254281500751        0.000000007686215        0.002895255692812       -0.002895248006598
         12.578198497826001       -0.000000051655046        0.172001269721091       -0.172001321376136
         12.699142714151250        0.000000033406644        0.016890190596416       -0.016890157189772
         12.820086930476501       -0.000000008693134        0.132197058750450       -0.132197067443585
         12.941031146801750        0.000000039446198       -0.028036604319837        0.028036643766036
         13.061975363127001        0.000000055737678        0.033154446161516       -0.033154390423838
         13.182919579452250        0.000000039330261       -0.082611452404083        0.082611491734344
         13.303863795777501        0.000000103908181       -0.066896893523522        0.066896997431703
         13.424808012102751        0.000000057095147       -0.084757651557089        0.084757708652236
         13.545752228428000        0.000000111383762       -0.114185170782472        0.114185282166235
         13.666696444753251        0.000000091273154       -0.012649014367723        0.012649105640878
         13.787640661078500        0.000000106431779       -0.094092195049700        0.094092301481478
         13.908584877403751        0.000000106954202        0.097990964913937       -0.097990857959736
         14.029529093729000        0.000000104958921       -0.039984079529660        0.039984184488581
         14.150473310054251        0.000000099817406        0.178769065210796       -0.178768965393390
         14.271417526379501        0.000000086430981       -0.005938678611404        0.005938765042385
         14.392361742704750        0.000000085263784        0.177452974649452       -0.177452889385668
         14.513305959030001        0.000000050139724       -0.023512253546050        0.023512303685773
         14.634250175355250        0.000000040883074        0.096971826633830       -0.096971785750756
         14.755194391680501        0.000000022234400       -0.079639420484711        0.079639442719111
         14.876138608005750       -0.000000046590885       -0.006812740576440        0.006812693985555
         14.997082824331001       -0.000000001249904       -0.123838524956657        0.123838523706753
         15.118027040656251       -0.000000137564277       -0.064493987152890        0.064493849588613
         15.238971256981500       -0.000000061000729       -0.111150418325343        0.111150357324614
         15.359915473306751       -0.000000195058462       -0.040498319593209        0.040498124534747
         15.480859689632000       -0.000000185813383       -0.041989921530807        0.041989735717424
         15.601803905957251       -0.000000227957952        0.043405359856148       -0.043405587814100
         15.722748122282500       -0.000000335603957        0.035489739968892       -0.035490075572850
         15.843692338607751       -0.000000275627385        0.122708916876511       -0.122709192503897
         15.964636554933001       -0.000000442721204        0.058662502482526       -0.058662945203730
         16.085580771258250       -0.000000375369202        0.142057343715774       -0.142057719084976
         16.206524987583499       -0.000000492793045       -0.000831531907310        0.000831039114265
         16.327469203908752       -0.000000512949832        0.095340291028719       -0.095340803978551
         16.448413420234001       -0.000000539851802       -0.109190452533901        0.109189912682099
         16.569357636559250       -0.000000607102521        0.024143155794798       -0.024143762897319
         16.690301852884499       -0.000000624390449       -0.187302500608159        0.187301876217711
         16.811246069209751       -0.000000641578034       -0.015598099037252        0.015597457459217
         16.932190285535000       -0.000000706514915       -0.171300430376188        0.171299723861273
         17.053134501860249       -0.000000689003015       -0.001341690029008        0.001341001025993
         17.174078718185502       -0.000000739616384       -0.057406878358842        0.057406138742458
         17.295022934510751       -0.000000758436887        0.038128571583849       -0.038129330020735
         17.415967150836000       -0.000000754124213        0.089048904406810       -0.089049658531023
         17.536911367161249       -0.000000781908570        0.051267858645406       -0.051268640553977
         17.657855583486501       -0.000000776276950        0.175168591343435       -0.175169367620386
         17.778799799811750       -0.000000776208317        0.008379498693710       -0.008380274902027
         17.899744016136999       -0.000000774675882        0.152917292757167       -0.152918067433049
         18.020688232462252       -0.000000770647952       -0.071107692030412        0.071106921382460
         18.141632448787501       -0.000000755289209        0.046296491838356       -0.046297247127566
         18.262576665112750       -0.000000726702882       -0.128056922258296        0.128056195555414
         18.383520881437999       -0.000000750031162       -0.064869386028278        0.064868635997116
         18.504465097763251       -0.000000657272169       -0.111798026686575        0.111797369414406
         18.625409314088500       -0.000000713188850       -0.108529800312051        0.108529087123202
         18.746353530413749       -0.000000623847506       -0.017453923517331        0.017453299669826
         18.867297746739002       -0.000000617083907       -0.075105304640800        0.075104687556893
         18.988241963064251       -0.000000603449416        0.106227717518800       -0.106228320968215
         19.109186179389500       -0.000000527163724       -0.014368734668805        0.014368207505081
         19.230130395714749       -0.000000543021877        0.185774338798002       -0.185774881819879
         19.351074612040001       -0.000000489113575        0.006887120057328       -0.006887609170903
         19.472018828365250       -0.000000459882642        0.179877399496146       -0.179877859378788
         19.592963044690499       -0.000000451859287       -0.039850378776526        0.039849926917239
         19.713907261015752       -0.000000395493227        0.104733380618768       -0.104733776111995
         19.834851477341001       -0.000000381193127       -0.123921829901983        0.123921448708856
         19.955795693666250       -0.000000358286771        0.022769908717412       -0.022770267004183
         20.076739909991499       -0.000000312060428       -0.183276760786307        0.183276448725879
         20.197684126316751       -0.000000323764956       -0.001811852100543        0.001811528335587
         20.318628342642000       -0.000000273897657       -0.175282804687399        0.175282530789741
         20.439572558967249       -0.000000279100499        0.047556355534910       -0.047556634635408
         20.560516775292502       -0.000000245703210       -0.106433323922110        0.106433078218900
         20.681460991617751       -0.000000245734943        0.129613127899344       -0.129613373634287
         20.802405207943000       -0.000000213694023       -0.025593598808253        0.025593385114230
         20.923349424268253       -0.000000235207438        0.174373519594254       -0.174373754801692
         21.044293640593501       -0.000000196080463        0.016404463894579       -0.016404659975043
         21.165237856918750       -0.000000223009761        0.135370485897726       -0.135370708907488
         21.286182073243999       -0.000000202410303        0.005107148969966       -0.005107351380270
         21.407126289569252       -0.000000206937506        0.024472886505571       -0.024473093443077
         21.528070505894501       -0.000000207351637       -0.030225545638990        0.030225338287354
         21.649014722219750       -0.000000209988182       -0.096174610728085        0.096174400739903
         21.769958938545003       -0.000000196469701       -0.039076801505189        0.039076605035488
         21.890903154870252       -0.000000219755049       -0.157982049253780        0.157981829498731
         22.011847371195501       -0.000000191697056        0.007085772250476       -0.007085963947532
         22.132791587520749       -0.000000213600240       -0.134371635524051        0.134371421923811
         22.253735803846002       -0.000000199285370        0.093055806242598       -0.093056005527968
         22.374680020171251       -0.000000209157372       -0.059846138292385        0.059845929135014
         22.495624236496500       -0.000000192207550        0.168914963070070       -0.168915155277620
         22.616568452821753       -0.000000211511660       -0.002936800858110        0.002936589346450
         22.737512669147002       -0.000000169240006        0.184382449184317       -0.184382618424323
         22.858456885472251       -0.000000194269242       -0.012833816603211        0.012833622333969
         22.979401101797500       -0.000000162493218        0.129243141057509       -0.129243303550727
         23.100345318122752       -0.000000149108542       -0.085069461045688        0.085069311937146
         23.221289534448001       -0.000000166963561        0.043683424252774       -0.043683591216335
         23.342233750773250       -0.000000101685089       -0.164392577243736        0.164392475558647
         23.463177967098503       -0.000000136880082       -0.007619793901900        0.007619657021818
         23.584122183423752       -0.000000074968713       -0.188698427970232        0.188698353001519
         23.705066399749001       -0.000000067974972        0.015328394674280       -0.015328462649253
         23.826010616074250       -0.000000057831329       -0.136540353287326        0.136540295455997
         23.946954832399502       -0.000000017010142        0.093547325211549       -0.093547342221691
         24.067899048724751       -0.000000005038509       -0.039182568423227        0.039182563384718
         24.188843265050000       -0.000000008840088        0.157775702409492       -0.157775711249580
         24.309787481375253        0.000000072296657        0.041383604858147       -0.041383532561490
         24.430731697700502        0.000000010423589        0.141758628575718       -0.141758618152129
         24.551675914025751        0.000000104133483        0.062644166181135       -0.062644062047652
         24.672620130351000        0.000000070746249        0.032943425939465       -0.032943355193217
         24.793564346676252        0.000000093089617        0.031939137970948       -0.031939044881331
         24.914508563001501        0.000000119192551       -0.110309001550180        0.110309120742731
         25.035452779326750        0.000000109606317       -0.007135313149568        0.007135422755884
         25.156396995652003        0.000000127002353       -0.193807262613289        0.193807389615642
         25.277341211977252        0.000000132346384       -0.011266366801375        0.011266499147759
         25.398285428302501        0.000000130386821       -0.162523319804844        0.162523450191665
         25.519229644627750        0.000000125031526        0.025566525094340       -0.025566400062814
         25.640173860953002        0.000000123884434       -0.035928129253387        0.035928253137821
         25.761118077278251        0.000000124219358        0.066162711038906       -0.066162586819548
         25.882062293603500        0.000000080172301        0.101383067253832       -0.101382987081530
         26.003006509928753        0.000000120451575        0.063213147757778       -0.063213027306203
         26.123950726254002        0.000000042381983        0.163259538615809       -0.163259496233827
         26.244894942579251        0.000000061483576       -0.002401736728497        0.002401798212073
         26.365839158904500        0.000000025900221        0.127026419574712       -0.127026393674491
         26.486783375229752       -0.000000011533164       -0.101249412292401        0.101249400759237
         26.607727591555001       -0.000000028587083        0.038624336860013       -0.038624365447096
         26.728671807880250       -0.000000046619468       -0.170493344623388        0.170493298003920
         26.849616024205503       -0.000000132753995       -0.023920044843513        0.023919912089518
         26.970560240530752       -0.000000085609514       -0.163738286777921        0.163738201168407
         27.091504456856001       -0.000000210717844       -0.013708396165395        0.013708185447551
         27.212448673181250       -0.000000174369107       -0.084120658835243        0.084120484466136
         27.333392889506502       -0.000000230339221        0.053133640321376       -0.053133870660597
         27.454337105831751       -0.000000294379610        0.014043942897503       -0.014044237277113
         27.575281322157000       -0.000000244310329        0.118050901419712       -0.118051145730041
         27.696225538482253       -0.000000391822443        0.060323742067383       -0.060324133889826
         27.817169754807502       -0.000000306075627        0.129440874109990       -0.129441180185617
         27.938113971132751       -0.000000432565588        0.022698166293376       -0.022698598858964
         28.059058187458000       -0.000000398165460        0.081560805746487       -0.081561203911947
         28.180002403783252       -0.000000438615655       -0.072477332164380        0.072476893548725
         28.300946620108501       -0.000000475231135        0.018387291416385       -0.018387766647520
         28.421890836433750       -0.000000458886088       -0.160330335543042        0.160329876656954
         28.542835052759003       -0.000000510499124       -0.003314096090273        0.003313585591149
         28.663779269084252       -0.000000498736015       -0.181891056134980        0.181890557398966
         28.784723485409501       -0.000000519750712        0.035975473869353       -0.035975993620065
         28.905667701734750       -0.000000521485014       -0.123414710349972        0.123414188864958
         29.026611918060002       -0.000000528631944        0.104365665927991       -0.104366194559935
         29.147556134385251       -0.000000528148881       -0.024739888929545        0.024739360780664
         29.268500350710500       -0.000000526316560        0.141043301825383       -0.141043828141944
         29.389444567035753       -0.000000538404354        0.051212472154618       -0.051213010558972
         29.510388783361002       -0.000000505684992        0.103208359595073       -0.103208865280065
         29.631332999686251       -0.000000533451668        0.063967931743348       -0.063968465195016
         29.752277216011500       -0.000000499733253        0.000660008829570       -0.000660508562823
         29.873221432336752       -0.000000497313992        0.023458920304842       -0.023459417618834
         29.994165648662001       -0.000000512146856       -0.111559425986979        0.111558913840123
         30.115109864987250       -0.000000455759036       -0.016525169306247        0.016524713547211
         30.236054081312503       -0.000000508788627       -0.169868390089800        0.169867881301173
         30.356998297637752       -0.000000434693697       -0.004989408208821        0.004988973515124
         30.477942513963001       -0.000000483639929       -0.145869299592146        0.145868815952217
         30.598886730288250       -0.000000439730439        0.064439721566650       -0.064440161297089
         30.719830946613502       -0.000000454694394       -0.066402658752263        0.066402204057869
         30.840775162938751       -0.000000461221876        0.147393432537903       -0.147393893759779
         30.961719379264000       -0.000000423248853        0.004009734555428       -0.004010157804281
         31.082663595589253       -0.000000481526302        0.180778825568528       -0.180779307094830
         31.203607811914502       -0.000000403608999        0.012994524108489       -0.012994927717488
         31.324552028239751       -0.000000482407586        0.131570146878849       -0.131570629286434
         31.445496244565000       -0.000000435842078       -0.038109906025563        0.038109470183485
         31.566440460890252       -0.000000452814189        0.021294806280041       -0.021295259094230
         31.687384677215501       -0.000000506349348       -0.094721273061181        0.094720766711833
         31.808328893540750       -0.000000426899805       -0.084663999089718        0.084663572189913
         31.929273109866003       -0.000000540808121       -0.091839826525102        0.091839285716981
         32.050217326191252       -0.000000457257671       -0.126928484817853        0.126928027560182
         32.171161542516501       -0.000000522490917       -0.006983909533870        0.006983387042952
         32.292105758841750       -0.000000517637694       -0.093990840617941        0.093990322980247
         32.413049975166999       -0.000000516488718        0.114437297817718       -0.114437814306436
         32.533994191492248       -0.000000534261128       -0.022296797742808        0.022296263481680
         32.654938407817504       -0.000000541661822        0.185336012062138       -0.185336553723960
         32.775882624142753       -0.000000531550643        0.031003697523640       -0.031004229074283
         32.896826840468002       -0.000000549933567        0.148071520035385       -0.148072069968952
         33.017771056793251       -0.000000545802494        0.033900374177382       -0.033900919979876
         33.138715273118500       -0.000000543243655        0.016118939229129       -0.016119482472785
         33.259659489443749       -0.000000536037442        0.001582704079546       -0.001583240116989
         33.380603705768998       -0.000000544985667       -0.128433363301502        0.128432818315835
         33.501547922094254       -0.000000505875077       -0.021647878164654        0.021647372289577
         33.622492138419503       -0.000000519925917       -0.193522575862914        0.193522055936997
         33.743436354744752       -0.000000500116482        0.000605413182612       -0.000605913299094
         33.864380571070001       -0.000000466250891       -0.147562144765263        0.147561678514372
         33.985324787395250       -0.000000468546089        0.062549000255354       -0.062549468801443
         34.106269003720499       -0.000000435928847       -0.031859265697795        0.031858829768947
         34.227213220045748       -0.000000368562176        0.116307117859051       -0.116307486421227
         34.348157436371004       -0.000000422601359        0.068720511537612       -0.068720934138971
         34.469101652696253       -0.000000270188720        0.111749963744489       -0.111750233933209
         34.590045869021502       -0.000000355821985        0.092367809145223       -0.092368164967208
         34.710990085346751       -0.000000224875305        0.036254024894042       -0.036254249769347
         34.831934301672000       -0.000000222238763        0.042488824744602       -0.042489046983365
         34.952878517997249       -0.000000197824619       -0.070309571245777        0.070309373421159
         35.073822734322498       -0.000000081917242       -0.025299599895886        0.025299517978643
         35.194766950647754       -0.000000145571335       -0.139181166870783        0.139181021299448
         35.315711166973003        0.000000009528973       -0.049151623245274        0.049151632774247
         35.436655383298252       -0.000000053231640       -0.126847730678474        0.126847677446834
         35.557599599623501        0.000000057127013       -0.009162163196834        0.009162220323848
         35.678543815948750        0.000000068381578       -0.044074451628084        0.044074520009661
         35.799488032273999        0.000000087892333        0.057893317157549       -0.057893229265215
         35.920432248599248        0.000000177496437        0.054934320059074       -0.054934142562636
         36.041376464924504        0.000000128348219        0.086700335437987       -0.086700207089768
         36.162320681249753        0.000000231971272        0.111631938601092       -0.111631706629820
         36.283264897575002        0.000000191511137        0.038850185613790       -0.038849994102653
         36.404209113900251        0.000000246902059        0.102394358636288       -0.102394111734229
         36.525153330225500        0.000000247773661       -0.065993600184558        0.065993847958219
         36.646097546550749        0.000000259583125        0.051576863242120       -0.051576603658995
         36.767041762875998        0.000000268307224       -0.163058949086945        0.163059217394169
         36.887985979201254        0.000000266426751        0.010529866924940       -0.010529600498189
         37.008930195526503        0.000000266177520       -0.187320167197883        0.187320433375402
         37.129874411851752        0.000000248283681        0.014824754144109       -0.014824505860428
         37.250818628177001        0.000000245466169       -0.121963116486063        0.121963361952232
         37.371762844502250        0.000000222569250        0.060048329998092       -0.060048107428842
         37.492707060827499        0.000000184273080       -0.010827181457056        0.010827365730136
         37.613651277152748        0.000000205874983        0.103224314353241       -0.103224108478259
         37.734595493478004        0.000000101879939        0.073951481707559       -0.073951379827621
         37.855539709803253        0.000000171457691        0.096048369451224       -0.096048197993533
         37.976483926128502        0.000000041656744        0.082906888365560       -0.082906846708815
         38.097428142453751        0.000000081618985        0.027659282337483       -0.027659200718497
         38.218372358779000        0.000000012099138        0.021614523426831       -0.021614511327693
         38.339316575104249       -0.000000049018686       -0.064021045876133        0.064020996857447
         38.460260791429498       -0.000000011777171       -0.053707691514842        0.053707679737671
         38.581205007754754       -0.000000163524945       -0.115725313991731        0.115725150466786
         38.702149224080003       -0.000000064778556       -0.081994321561240        0.081994256782684
         38.823093440405252       -0.000000224068726       -0.084607088469118        0.084606864400392
         38.944037656730501       -0.000000176017887       -0.046965767993459        0.046965591975572
         39.064981873055750       -0.000000238780891        0.018451044088138       -0.018451282869029
         39.185926089380999       -0.000000306260443        0.013461054722408       -0.013461360982851
         39.306870305706248       -0.000000259287951        0.129427581195063       -0.129427840483014
         39.427814522031504       -0.000000373556715        0.037892879821779       -0.037893253378494
         39.548758738356753       -0.000000322969366        0.177243176559135       -0.177243499528502
         39.669702954682002       -0.000000377946813       -0.007153699166159        0.007153321219346
         39.790647171007251       -0.000000393584450        0.134728499844844       -0.134728893429294
         39.911591387332500       -0.000000396609005       -0.093889576640754        0.093889180031749
         40.032535603657749       -0.000000412205067        0.031392064210609       -0.031392476415677
         40.153479819982998       -0.000000440275149       -0.148930529970994        0.148930089695845
         40.274424036308254       -0.000000413130718       -0.064294736127975        0.064294322997257
         40.395368252633503       -0.000000452340225       -0.114858538531688        0.114858086191464
         40.516312468958752       -0.000000435464302       -0.097179939676254        0.097179504211953
         40.637256685284001       -0.000000442459945        0.003974811786504       -0.003975254246449
         40.758200901609250       -0.000000441579268       -0.063136413966642        0.063135972387374
         40.879145117934499       -0.000000444461978        0.136339961102932       -0.136340405564910
         41.000089334259748       -0.000000432611066       -0.004565082626459        0.004564650015394
         41.121033550585004       -0.000000430794781        0.193390801054226       -0.193391231849006
         41.241977766910253       -0.000000448817221        0.023158744642123       -0.023159193459344
         41.362921983235502       -0.000000407290634        0.138566299719734       -0.138566707010368
         41.483866199560751       -0.000000443948852        0.000082415753063       -0.000082859701915
         41.604810415886000       -0.000000422492634        0.006725652430160       -0.006726074922794
         41.725754632211249       -0.000000388156841       -0.042888931564592        0.042888543407750
         41.846698848536505       -0.000000459505237       -0.116905287916822        0.116904828411585
         41.967643064861754       -0.000000359413136       -0.052644990566720        0.052644631153584
         42.088587281187003       -0.000000458187201       -0.161014743175547        0.161014284988347
         42.209531497512252       -0.000000395174993        0.001294131761555       -0.001294526936547
         42.330475713837501       -0.000000425419562       -0.118036032480027        0.118035607060465
         42.451419930162750       -0.000000439399891        0.097837368824395       -0.097837808224286
         42.572364146487999       -0.000000413895881       -0.039511968928506        0.039511555032625
         42.693308362813255       -0.000000460089483        0.176335724827617       -0.176336184917100
         42.814252579138504       -0.000000442273828        0.003052938244738       -0.003053380518566
         42.935196795463753       -0.000000474874503        0.186524560270694       -0.186525035145198
         43.056141011789002       -0.000000480230795       -0.026689086189921        0.026688605959126
         43.177085228114251       -0.000000489643883        0.125677025200052       -0.125677514843935
         43.298029444439500       -0.000000514887099       -0.104782609797738        0.104782094910639
         43.418973660764749       -0.000000500540295        0.038829112308175       -0.038829612848470
         43.539917877090005       -0.000000555049605       -0.165817937687888        0.165817382638283
         43.660862093415254       -0.000000518725982       -0.015787221237820        0.015786702511838
         43.781806309740503       -0.000000585325478       -0.153095512967231        0.153094927641753
         43.902750526065752       -0.000000555412183       -0.012351698676704        0.012351143264522
         44.023694742391001       -0.000000588746487       -0.060807835717765        0.060807246971278
         44.144638958716250       -0.000000594553959        0.026423954916531       -0.026424549470490
         44.265583175041499       -0.000000589605498        0.062080605240146       -0.062081194845644
         44.386527391366755       -0.000000606602910        0.047444522871213       -0.047445129474123
         44.507471607692004       -0.000000602470549        0.145498824015653       -0.145499426486202
         44.628415824017253       -0.000000594020664        0.012764017044160       -0.012764611064824
         44.749360040342502       -0.000000599603974        0.146903264819771       -0.146903864423746
         44.870304256667751       -0.000000581207286       -0.069694721079631        0.069694139872345
         44.991248472993000       -0.000000578749221        0.081588892903437       -0.081589471652658
         45.112192689318249       -0.000000555898525       -0.152688360395920        0.152687804497395
         45.233136905643505       -0.000000559886966        0.011110618455159       -0.011111178342124
         45.354081121968754       -0.000000503120756       -0.180951076962186        0.180950573841430
         45.475025338294003       -0.000000526558342       -0.005994324844030        0.005993798285689
         45.595969554619252       -0.000000454239870       -0.133675097817340        0.133674643577470
         45.716913770944501       -0.000000452170475        0.043635117868493       -0.043635570038968
         45.837857987269750       -0.000000434148184       -0.042192485706226        0.042192051558042
         45.958802203594999       -0.000000350929514        0.119041545972693       -0.119041896902207
         46.079746419920255       -0.000000404941994        0.028792932762114       -0.028793337704109
         46.200690636245504       -0.000000263122832        0.158112486329502       -0.158112749452334
         46.321634852570753       -0.000000325080300        0.025901021045489       -0.025901346125788
         46.442579068896002       -0.000000220471887        0.130418448664246       -0.130418669136133
         46.563523285221251       -0.000000211122943       -0.053208128295133        0.053207917172190
         46.684467501546500       -0.000000195002818        0.058282193563118       -0.058282388565937
         46.805411717871749       -0.000000123041663       -0.152365454729018        0.152365331687354
         46.926355934197005       -0.000000125411747       -0.001086338536058        0.001086213124311
         47.047300150522254       -0.000000080721814       -0.195854321253251        0.195854240531438
         47.168244366847503       -0.000000029792583       -0.002453781892246        0.002453752099663
         47.289188583172752       -0.000000041615421       -0.144417510818872        0.144417469203452
         47.410132799498001        0.000000014042762        0.046596621490818       -0.046596607448056
         47.531077015823250        0.000000026777341       -0.019944341499538        0.019944368276879
         47.652021232148499        0.000000014605520        0.090139258010693       -0.090139243405173
         47.772965448473755        0.000000077136040        0.102996516827588       -0.102996439691547
         47.893909664799004        0.000000041181757        0.072311977732092       -0.072311936550335
         48.014853881124253        0.000000080265151        0.152009379369944       -0.152009299104794
         48.135798097449502        0.000000075930472       -0.015415911480276        0.015415987410748
         48.256742313774751        0.000000078581720        0.107985897393146       -0.107985818811426
         48.377686530100000        0.000000078149487       -0.120225495962599        0.120225574112086
         48.498630746425249        0.000000075622462        0.012201848117941       -0.012201772495479
         48.619574962750505        0.000000079974202       -0.164491988573095        0.164492068547297
         48.740519179075754        0.000000041890649       -0.062162368937918        0.062162410828566
         48.861463395401003        0.000000079058660       -0.109285065955810        0.109285145014470
         48.982407611726252        0.000000022374019       -0.070638905297324        0.070638927671342
         49.103351828051501        0.000000036099324        0.020153372545157       -0.020153336445833
         49.224296044376750        0.000000037252116       -0.027868897824957        0.027868935077073
         49.345240260701999       -0.000000017686939        0.146016503443371       -0.146016521130309
         49.466184477027255        0.000000016339492        0.010375735240925       -0.010375718901432
         49.587128693352504       -0.000000033106457        0.194225642776881       -0.194225675883339
         49.708072909677753       -0.000000048907472       -0.005258861637824        0.005258812730352
         49.829017126003002       -0.000000039785181        0.147830789852887       -0.147830829638069
         49.949961342328251       -0.000000082313139       -0.074298742873988        0.074298660560850
         50.070905558653500       -0.000000080760002        0.051229145654615       -0.051229226414616
         50.191849774978749       -0.000000066986052       -0.147115531110281        0.147115464124229
         50.312793991304005       -0.000000139279450       -0.019126324101135        0.019126184821684
         50.433738207629254       -0.000000061965987       -0.168716055425858        0.168715993459871
         50.554682423954503       -0.000000160355124       -0.012022877218960        0.012022716863837
         50.675626640279752       -0.000000091914180       -0.123038546226293        0.123038454312113
         50.796570856605001       -0.000000133838280        0.063808315799159       -0.063808449637440
         50.917515072930250       -0.000000128207482       -0.046024890846499        0.046024762639017
         51.038459289255499       -0.000000104091464        0.151160985700750       -0.151161089792214
         51.159403505580755       -0.000000139133138        0.000174616243745       -0.000174755376882
         51.280347721906004       -0.000000104257352        0.186810813778926       -0.186810918036277
         51.401291938231253       -0.000000122894902       -0.019953486671478        0.019953363776576
         51.522236154556502       -0.000000108132998        0.145141545091765       -0.145141653224763
         51.643180370881751       -0.000000109161038       -0.087378584538028        0.087378475376990
         51.764124587207000       -0.000000096186809        0.053214336333642       -0.053214432520451
         51.885068803532249       -0.000000106971199       -0.141739173017952        0.141739066046753
         52.006013019857505       -0.000000092408553       -0.031099262613041        0.031099170204488
         52.126957236182754       -0.000000097491443       -0.126243085226846        0.126242987735402
         52.247901452508003       -0.000000104773832       -0.062178908359836        0.062178803586004
         52.368845668833252       -0.000000093685996       -0.033911683399874        0.033911589713879
         52.489789885158501       -0.000000107553954       -0.036635226919532        0.036635119365578
         52.610734101483750       -0.000000119509472        0.087449254675354       -0.087449374184826
         52.731678317808999       -0.000000105489769        0.003136107892886       -0.003136213382655
         52.852622534134255       -0.000000154049210        0.168793096269147       -0.168793250318357
         52.973566750459504       -0.000000126422921        0.004259751728742       -0.004259878151663
         53.094510966784753       -0.000000180612940        0.167830411632175       -0.167830592245116
         53.215455183110002       -0.000000174811769       -0.052342050485987        0.052341875674218
         53.336399399435251       -0.000000220450297        0.098458479410008       -0.098458699860305
         53.457343615760500       -0.000000233557882       -0.136816779361254        0.136816545803372
         53.578287832085749       -0.000000276627689        0.021496106124352       -0.021496382752041
         53.699232048411005       -0.000000296603806       -0.190285529119741        0.190285232515935
         53.820176264736254       -0.000000329228290       -0.000121296119956        0.000120966891666
         53.941120481061503       -0.000000372943458       -0.172296127671563        0.172295754728105
         54.062064697386752       -0.000000387044480        0.051222732792341       -0.051223119836821
         54.183008913712001       -0.000000449073192       -0.091791665683985        0.091791216610793
         54.303953130037250       -0.000000478552712        0.133091018563624       -0.133091497116335
         54.424897346362499       -0.000000493965239       -0.002039495059230        0.002039001093991
         54.545841562687755       -0.000000586478477        0.172567912627638       -0.172568499106116
         54.666785779013004       -0.000000535117910        0.040026291420751       -0.040026826538661
         54.787729995338253       -0.000000659168165        0.122053082369613       -0.122053741537778
         54.908674211663502       -0.000000629198174        0.021293312864449       -0.021293942062623
         55.029618427988751       -0.000000683699418       -0.005474188561143        0.005473504861725
         55.150562644314000       -0.000000736597005       -0.020761258375169        0.020760521778164
         55.271506860639249       -0.000000714558691       -0.136038487294364        0.136037772735673
         55.392451076964505       -0.000000779300341       -0.032193136331775        0.032192357031434
         55.513395293289754       -0.000000769904361       -0.187494355267142        0.187493585362781
         55.634339509615003       -0.000000786846349        0.011451977971582       -0.011452764817931
         55.755283725940252       -0.000000802305992       -0.130131188843170        0.130130386537178
         55.876227942265501       -0.000000804401302        0.080790676444623       -0.080791480845925
         55.997172158590750       -0.000000805222775       -0.003584016934018        0.003583211711243
         56.118116374915999       -0.000000794028278        0.114503653300226       -0.114504447328504
         56.239060591241255       -0.000000807801631        0.105670549508681       -0.105671357310312
         56.360004807566504       -0.000000758725200        0.072045761000275       -0.072046519725475
         56.480949023891753       -0.000000778275847        0.133153375329268       -0.133154153605115
         56.601893240217002       -0.000000737769608       -0.035159490606349        0.035158752836742
         56.722837456542251       -0.000000708045846        0.080027374367553       -0.080028082413399
         56.843781672867500       -0.000000695724985       -0.144356015676869        0.144355319951885
         56.964725889192749       -0.000000659311257        0.004428275344294       -0.004428934655551
         57.085670105518005       -0.000000601221100       -0.185412390512286        0.185411789291185
         57.206614321843254       -0.000000626710889       -0.025976588311975        0.025975961601086
         57.327558538168503       -0.000000512203783       -0.133347821389797        0.133347309186014
         57.448502754493752       -0.000000535260713        0.008758788627574       -0.008759323888287
         57.569446970819001       -0.000000467601885       -0.021719964381097        0.021719496779211
         57.690391187144250       -0.000000386591007        0.070352856409670       -0.070353243000676
         57.811335403469499       -0.000000434398097        0.075227664196769       -0.075228098594866
         57.932279619794755       -0.000000264876191        0.098948836637711       -0.098949101513902
         58.053223836120004       -0.000000360430157        0.096694950289739       -0.096695310719897
         58.174168052445253       -0.000000208464324        0.063108577878096       -0.063108786342420
         58.295112268770502       -0.000000238360067        0.037864542043919       -0.037864780403986
         58.416056485095751       -0.000000186942656       -0.014149010197222        0.014148823254566
         58.537000701421000       -0.000000111564099       -0.054010608551940        0.054010496987841
         58.657944917746249       -0.000000161812946       -0.069630818477463        0.069630656664517
         58.778889134071505       -0.000000037248121       -0.116023423243429        0.116023385995308
         58.899833350396754       -0.000000107205412       -0.052044912115424        0.052044804910012
         59.020777566722003       -0.000000018370318       -0.114395289868470        0.114395271498152
         59.141721783047252       -0.000000037635524        0.036373074100670       -0.036373111736194
         59.262665999372501       -0.000000010525369       -0.064669953281630        0.064669942756260
         59.383610215697750        0.000000005659427        0.140813948105067       -0.140813942445640
         59.504554432022999        0.000000007420850       -0.016643163616385        0.016643171037235
         59.625498648348255        0.000000016181344        0.190143153828942       -0.190143137647597
         59.746442864673504        0.000000016507225       -0.010718330592746        0.010718347099970
         59.867387080998753        0.000000018521297        0.148186965055038       -0.148186946533741
         59.988331297324002        0.000000011094140       -0.048367693446471        0.048367704540612
         60.109275513649251        0.000000003205522        0.040795022357561       -0.040795019152039
         60.230219729974500        0.000000015015504       -0.092141160295855        0.092141175311359
         60.351163946299749       -0.000000035292433       -0.063330900123487        0.063330864831054
         60.472108162625005        0.000000024634735       -0.092213236607606        0.092213261242342
         60.593052378950254       -0.000000061572958       -0.102974951354413        0.102974889781454
         60.713996595275503        0.000000003243064       -0.028845600925044        0.028845604168108
         60.834940811600752       -0.000000053857877       -0.066274274715593        0.066274220857716
         60.955885027926001       -0.000000053880982        0.070412604963146       -0.070412658844128
         61.076829244251250       -0.000000031322459        0.001692887851846       -0.001692919174305
         61.197773460576499       -0.000000105421259        0.146364659255646       -0.146364764676904
         61.318717676901755       -0.000000016357412        0.035521279186180       -0.035521295543592
         61.439661893227004       -0.000000120386210        0.148985191556049       -0.148985311942258
         61.560606109552253       -0.000000032338367        0.003921376879390       -0.003921409217757
         61.681550325877502       -0.000000094364524        0.074071750427374       -0.074071844791898
         61.802494542202751       -0.000000087124868       -0.066726085462305        0.066725998337437
         61.923438758528000       -0.000000041545059       -0.030459683474563        0.030459641929504
         62.044382974853249       -0.000000133818282       -0.111545047020774        0.111544913202492
         62.165327191178505       -0.000000006678435       -0.097997914211941        0.097997907533506
         62.286271407503754       -0.000000119090293       -0.077727307618172        0.077727188527879
         62.407215623829003       -0.000000029849212       -0.096027824647793        0.096027794798581
         62.528159840154252       -0.000000058302033        0.032229007053168       -0.032229065355201
         62.649104056479501       -0.000000062750155       -0.044331007023743        0.044330944273588
         62.770048272804750       -0.000000024509238        0.151643057498504       -0.151643082007742
         62.890992489129999       -0.000000038338327        0.005222283217848       -0.005222321556175
         63.011936705455255       -0.000000028065322        0.196102137443306       -0.196102165508628
         63.132880921780504       -0.000000000977044        0.010932459523718       -0.010932460500762
         63.253825138105753       -0.000000019216988        0.128525425964574       -0.128525445181563
         63.374769354431002       -0.000000002964680       -0.023156177221301        0.023156174256621
         63.495713570756251       -0.000000001679176       -0.015318502224739        0.015318500545563
         63.616657787081500       -0.000000002295617       -0.053818514215821        0.053818511920203
         63.737602003406749       -0.000000011276921       -0.142817885171785        0.142817873894865
         63.858546219732006        0.000000003286527       -0.038160306794652        0.038160310081179
         63.979490436057254       -0.000000021525609       -0.176233989099700        0.176233967574091
         64.100434652382503       -0.000000024825507        0.030680259280199       -0.030680284105707
         64.221378868707745       -0.000000028925153       -0.106860683211029        0.106860654285875
         64.342323085033001       -0.000000050217100        0.111277564363141       -0.111277614580240
         64.463267301358258       -0.000000083081847        0.005754317570236       -0.005754400652083
         64.584211517683499       -0.000000047069571        0.142853912507478       -0.142853959577048
         64.705155734008756       -0.000000160943461        0.078382244358515       -0.078382405301976
         64.826099950333997       -0.000000082219262        0.093069458405721       -0.093069540624983
         64.947044166659254       -0.000000191193847        0.072592503623201       -0.072592694817049
         65.067988382984495       -0.000000179121782       -0.018983992578070        0.018983813456288
         65.188932599309751       -0.000000188091003        0.015939424771981       -0.015939612862984
         65.309876815635008       -0.000000284708178       -0.128359415760727        0.128359131052549
         65.430821031960249       -0.000000226077600       -0.026955439761609        0.026955213684010
         65.551765248285506       -0.000000356050010       -0.170806046943053        0.170805690893044
         65.672709464610747       -0.000000316498803       -0.007619608913185        0.007619292414382
         65.793653680936004       -0.000000395840400       -0.130464980905103        0.130464585064703
         65.914597897261245       -0.000000417342306        0.067855990418155       -0.067856407760462
         66.035542113586502       -0.000000424911765       -0.045570485462576        0.045570060550810
         66.156486329911758       -0.000000508029971        0.142848892975206       -0.142849401005177
         66.277430546236999       -0.000000467279895        0.020356367072399       -0.020356834352294
         66.398374762562256       -0.000000576298975        0.155271212165685       -0.155271788464660
         66.519318978887497       -0.000000532079774        0.027259880135293       -0.027260412215067
         66.640263195212754       -0.000000605199535        0.085589551883683       -0.085590157083218
         66.761207411537995       -0.000000605487792       -0.013631036281961        0.013630430794169
         66.882151627863252       -0.000000612550722       -0.030601916551201        0.030601304000479
         67.003095844188508       -0.000000656254666       -0.049698653526930        0.049697997272264
         67.124040060513749       -0.000000633691853       -0.126950137119305        0.126949503427452
         67.244984276839006       -0.000000665482129       -0.031542783187023        0.031542117704895
         67.365928493164247       -0.000000657172275       -0.151471011648666        0.151470354476391
         67.486872709489504       -0.000000657579420        0.044390995465195       -0.044391653044615
         67.607816925814745       -0.000000656692660       -0.101638885540979        0.101638228848318
         67.728761142140002       -0.000000646952052        0.134523158615168       -0.134523805567220
         67.849705358465258       -0.000000648196647       -0.026495302022884        0.026494653826236
         67.970649574790500       -0.000000615202368        0.177934550355954       -0.177935165558322
         68.091593791115756       -0.000000637496283        0.012737175223771       -0.012737812720054
         68.212538007440997       -0.000000574355629        0.141585338481647       -0.141585912837276
         68.333482223766254       -0.000000596048177       -0.011536536475121        0.011535940426944
         68.454426440091495       -0.000000563857283        0.046134056142032       -0.046134619999315
         68.575370656416752       -0.000000518133910       -0.073832066725243        0.073831548591333
         68.696314872742008       -0.000000569131521       -0.046871216441810        0.046870647310289
         68.817259089067250       -0.000000438576852       -0.115267869752245        0.115267431175393
         68.938203305392506       -0.000000541100652       -0.075756031947248        0.075755490846596
         69.059147521717748       -0.000000403401702       -0.095945977399288        0.095945573997587
         69.180091738043004       -0.000000464110018       -0.020815724198726        0.020815260088708
         69.301035954368245       -0.000000424030552       -0.027888414182573        0.027887990152021
         69.421980170693502       -0.000000373937303        0.079926328012626       -0.079926701949929
         69.542924387018758       -0.000000441384145        0.033387671248043       -0.033388112632188
         69.663868603344000       -0.000000322819142        0.155599870934585       -0.155600193753727
         69.784812819669256       -0.000000402557320        0.031202462221373       -0.031202864778692
         69.905757035994498       -0.000000329778835        0.157619207013343       -0.157619536792178
         70.026701252319754       -0.000000339033622       -0.044321978323103        0.044321639289481
         70.147645468644996       -0.000000342624311        0.089679205553375       -0.089679548177686
         70.268589684970252       -0.000000323501683       -0.139607591597314        0.139607268095631
         70.389533901295508       -0.000000311671765        0.000966596702278       -0.000966908374043
         70.510478117620750       -0.000000342530812       -0.174533664612981        0.174533322082169
         70.631422333946006       -0.000000287183233       -0.050522900813180        0.050522613629948
         70.752366550271248       -0.000000336642282       -0.106515978209871        0.106515641567589
         70.873310766596504       -0.000000309386693       -0.044464027426145        0.044463718039452
         70.994254982921746       -0.000000316556424        0.036284306643144       -0.036284623199568
         71.115199199247002       -0.000000322055767       -0.006821174081027        0.006820852025260
         71.236143415572258       -0.000000319390695        0.163912446211852       -0.163912765602547
         71.357087631897500       -0.000000315042997        0.015858721328499       -0.015859036371497
         71.478031848222756       -0.000000316988369        0.193237005441234       -0.193237322429603
         71.598976064547998       -0.000000323825376       -0.005152273478801        0.005151949653425
         71.719920280873254       -0.000000304091558        0.108842017853531       -0.108842321945089
         71.840864497198496       -0.000000309990201       -0.053735637354637        0.053735327364435
         71.961808713523752       -0.000000316425220       -0.030731831123400        0.030731514698180
         72.082752929849008       -0.000000252215809       -0.081754922425856        0.081754670210047
         72.203697146174250       -0.000000324494377       -0.132192662310318        0.132192337815941
         72.324641362499506       -0.000000223315502       -0.049238825341756        0.049238602026254
         72.445585578824748       -0.000000275320642       -0.142420175511652        0.142419900191010
         72.566529795150004       -0.000000229044786        0.042779810281711       -0.042780039326496
