#  GS molecular orbital populations, spin channel : 1
#          time (fs)            |   population (orb 1)       |    population (orb 2)      |           ...              |    population (orb N)      |
          0.118525331998745            1.997486416185875            0.002538465832888  
          0.239469548323995            1.995119914192097            0.004908356429266  
          0.360413764649245            1.999781317386997            0.000248534027422  
          0.481357980974495            1.999466250829250            0.000564531160061  
          0.602302197299745            1.994410516393713            0.005621273801858  
          0.723246413624995            1.998185411674264            0.001847941159550  
          0.844190629950245            2.000028509668994            0.000005481476034  
          0.965134846275495            1.996807064414272            0.003225590922450  
          1.086079062600745            1.995058501972055            0.004975413286928  
          1.207023278925995            1.999573809605267            0.000459626464673  
          1.327967495251245            1.999556763859864            0.000475260781790  
          1.448911711576495            1.994087382442918            0.005943514811612  
          1.569855927901745            1.997532238430069            0.002497633789711  
          1.690800144226995            1.999577282343836            0.000451626922336  
          1.811744360552245            1.997092534313098            0.002933015343646  
          1.932688576877495            1.995030187048022            0.004993970764030  
          2.053632793202745            1.997251212148607            0.002770967108677  
          2.174577009527995            1.999671138223779            0.000348305467325  
          2.295521225853245            1.995717581984736            0.004298678891664  
          2.416465442178495            1.995653965289021            0.004359445827509  
          2.537409658503745            1.997040384368978            0.002971236790170  
          2.658353874828995            1.999162101795252            0.000845246073306  
          2.779298091154245            1.997036443345938            0.002967821651297  
          2.900242307479495            1.993749401685756            0.006252071286434  
          3.021186523804745            1.999072001833184            0.000926694800934  
          3.142130740129995            1.999487138937394            0.000507636768687  
          3.263074956455245            1.995768121578628            0.004223127703904  
          3.384019172780495            1.994902227811006            0.005087341293765  
          3.504963389105745            1.999597248527844            0.000388544313753  
          3.625907605430995            1.999455402997274            0.000527201470713  
          3.746851821756245            1.993885640687349            0.006094286356861  
          3.867796038081495            1.997219721717252            0.002758652769812  
          3.988740254406745            1.999251905045663            0.000723377104227  
          4.109684470731995            1.997289265596855            0.002682973364789  
          4.230628687057245            1.995372729479211            0.004599189784286  
          4.351572903382495            1.996985721595377            0.002984014767554  
          4.472517119707745            1.999516747464105            0.000451175866369  
          4.593461336032996            1.996090580768408            0.003876046400643  
          4.714405552358246            1.996144157592145            0.003822752407105  
          4.835349768683495            1.997886725399523            0.002079329572337  
          4.956293985008745            1.998424036391544            0.001540683170554  
          5.077238201333995            1.996526358344924            0.003440023527622  
          5.198182417659245            1.996020300757723            0.003946220997403  
          5.319126633984495            1.999413560842197            0.000553376392976  
          5.440070850309746            1.997172864950583            0.002795139006355  
          5.561015066634996            1.996187937400094            0.003782185434035  
          5.681959282960245            1.998156703546510            0.001815158276581  
          5.802903499285495            1.998202224615276            0.001770576293116  
          5.923847715610745            1.996710937506532            0.003265452540082  
          6.044791931935995            1.996950103085039            0.003028647517997  
          6.165736148261245            1.999210960686899            0.000769954170058  
          6.286680364586495            1.996534834020007            0.003449454160841  
          6.407624580911745            1.996980877375199            0.003006765412597  
          6.528568797236995            1.999186134668155            0.000804794175999  
          6.649513013562244            1.996865880364973            0.003127677263349  
          6.770457229887494            1.996915721637336            0.003082097469603  
          6.891401446212745            1.998733352483668            0.001268002561884  
          7.012345662537995            1.998257036451340            0.001746837700394  
          7.133289878863245            1.995930016953691            0.004077985753938  
          7.254234095188495            1.998619599727574            0.001391712602058  
          7.375178311513745            1.999582987370233            0.000431225741130  
          7.496122527838994            1.995495433732599            0.004521559029746  
          7.617066744164244            1.997982884794003            0.002037377292152  
          7.738010960489495            1.999844477002608            0.000178615884392  
          7.858955176814745            1.997073239674248            0.002951071116634  
          7.979899393139995            1.996162482231555            0.003864883480086  
          8.100843609465246            1.999589645823429            0.000439614031142  
          8.221787825790495            1.999143782353272            0.000886193405050  
          8.342732042115745            1.995020431934839            0.005011016240553  
          8.463676258440994            1.998604160494805            0.001428359749634  
          8.584620474766245            1.999974956475638            0.000058299301107  
          8.705564691091494            1.996284974690505            0.003747365094341  
          8.826508907416745            1.996443735081621            0.003589309776185  
          8.947453123741996            1.999438226469200            0.000594673011564  
          9.068397340067245            1.998994175427665            0.001036990600457  
          9.189341556392495            1.994916666690082            0.005113708066975  
          9.310285772717744            1.997949398180439            0.002079707261276  
          9.431229989042995            1.999630293029773            0.000397587340714  
          9.552174205368244            1.996669054023092            0.003355862617644  
          9.673118421693495            1.996165752959640            0.003857328950651  
          9.794062638018746            1.997598230489654            0.002423146721582  
          9.915006854343995            1.999299070793171            0.000719057841507  
         10.035951070669245            1.996367698229172            0.003647553210114  
         10.156895286994494            1.995914714072386            0.004097675678834  
         10.277839503319745            1.998241972687036            0.001768181064434  
         10.398783719644994            1.998791013187994            0.001215061086914  
         10.519727935970245            1.996935872770565            0.003066975201290  
         10.640672152295496            1.995111429084413            0.004888914234233  
         10.761616368620745            1.999670645098024            0.000326242767550  
         10.882560584945995            1.999286029318840            0.000707251522330  
         11.003504801271244            1.995253198381001            0.004736755271906  
         11.124449017596495            1.997009140273312            0.002978797348040  
         11.245393233921744            1.999907341707353            0.000076787073447  
         11.366337450246995            1.998479050094889            0.001501874547609  
         11.487281666572246            1.994821483402043            0.005157400504830  
         11.608225882897495            1.998404387090265            0.001572154072518  
         11.729170099222745            1.999729687135119            0.000244010879250  
         11.850114315547994            1.996394596359457            0.003576534995982  
         11.971058531873245            1.996527218885311            0.003443447803259  
         12.092002748198494            1.998406573410396            0.001561830728187  
         12.212946964523745            1.998869711932969            0.001096826153757  
         12.333891180848996            1.996097416281403            0.003868846447476  
         12.454835397174245            1.997212506841921            0.002753342909104  
         12.575779613499495            1.999131899776734            0.000833175302405  
         12.696723829824744            1.997236336927087            0.002728182999447  
         12.817668046149995            1.996826968534741            0.003139194026930  
         12.938612262475244            1.997999250934559            0.001967043732121  
         13.059556478800495            1.998772400747520            0.001194240540284  
         13.180500695125746            1.996625990707213            0.003342835682821  
         13.301444911450995            1.997475642542552            0.002494872774655  
         13.422389127776245            1.999219401457237            0.000752704713349  
         13.543333344101494            1.996945555280262            0.003028537782600  
         13.664277560426745            1.997328801255432            0.002648716577170  
         13.785221776751994            1.998953280209891            0.001026598103026  
         13.906165993077245            1.997986036404596            0.001996201303794  
         14.027110209402496            1.996691368415597            0.003294954912083  
         14.148054425727745            1.998886392971747            0.001103018169658  
         14.268998642052996            1.999198733507167            0.000793695335864  
         14.389942858378244            1.996172278434819            0.003823836407006  
         14.510887074703495            1.998612921959705            0.001387101802274  
         14.631831291028744            1.999769910196477            0.000233358884052  
         14.752775507353995            1.996956025624490            0.003050274880746  
         14.873719723679246            1.997450054183958            0.002560521169772  
         14.994663940004495            1.999871126028538            0.000142443931608  
         15.115608156329746            1.998296859320282            0.001719264236502  
         15.236552372654995            1.996352160670244            0.003667613304214  
         15.357496588980245            1.999515272560191            0.000507244301257  
         15.478440805305494            1.999160702503757            0.000863884557075  
         15.599385021630745            1.996357007341400            0.003669663550172  
         15.720329237955996            1.998415696392199            0.001613698096810  
         15.841273454281245            1.999494260552070            0.000536346011001  
         15.962217670606496            1.997463022229548            0.002568152180057  
         16.083161886931745            1.996798038459634            0.003235175764820  
         16.204106103256994            1.999646607111780            0.000387003442050  
         16.325050319582246            1.998579462754826            0.001453833279190  
         16.445994535907495            1.996164627685221            0.003868790944263  
         16.566938752232744            1.998774874501920            0.001258733989810  
         16.687882968557997            1.999485356477142            0.000547125248013  
         16.808827184883246            1.997124793394314            0.002905924773863  
         16.929771401208495            1.996817421588839            0.003212982354901  
         17.050715617533744            1.999819746431285            0.000208797096835  
         17.171659833858996            1.998972424775525            0.001053610659702  
         17.292604050184245            1.995787151445625            0.004236890877456  
         17.413548266509494            1.998598979790454            0.001423108911566  
         17.534492482834747            1.999908660306152            0.000110629896537  
         17.655436699159996            1.997405335232237            0.002610492313052  
         17.776380915485245            1.996429031837995            0.003584571408937  
         17.897325131810494            1.999107888542838            0.000902648783765  
         18.018269348135746            1.999337107578390            0.000669857987332  
         18.139213564460995            1.996280567778120            0.003723080918736  
         18.260157780786244            1.997391286607689            0.002609485688214  
         18.381101997111497            1.998848301935337            0.001149220895405  
         18.502046213436746            1.998243614109798            0.001749961434369  
         18.622990429761995            1.996827290622644            0.003163542199269  
         18.743934646087244            1.997063785049497            0.002924021727910  
         18.864878862412496            1.999126026151732            0.000858519617815  
         18.985823078737745            1.998030378041541            0.001950960754666  
         19.106767295062994            1.996737260264550            0.003241708909278  
         19.227711511388247            1.997614011881999            0.002362620994119  
         19.348655727713496            1.999369181592710            0.000604424787508  
         19.469599944038745            1.998040126753494            0.001931660144611  
         19.590544160363994            1.996281812805956            0.003688319002721  
         19.711488376689246            1.999080717474712            0.000887801976883  
         19.832432593014495            1.999256307862898            0.000710502434169  
         19.953376809339744            1.996968876012020            0.002997205781835  
         20.074321025664997            1.997500434414801            0.002465450836967  
         20.195265241990246            1.999663081601864            0.000301809477931  
         20.316209458315495            1.998366910318173            0.001598193431045  
         20.437153674640744            1.996573989200742            0.003391770141038  
         20.558097890965996            1.999164777886274            0.000801630357836  
         20.679042107291245            1.999229899495063            0.000737255527373  
         20.799986323616494            1.996953731639590            0.003015030367400  
         20.920930539941747            1.998071143714852            0.001899706905957  
         21.041874756266996            1.999416516463732            0.000555761428331  
         21.162818972592245            1.997912379079115            0.002062473808498  
         21.283763188917494            1.997165419682700            0.002812303725665  
         21.404707405242746            1.999210377611535            0.000769850588557  
         21.525651621567995            1.998313653346016            0.001669638276460  
         21.646595837893244            1.997199599623213            0.002787103446662  
         21.767540054218497            1.998707059769341            0.001283084820996  
         21.888484270543746            1.998279024819391            0.001714243244735  
         22.009428486868995            1.997516779581716            0.002480307472216  
         22.130372703194244            1.998376777799804            0.001624106459044  
         22.251316919519496            1.998473925959026            0.001530071395744  
         22.372261135844745            1.997399268390723            0.002608480253739  
         22.493205352169994            1.998412046080547            0.001599329042985  
         22.614149568495247            1.998971801831694            0.001042657244705  
         22.735093784820496            1.997205225764844            0.002812314194257  
         22.856038001145745            1.998315395083728            0.001705319625812  
         22.976982217470994            1.999396689787537            0.000626816852851  
         23.097926433796246            1.997630737640183            0.002394776554950  
         23.218870650121495            1.997687946139291            0.002340152217002  
         23.339814866446744            1.999445485621358            0.000584636945777  
         23.460759082771997            1.998686817610742            0.001344362025807  
         23.581703299097246            1.996963774245923            0.003068891683542  
         23.702647515422495            1.999042866250093            0.000990897406413  
         23.823591731747744            1.999467614234908            0.000566523665147  
         23.944535948072996            1.997226142227406            0.002807877128006  
         24.065480164398245            1.997988434542285            0.002045853533051  
         24.186424380723494            1.999617701091494            0.000416186503901  
         24.307368597048747            1.998372852144085            0.001659632216296  
         24.428312813373996            1.996986597343196            0.003045057542242  
         24.549257029699245            1.998970888494195            0.001059476963610  
         24.670201246024494            1.999381899251488            0.000646539719993  
         24.791145462349750            1.997125165254275            0.002900977296807  
         24.912089678674999            1.997772572478324            0.002251589754625  
         25.033033895000248            1.999108972029893            0.000912873945905  
         25.153978111325497            1.998461913258760            0.001556744641125  
         25.274922327650749            1.997038298929855            0.002977613034887  
         25.395866543975998            1.997939171442582            0.002073917452107  
         25.516810760301247            1.998984710765983            0.001025191899652  
         25.637754976626500            1.997833998824053            0.002172326806222  
         25.758699192951749            1.997284330982828            0.002718872763529  
         25.879643409276998            1.997896281549950            0.002103861122070  
         26.000587625602247            1.998988886529911            0.001007530914374  
         26.121531841927499            1.997972304989990            0.002020799904722  
         26.242476058252748            1.996981480102055            0.003008568609747  
         26.363420274577997            1.998677362035237            0.001309629839817  
         26.484364490903250            1.999157542679264            0.000826013803610  
         26.605308707228499            1.997588422466331            0.002392341335664  
         26.726252923553748            1.997390690638714            0.002587703998292  
         26.847197139878997            1.999434150154163            0.000541414276435  
         26.968141356204249            1.998911974487679            0.001061160586551  
         27.089085572529498            1.996953796914146            0.003017485351325  
         27.210029788854747            1.998579141087669            0.001390613697471  
         27.330974005180000            1.999529105986630            0.000438717820671  
         27.451918221505249            1.997884466253950            0.002082188692078  
         27.572862437830498            1.997453425402321            0.002512861204835  
         27.693806654155747            1.999364776493908            0.000600686882256  
         27.814750870480999            1.998916044486213            0.001049075427677  
         27.935695086806248            1.997183981094280            0.002781563607511  
         28.056639303131497            1.998682062887500            0.001284224600713  
         28.177583519456750            1.999427163786135            0.000539609332677  
         28.298527735781999            1.997730610947750            0.002237445440664  
         28.419471952107248            1.997889562218296            0.002080488588966  
         28.540416168432497            1.999412931071339            0.000558653107218  
         28.661360384757749            1.998544381268207            0.001429356559635  
         28.782304601082998            1.997387604597845            0.002588893121638  
         28.903248817408247            1.999047394631954            0.000931793045816  
         29.024193033733500            1.998907125994351            0.001074843681628  
         29.145137250058749            1.997547237683713            0.002438034233084  
         29.266081466383998            1.998409728159024            0.001579075268253  
         29.387025682709247            1.998855260785438            0.001136695016935  
         29.507969899034499            1.997842837541522            0.002152763382456  
         29.628914115359748            1.998020903032721            0.001978537144630  
         29.749858331684997            1.998725006589385            0.001277799304645  
         29.870802548010250            1.997865688038672            0.002140687547917  
         29.991746764335499            1.998022877376971            0.001987185342406  
         30.112690980660748            1.998787208016599            0.001226220710916  
         30.233635196985997            1.997827666081095            0.002188812377344  
         30.354579413311249            1.998036203674913            0.001983477005209  
         30.475523629636498            1.998960465792787            0.001062213401097  
         30.596467845961747            1.998157602591680            0.001867321736409  
         30.717412062287000            1.997754724108640            0.002272674350483  
         30.838356278612249            1.998974355952273            0.001055240388292  
         30.959300494937498            1.998833695160153            0.001197336475313  
         31.080244711262747            1.997475387785757            0.002557008306317  
         31.201188927587999            1.998652094376044            0.001381524743246  
         31.322133143913248            1.999275879895374            0.000758395302478  
         31.443077360238497            1.997843532748973            0.002190754150981  
         31.564021576563750            1.997933809242368            0.002100691800342  
         31.684965792888999            1.999246736895339            0.000787526549267  
         31.805910009214248            1.998641160746128            0.001392023443897  
         31.926854225539497            1.997434498533895            0.002597713540036  
         32.047798441864749            1.998635348271108            0.001395667426527  
         32.168742658189998            1.999177212435796            0.000852087583209  
         32.289686874515247            1.997729293610922            0.002297774778259  
         32.410631090840496            1.997792361379421            0.002232671303434  
         32.531575307165745            1.998791405608071            0.001231351653859  
         32.652519523491002            1.998606952396080            0.001412840928194  
         32.773463739816250            1.997480876524319            0.002536051360220  
         32.894407956141499            1.997907364266450            0.002106724652172  
         33.015352172466748            1.998739764155571            0.001271219431150  
         33.136296388791997            1.998195409470666            0.001812044938024  
         33.257240605117246            1.997576312349614            0.002427924726311  
         33.378184821442495            1.997890378104036            0.002110726051054  
         33.499129037767752            1.998898805755950            0.001098711259543  
         33.620073254093001            1.998256584751673            0.001737505073878  
         33.741017470418250            1.997393396849456            0.002597554882271  
         33.861961686743498            1.998493267739655            0.001494600945902  
         33.982905903068747            1.999144523813889            0.000839952994429  
         34.103850119393996            1.997986262370673            0.001995306406723  
         34.224794335719245            1.997619182781665            0.002359868421097  
         34.345738552044502            1.999190929382831            0.000785385410753  
         34.466682768369751            1.998976448169383            0.000997343973770  
         34.587626984695000            1.997465369301639            0.002506457754985  
         34.708571201020249            1.998453830048162            0.001516383954697  
         34.829515417345497            1.999359503629963            0.000608836302348  
         34.950459633670746            1.998216553267031            0.001750529565833  
         35.071403849995995            1.997672697970323            0.002293824599432  
         35.192348066321252            1.999141727639051            0.000824070153291  
         35.313292282646501            1.998943251474090            0.001022138416766  
         35.434236498971750            1.997600503861894            0.002365194153422  
         35.555180715296999            1.998553476571999            0.001412914406984  
         35.676124931622248            1.999289027240086            0.000677895592803  
         35.797069147947497            1.998062837754420            0.001905308746084  
         35.918013364272745            1.997984330028526            0.001985668204769  
         36.038957580598002            1.999219651645401            0.000751989528577  
         36.159901796923251            1.998659160412522            0.001314584389289  
         36.280846013248500            1.997680372073000            0.002296043748993  
         36.401790229573749            1.998869414291329            0.001109733464366  
         36.522734445898998            1.998887313074790            0.001094623067847  
         36.643678662224247            1.997828482356752            0.002156728119228  
         36.764622878549496            1.998346616913503            0.001642083736225  
         36.885567094874752            1.998794293055762            0.001197644103989  
         37.006511311200001            1.998003541758246            0.001992017932262  
         37.127455527525250            1.998081016674143            0.001918328127958  
         37.248399743850499            1.998648536603732            0.001354273132946  
         37.369343960175748            1.997988433469806            0.002017934016150  
         37.490288176500997            1.998109386659353            0.001900646312676  
         37.611232392826246            1.998707759130786            0.001305676558003  
         37.732176609151502            1.998000463657408            0.002016061723995  
         37.853120825476751            1.998105613667977            0.001914109834203  
         37.974065041802000            1.998895658763438            0.001127029578502  
         38.095009258127249            1.998309717865161            0.001715314467365  
         38.215953474452498            1.997901858814495            0.002125616402619  
         38.336897690777747            1.998919287292475            0.001110349945343  
         38.457841907102996            1.998857791560035            0.001173359346818  
         38.578786123428252            1.997743444469538            0.002289046404757  
         38.699730339753501            1.998634834274976            0.001398864444171  
         38.820674556078750            1.999204398603034            0.000829941059329  
         38.941618772403999            1.998087917233473            0.001946485579600  
         39.062562988729248            1.998043790804645            0.001990782057781  
         39.183507205054497            1.999181828859471            0.000852447782855  
         39.304451421379746            1.998715285025610            0.001317980100944  
         39.425395637705002            1.997686763659238            0.002345479334821  
         39.546339854030251            1.998655135276393            0.001375876345286  
         39.667284070355500            1.999139567664846            0.000889699695505  
         39.788228286680749            1.997948482461120            0.002078580202600  
         39.909172503005998            1.997930492162239            0.002094499089687  
         40.030116719331247            1.998833472206756            0.001189159781677  
         40.151060935656496            1.998630484878106            0.001389230013909  
         40.272005151981752            1.997636184448151            0.002380639633512  
         40.392949368307001            1.998077996557311            0.001935944295523  
         40.513893584632250            1.998707392633354            0.001303402594735  
         40.634837800957499            1.998189682599723            0.001817621012071  
         40.755782017282748            1.997698706292706            0.002305364623637  
         40.876726233607997            1.998028216739867            0.001972646451121  
         40.997670449933246            1.998738240402225            0.001259077527583  
         41.118614666258502            1.998195380419141            0.001798517789123  
         41.239558882583751            1.997611157151328            0.002379585460003  
         41.360503098909000            1.998425146202332            0.001562474950037  
         41.481447315234249            1.998953183118757            0.001031109276337  
         41.602391531559498            1.998068035411755            0.001913372751251  
         41.723335747884747            1.997766192180068            0.002212640045015  
         41.844279964209996            1.999035996915250            0.000940153153643  
         41.965224180535252            1.998892735824002            0.001080944213627  
         42.086168396860501            1.997683920904423            0.002287804636628  
         42.207112613185750            1.998442644182813            0.001527436199251  
         42.328056829510999            1.999251144915549            0.000717156161854  
         42.449001045836248            1.998317007684106            0.001650096704109  
         42.569945262161497            1.997807826603514            0.002158662919127  
         42.690889478486746            1.999076975667959            0.000888864828305  
         42.811833694812002            1.998920630298270            0.001044877722535  
         42.932777911137251            1.997779999168992            0.002185828199719  
         43.053722127462500            1.998542685567809            0.001423827361317  
         43.174666343787749            1.999206315463419            0.000760822256500  
         43.295610560112998            1.998171188863321            0.001797231878402  
         43.416554776438247            1.998048835356165            0.001921390835858  
         43.537498992763496            1.999104467587424            0.000867480056635  
         43.658443209088752            1.998629430117983            0.001344681984267  
         43.779387425414001            1.997805426097663            0.002171347597157  
         43.900331641739250            1.998758293406752            0.001221229898929  
         44.021275858064499            1.998751246947364            0.001231120340117  
         44.142220074389748            1.997916392587065            0.002069277327750  
         44.263164290714997            1.998329224321146            0.001659904778903  
         44.384108507040246            1.998640470372631            0.001351943286805  
         44.505052723365502            1.998009879142840            0.001986185862916  
         44.625996939690751            1.998178026272845            0.001821785631540  
         44.746941156016000            1.998584829357213            0.001418467239990  
         44.867885372341249            1.997965720534860            0.002041150618480  
         44.988829588666498            1.998248055137525            0.001762462323278  
         45.109773804991747            1.998753163574248            0.001260726247280  
         45.230718021316996            1.998035712844211            0.001981277543077  
         45.351662237642252            1.998200872604616            0.001819317087326  
         45.472606453967501            1.998995660406697            0.001027425386885  
         45.593550670292750            1.998383598287504            0.001641833841126  
         45.714494886617999            1.997978328741620            0.002049544469934  
         45.835439102943248            1.999000422083616            0.001029555267921  
         45.956383319268497            1.998911804980641            0.001119656367198  
         46.077327535593746            1.997835687467036            0.002197099784029  
         46.198271751919002            1.998688650016819            0.001345326287849  
         46.319215968244251            1.999233679105993            0.000800866154516  
         46.440160184569500            1.998173109115888            0.001861485721387  
         46.561104400894749            1.998098851553613            0.001935909481712  
         46.682048617219998            1.999231864772945            0.000802527858413  
         46.802992833545247            1.998766721533975            0.001266633858324  
         46.923937049870496            1.997762220468212            0.002270101080821  
         47.044881266195752            1.998737641847377            0.001293424970206  
         47.165825482521001            1.999212441459072            0.000816817881778  
         47.286769698846250            1.998019852336933            0.002007194230600  
         47.407713915171499            1.998008007716612            0.002016978359539  
         47.528658131496748            1.998987290101346            0.001035271871524  
         47.649602347821997            1.998697474008897            0.001322156348236  
         47.770546564147246            1.997645989955655            0.002370760039057  
         47.891490780472502            1.998243046847535            0.001770808153397  
         48.012434996797751            1.998810768981104            0.001199897968133  
         48.133379213123000            1.998132559493640            0.001874622691217  
         48.254323429448249            1.997707660996161            0.002296315334908  
         48.375267645773498            1.998164872147675            0.001835857351477  
         48.496211862098747            1.998663738982632            0.001333442042746  
         48.617156078423996            1.998041504153719            0.001952279587188  
         48.738100294749252            1.997664548400253            0.002326090489475  
         48.859044511074501            1.998393813603813            0.001593673736132  
         48.979988727399750            1.998772307230495            0.001211863473580  
         49.100932943724999            1.997997117959192            0.001984213136915  
         49.221877160050248            1.997764887425381            0.002213838297090  
         49.342821376375497            1.998936637075428            0.001039404918307  
         49.463765592700746            1.998774535745381            0.001199068976210  
         49.584709809026002            1.997683844637415            0.002287822901788  
         49.705654025351251            1.998397777807686            0.001572213210259  
         49.826598241676500            1.999186676650052            0.000781547376883  
         49.947542458001749            1.998296453233871            0.001670621983712  
         50.068486674326998            1.997781483299790            0.002184938996673  
         50.189430890652247            1.999053667899941            0.000912101326805  
         50.310375106977496            1.998888843145471            0.001076623217772  
         50.431319323302752            1.997764762338157            0.002201022484338  
         50.552263539628001            1.998507144576659            0.001459295211251  
         50.673207755953250            1.999159812357804            0.000807252631053  
         50.794151972278499            1.998147005127488            0.001821377604932  
         50.915096188603748            1.997997939935594            0.001972202082173  
         51.036040404928997            1.999035004366263            0.000936844052277  
         51.156984621254246            1.998545538599052            0.001428501462366  
         51.277928837579502            1.997772516674143            0.002204165688001  
         51.398873053904751            1.998683030716454            0.001296372280674  
         51.519817270230000            1.998611780848595            0.001370464439385  
         51.640761486555249            1.997883503486017            0.002102065621259  
         51.761705702880498            1.998322351717615            0.001666640811161  
         51.882649919205747            1.998525697836554            0.001466561259523  
         52.003594135530996            1.997943806537952            0.002052139315989  
         52.124538351856252            1.998266157738823            0.001733512007195  
         52.245482568181501            1.998601072014954            0.001402063861248  
         52.366426784506750            1.997873232760327            0.002133500738231  
         52.487371000831999            1.998362045479407            0.001648347113571  
         52.608315217157248            1.998883732249098            0.001130014707288  
         52.729259433482497            1.997996853661050            0.002019996168026  
         52.850203649807746            1.998227550574151            0.001792558158665  
         52.971147866133002            1.999151255160308            0.000871734927553  
         53.092092082458251            1.998418345437867            0.001606982028479  
         53.213036298783500            1.997914335916558            0.002113509470733  
         53.333980515108749            1.999098890501658            0.000931076074542  
         53.454924731433998            1.998982581627428            0.001048862647133  
         53.575868947759247            1.997750629481486            0.002282182571291  
         53.696813164084496            1.998697866926751            0.001336216393196  
         53.817757380409752            1.999308057624332            0.000726592777239  
         53.938701596735001            1.998139502272842            0.001895199364073  
         54.059645813060250            1.998009762017185            0.002025222688938  
         54.180590029385499            1.999312182170504            0.000722452809949  
         54.301534245710748            1.998807467451139            0.001226129423555  
         54.422478462035997            1.997636824990286            0.002395807183990  
         54.543422678361246            1.998777738860182            0.001253717539754  
         54.664366894686502            1.999336997958497            0.000692655527713  
         54.785311111011751            1.997971740831098            0.002055704964934  
         54.906255327337000            1.997933349253605            0.002092149647970  
         55.027199543662249            1.999159560778371            0.000863528120299  
         55.148143759987498            1.998805051759999            0.001215100716937  
         55.269087976312747            1.997491790656716            0.002525537276365  
         55.390032192637996            1.998332716792678            0.001681772345458  
         55.510976408963252            1.998994529904563            0.001016773835118  
         55.631920625288501            1.998069267435041            0.001938533374552  
         55.752864841613750            1.997601104944196            0.002403563524413  
         55.873809057938999            1.998265591161107            0.001735831279126  
         55.994753274264248            1.998709772665669            0.001288075070519  
         56.115697490589497            1.997857256565773            0.002137198251564  
         56.236641706914746            1.997600198493204            0.002391137394688  
         56.357585923240002            1.998387322675677            0.001600839158207  
         56.478530139565251            1.998678694472676            0.001306083494294  
         56.599474355890500            1.997861417393862            0.002120553076330  
         56.720418572215749            1.997619896002444            0.002359433703747  
         56.841362788540998            1.998914806152888            0.001061778659009  
         56.962307004866247            1.998692118852833            0.001281983047103  
         57.083251221191496            1.997522185668790            0.002449964301372  
         57.204195437516752            1.998284902540497            0.001685523197405  
         57.325139653842001            1.999198826753033            0.000769719924815  
         57.446083870167250            1.998229289601087            0.001738100922692  
         57.567028086492499            1.997566608209193            0.002400064934198  
         57.687972302817748            1.999066345664515            0.000899588481918  
         57.808916519142997            1.998902439680949            0.001063117772881  
         57.929860735468246            1.997586921814659            0.002378903800496  
         58.050804951793502            1.998409721266498            0.001556706875417  
         58.171749168118751            1.999193191632628            0.000773729251480  
         58.292693384444000            1.998067923312798            0.001900297606753  
         58.413637600769249            1.997805625729560            0.002164290902777  
         58.534581817094498            1.999050462177760            0.000921054783005  
         58.655526033419747            1.998500114388747            0.001473551311231  
         58.776470249744996            1.997600425231596            0.002375837431994  
         58.897414466070252            1.998657321164097            0.001321608586412  
         59.018358682395501            1.998559337719733            0.001422340331888  
         59.139302898720750            1.997775142408775            0.002209868038343  
         59.260247115045999            1.998288643645858            0.001699761745822  
         59.381191331371248            1.998515645964696            0.001475933108812  
         59.502135547696497            1.997821860636886            0.002173435635224  
         59.623079764021746            1.998271173589984            0.001727839434664  
         59.744023980347002            1.998697858747746            0.001304583038966  
         59.864968196672251            1.997696234217643            0.002309805084968  
         59.985912412997500            1.998357621228058            0.001652120684839  
         60.106856629322749            1.999045810405760            0.000967305727855  
         60.227800845647998            1.997881341343730            0.002134835735043  
         60.348745061973247            1.998090684402110            0.001928861882031  
         60.469689278298496            1.999300548652821            0.000721925314848  
         60.590633494623752            1.998451349571953            0.001573426404473  
         60.711577710949001            1.997639248984861            0.002388163744914  
         60.832521927274250            1.999168005052864            0.000861610138161  
         60.953466143599499            1.999121968440901            0.000909150753596  
         61.074410359924748            1.997485270051741            0.002547242900434  
         61.195354576249997            1.998603256086391            0.001430697427054  
         61.316298792575246            1.999464768153947            0.000569821248427  
         61.437243008900502            1.998062176051868            0.001972419609696  
         61.558187225225751            1.997700693830384            0.002334382824827  
         61.679131441551000            1.999421182867572            0.000613633797722  
         61.800075657876249            1.998927207695928            0.001106580184617  
         61.921019874201498            1.997286355589037            0.002746532931571  
         62.041964090526747            1.998704476005253            0.001327395273893  
         62.162908306851996            1.999530020655193            0.000500123461140  
         62.283852523177252            1.997861634163192            0.002166246951980  
         62.404796739502501            1.997596390937189            0.002429720526142  
         62.525740955827750            1.999259496844072            0.000764284537468  
         62.646685172152999            1.998986529011746            0.001034318284276  
         62.767629388478248            1.997129730890521            0.002888321256079  
         62.888573604803497            1.998200504613688            0.001814816530753  
         63.009517821128746            1.999145672396590            0.000866542911558  
         63.130462037454002            1.998047522840403            0.001961104533004  
         63.251406253779251            1.997307216816816            0.002698374125554  
         63.372350470104500            1.998135986415631            0.001866416384161  
         63.493294686429749            1.998877970375202            0.001120853031076  
         63.614238902754998            1.997723307858140            0.002272069230059  
         63.735183119080247            1.997349808063253            0.002642503440793  
         63.856127335405496            1.998266686462058            0.001722515827077  
         63.977071551730752            1.998816638852952            0.001169044372345  
         64.098015768056001            1.997785590732865            0.002197306360526  
         64.218959984381243            1.997207693404589            0.002772575064326  
         64.339904200706499            1.998997809326964            0.000979703613983  
         64.460848417031755            1.998847405488081            0.001127487445757  
         64.581792633356997            1.997249684706650            0.002723242266756  
         64.702736849682253            1.997994333429733            0.001976938777728  
         64.823681066007495            1.999418891519086            0.000550311778396  
         64.944625282332751            1.998308755412709            0.001659237702355  
         65.065569498657993            1.997065285654238            0.002901977725726  
         65.186513714983249            1.999117957682812            0.000848548228884  
         65.307457931308505            1.999159659880851            0.000806275705860  
         65.428402147633747            1.997298784125291            0.002667350545525  
         65.549346363959003            1.998136007320120            0.001830822960825  
         65.670290580284245            1.999454768188569            0.000512315160385  
         65.791234796609501            1.998120866273920            0.001847440955711  
         65.912179012934743            1.997334512016310            0.002635504866204  
         66.033123229259999            1.999216128361710            0.000755407212391  
         66.154067445585255            1.998748230922923            0.001225292569733  
         66.275011661910497            1.997219668074497            0.002756405795921  
         66.395955878235753            1.998598844156319            0.001379964662612  
         66.516900094560995            1.998854091059535            0.001127233538692  
         66.637844310886251            1.997633789873970            0.002350841336491  
         66.758788527211493            1.997965525012684            0.002022572570818  
         66.879732743536749            1.998792459636659            0.001198656939884  
         67.000676959862005            1.997759197144921            0.002235590619204  
         67.121621176187247            1.997868910728057            0.002129621389546  
         67.242565392512503            1.998859066953565            0.001142915406464  
         67.363509608837745            1.997591165122575            0.002414279082333  
         67.484453825163001            1.997970449766358            0.002038731260672  
         67.605398041488243            1.999044597222650            0.000968110429178  
         67.726342257813499            1.997861685576489            0.002153902081356  
         67.847286474138755            1.997629089259435            0.002389927846585  
         67.968230690463997            1.999191160846137            0.000830939979913  
         68.089174906789253            1.998654127110627            0.001370215894171  
         68.210119123114495            1.997092520395612            0.002934451636770  
         68.331063339439751            1.998971529039078            0.001057764809344  
         68.452007555764993            1.999435875496388            0.000595084964038  
         68.572951772090249            1.997136958781121            0.002895217980267  
         68.693895988415505            1.998157401674340            0.001876380955457  
         68.814840204740747            1.999679617623833            0.000355045618948  
         68.935784421066003            1.998195942137559            0.001838562019321  
         69.056728637391245            1.996983521046230            0.003051572298380  
         69.177672853716501            1.999354763079800            0.000680253862899  
         69.298617070041743            1.999329206261186            0.000704907853005  
         69.419561286366999            1.996776525963896            0.003256540233232  
         69.540505502692255            1.998191316332411            0.001840898034053  
         69.661449719017497            1.999655845389478            0.000374951554351  
         69.782393935342753            1.997980575843119            0.002047766710461  
         69.903338151667995            1.996834653375977            0.003191998072434  
         70.024282367993251            1.998812391840609            0.001212126665897  
         70.145226584318493            1.999287611147174            0.000734134681400  
         70.266170800643749            1.996820662142774            0.003198110862332  
         70.387115016969005            1.997461463385688            0.002554656850460  
         70.508059233294247            1.998736470035665            0.001276897703938  
         70.629003449619503            1.998448967550190            0.001560648889616  
         70.749947665944745            1.997026547538184            0.002979989449101  
         70.870891882270001            1.997126055039246            0.002877447829655  
         70.991836098595243            1.999049489332785            0.000950659765314  
         71.112780314920499            1.998250854468033            0.001745601213906  
         71.233724531245755            1.996900515110789            0.003092838543433  
         71.354668747570997            1.997415658537152            0.002574935343828  
         71.475612963896253            1.999508706190113            0.000478238780931  
         71.596557180221495            1.998333399248654            0.001650573851504  
         71.717501396546751            1.996192135015636            0.003789253275103  
         71.838445612871993            1.998859183046589            0.001119764682020  
         71.959389829197249            1.999644829248319            0.000331143227442  
         72.080334045522505            1.997159441464283            0.002814347042226  
         72.201278261847747            1.997013540001411            0.002958973359183  
         72.322222478173003            1.999660780012973            0.000309514763385  
         72.443166694498245            1.998984893373080            0.000983831142851  
         72.564110910823501            1.996170942753542            0.003797001412298  
