#  GS molecular orbital populations, spin channel : 1
#          time (fs)            |   population (orb 1)       |    population (orb 2)      |           ...              |    population (orb N)      |
          0.118525331998745            1.999949117004271            0.000101506534000  
          0.239469548323995            2.000049674916544            0.000001013594420  
          0.360413764649245            1.999982907823250            0.000067355542407  
          0.481357980974495            2.000036168088630            0.000013403721634  
          0.602302197299745            2.000022714735596            0.000025656018826  
          0.723246413624995            1.999999601748501            0.000047178459421  
          0.844190629950245            2.000039176881076            0.000005411562102  
          0.965134846275495            1.999960800981831            0.000081057022172  
          1.086079062600745            2.000030157182669            0.000008464723388  
          1.207023278925995            1.999957023239032            0.000077943787455  
          1.327967495251245            2.000009066379805            0.000022011703207  
          1.448911711576495            1.999984896066868            0.000042125390657  
          1.569855927901745            1.999983718876606            0.000039133817617  
          1.690800144226995            1.999993775708775            0.000024801783290  
          1.811744360552245            1.999961487788253            0.000052585409659  
          1.932688576877495            1.999954649890471            0.000054736184077  
          2.053632793202745            1.999957728159349            0.000046701188084  
          2.174577009527995            1.999904309555331            0.000095063372225  
          2.295521225853245            1.999973492499079            0.000020792980740  
          2.416465442178495            1.999897312381680            0.000092020299531  
          2.537409658503745            1.999979045913916            0.000005574387593  
          2.658353874828995            1.999931139927977            0.000048971140378  
          2.779298091154245            1.999949162044709            0.000026719818581  
          2.900242307479495            1.999959423425152            0.000012301960968  
          3.021186523804745            1.999901835454712            0.000065959075063  
          3.142130740129995            1.999958423636538            0.000005518876830  
          3.263074956455245            1.999879868485726            0.000080534195427  
          3.384019172780495            1.999942335204780            0.000014895592752  
          3.504963389105745            1.999896685858603            0.000057820639683  
          3.625907605430995            1.999925760436128            0.000026674592970  
          3.746851821756245            1.999922442761523            0.000028320428681  
          3.867796038081495            1.999905156163088            0.000044613114809  
          3.988740254406745            1.999929765864484            0.000019261015828  
          4.109684470731995            1.999881322006248            0.000067536281183  
          4.230628687057245            1.999925123961050            0.000023852443321  
          4.351572903382495            1.999871103309481            0.000078542406665  
          4.472517119707745            1.999927772495590            0.000023076301922  
          4.593461336032996            1.999886330234923            0.000066282774805  
          4.714405552358246            1.999936258729373            0.000018828335043  
          4.835349768683495            1.999917927966165            0.000040080849863  
          4.956293985008745            1.999933467180738            0.000028089724429  
          5.077238201333995            1.999948465746340            0.000016904587591  
          5.198182417659245            1.999918865120784            0.000050736083983  
          5.319126633984495            1.999967861921217            0.000006154812381  
          5.440070850309746            1.999914631138098            0.000064089979969  
          5.561015066634996            1.999975182477450            0.000008466072998  
          5.681959282960245            1.999934791858588            0.000054025011679  
          5.802903499285495            1.999974918759002            0.000019289575995  
          5.923847715610745            1.999962473994584            0.000037247330826  
          6.044791931935995            1.999975505847748            0.000029804148504  
          6.165736148261245            1.999971328778141            0.000039461869917  
          6.286680364586495            1.999984970802052            0.000031154514376  
          6.407624580911745            1.999961563958805            0.000059588758053  
          6.528568797236995            2.000003419505340            0.000022469588474  
          6.649513013562244            1.999959207986033            0.000071055100450  
          6.770457229887494            2.000021573151519            0.000012756763726  
          6.891401446212745            1.999980764737347            0.000057272729422  
          7.012345662537995            2.000026252990444            0.000015182849951  
          7.133289878863245            2.000014028381093            0.000030352052296  
          7.254234095188495            2.000011859631468            0.000035053528186  
          7.375178311513745            2.000037902172504            0.000010927468771  
          7.496122527838994            1.999990020308220            0.000060172581946  
          7.617066744164244            2.000046619284910            0.000004287909504  
          7.738010960489495            1.999982858049656            0.000068178490519  
          7.858955176814745            2.000044887459492            0.000005794683660  
          7.979899393139995            1.999999856704532            0.000049955476625  
          8.100843609465246            2.000029491185710            0.000019127379557  
          8.221787825790495            2.000025586951927            0.000021346660391  
          8.342732042115745            1.999995046665000            0.000049849238450  
          8.463676258440994            2.000037584584098            0.000004750334650  
          8.584620474766245            1.999956893262369            0.000082427574106  
          8.705564691091494            2.000028942527862            0.000006909996306  
          8.826508907416745            1.999945863751677            0.000086126240940  
          8.947453123741996            2.000008159351947            0.000019717273436  
          9.068397340067245            1.999967072521817            0.000056487732282  
          9.189341556392495            1.999985455835834            0.000033678761054  
          9.310285772717744            1.999984822257054            0.000029784569724  
          9.431229989042995            1.999968711954805            0.000041229759935  
          9.552174205368244            1.999968248976874            0.000036911826534  
          9.673118421693495            1.999965280721883            0.000034937590188  
          9.794062638018746            1.999933497103087            0.000061725150890  
          9.915006854343995            1.999972166499677            0.000018049591766  
         10.035951070669245            1.999920536687188            0.000064799834578  
         10.156895286994494            1.999969438900083            0.000011226868758  
         10.277839503319745            1.999937545292878            0.000038676255228  
         10.398783719644994            1.999941078178368            0.000031000350160  
         10.519727935970245            1.999956540164242            0.000011567519811  
         10.640672152295496            1.999899157234669            0.000065280765185  
         10.761616368620745            1.999957144976351            0.000003788172076  
         10.882560584945995            1.999874544756982            0.000083243439320  
         11.003504801271244            1.999945675205683            0.000009318713950  
         11.124449017596495            1.999882447980115            0.000070210616068  
         11.245393233921744            1.999933468982022            0.000017437771482  
         11.366337450246995            1.999907107307583            0.000042499978244  
         11.487281666572246            1.999919733316039            0.000029232838250  
         11.608225882897495            1.999925872506345            0.000022808679201  
         11.729170099222745            1.999903202090837            0.000045796774581  
         11.850114315547994            1.999934153646155            0.000015510537589  
         11.971058531873245            1.999893991040532            0.000056897923798  
         12.092002748198494            1.999939402462173            0.000013195171694  
         12.212946964523745            1.999903250683455            0.000051599208055  
         12.333891180848996            1.999942007912371            0.000015694666346  
         12.454835397174245            1.999928033328643            0.000032987899500  
         12.575779613499495            1.999935364874213            0.000029520653235  
         12.696723829824744            1.999953411615044            0.000015662396049  
         12.817668046149995            1.999923264233301            0.000050373240824  
         12.938612262475244            1.999966650305323            0.000011757577455  
         13.059556478800495            1.999922540967237            0.000060873922438  
         13.180500695125746            1.999967898336317            0.000020677795615  
         13.301444911450995            1.999942056904504            0.000051843572377  
         13.422389127776245            1.999968636524258            0.000030692178185  
         13.543333344101494            1.999968126954566            0.000036692751697  
         13.664277560426745            1.999979348238671            0.000030941904286  
         13.785221776751994            1.999980711810720            0.000034936133602  
         13.906165993077245            1.999999057066495            0.000021743274030  
         14.027110209402496            1.999978928677285            0.000046732880797  
         14.148054425727745            2.000018100613859            0.000012071941689  
         14.268998642052996            1.999980223550439            0.000054068340096  
         14.389942858378244            2.000028324903327            0.000009704385630  
         14.510887074703495            1.999996263256539            0.000045063474701  
         14.631831291028744            2.000026313944094            0.000017951776499  
         14.752775507353995            2.000019521216042            0.000027162276687  
         14.873719723679246            2.000012219682127            0.000036488259927  
         14.994663940004495            2.000035992995251            0.000014108984486  
         15.115608156329746            1.999992707195781            0.000058298398836  
         15.236552372654995            2.000042234612835            0.000009025713398  
         15.357496588980245            1.999981458968881            0.000069507506616  
         15.478440805305494            2.000042733008804            0.000007423650084  
         15.599385021630745            1.999988353006701            0.000060466941748  
         15.720329237955996            2.000035636634167            0.000011496082405  
         15.841273454281245            2.000007810867384            0.000037136972628  
         15.962217670606496            2.000014085915545            0.000028369567176  
         16.083161886931745            2.000023892279787            0.000015581274745  
         16.204106103256994            1.999983987630387            0.000052150188259  
         16.325050319582246            2.000024990334545            0.000007392765590  
         16.445994535907495            1.999966682988602            0.000061615069265  
         16.566938752232744            2.000010000527959            0.000013963477050  
         16.687882968557997            1.999972414510129            0.000047011762599  
         16.808827184883246            1.999985506039825            0.000029286961531  
         16.929771401208495            1.999981406501268            0.000028652051129  
         17.050715617533744            1.999962725014035            0.000042541396145  
         17.171659833858996            1.999968229728269            0.000032174243604  
         17.292604050184245            1.999953120823026            0.000042365168780  
         17.413548266509494            1.999937147654155            0.000053416100824  
         17.534492482834747            1.999957837239273            0.000027841474316  
         17.655436699159996            1.999916752185766            0.000064188245151  
         17.776380915485245            1.999962030618341            0.000014364298966  
         17.897325131810494            1.999921742692125            0.000050373136650  
         18.018269348135746            1.999949325512837            0.000018804678028  
         18.139213564460995            1.999938128535927            0.000026288871921  
         18.260157780786244            1.999921968850147            0.000039067206139  
         18.381101997111497            1.999947128385187            0.000010795249062  
         18.502046213436746            1.999899618616414            0.000055584198181  
         18.622990429761995            1.999944856739081            0.000008000372028  
         18.743934646087244            1.999897794598869            0.000053195370494  
         18.864878862412496            1.999935703172110            0.000013955294189  
         18.985823078737745            1.999912684810224            0.000036145153321  
         19.106767295062994            1.999921278403795            0.000027336277260  
         19.227711511388247            1.999930102688086            0.000018747044057  
         19.348655727713496            1.999904031808663            0.000045641848595  
         19.469599944038745            1.999942118609609            0.000008798571053  
         19.590544160363994            1.999893561953315            0.000059147237069  
         19.711488376689246            1.999949009287282            0.000005955487873  
         19.832432593014495            1.999899832080949            0.000057914080083  
         19.953376809339744            1.999951129770768            0.000009898472629  
         20.074321025664997            1.999920810178988            0.000043974583238  
         20.195265241990246            1.999948079952072            0.000020897075549  
         20.316209458315495            1.999942537432535            0.000030994983823  
         20.437153674640744            1.999945383430054            0.000032996482735  
         20.558097890965996            1.999953588060867            0.000029865441893  
         20.679042107291245            1.999952315821127            0.000036373661329  
         20.799986323616494            1.999957395346976            0.000036639447933  
         20.920930539941747            1.999969348131621            0.000030109694363  
         21.041874756266996            1.999966924940237            0.000037964886051  
         21.162818972592245            1.999984599194693            0.000025712857358  
         21.283763188917494            1.999987491659696            0.000028123340451  
         21.404707405242746            1.999987767101962            0.000033012141485  
         21.525651621567995            2.000010403110009            0.000015257360300  
         21.646595837893244            1.999982959821661            0.000047296488764  
         21.767540054218497            2.000024838788863            0.000009598394219  
         21.888484270543746            1.999983007572756            0.000055206006674  
         22.009428486868995            2.000029333923758            0.000012208107159  
         22.130372703194244            1.999994075211891            0.000050308353663  
         22.251316919519496            2.000028137468695            0.000018675021171  
         22.372261135844745            2.000009972682643            0.000038706071632  
         22.493205352169994            2.000022804305798            0.000027336156507  
         22.614149568495247            2.000021252180192            0.000029715823182  
         22.735093784820496            2.000013251054999            0.000038089748406  
         22.856038001145745            2.000025888241604            0.000025184800575  
         22.976982217470994            2.000003660090456            0.000046642437498  
         23.097926433796246            2.000027360112012            0.000021637253606  
         23.218870650121495            2.000001031989944            0.000046161996931  
         23.339814866446744            2.000024132129549            0.000020879388463  
         23.460759082771997            2.000007256623737            0.000035102045039  
         23.581703299097246            2.000009016628926            0.000030398852669  
         23.702647515422495            2.000016562812315            0.000019465636023  
         23.823591731747744            1.999982905562001            0.000049452373130  
         23.944535948072996            2.000020484692724            0.000007829011969  
         24.065480164398245            1.999961633549675            0.000062373125299  
         24.186424380723494            2.000012678905222            0.000006792874732  
         24.307368597048747            1.999959446577223            0.000055312497880  
         24.428312813373996            1.999992258919903            0.000017713808191  
         24.549257029699245            1.999968677348390            0.000036420615024  
         24.670201246024494            1.999966694101028            0.000033536563682  
         24.791145462349750            1.999968194238852            0.000027132750781  
         24.912089678674999            1.999948641942750            0.000041821550696  
         25.033033895000248            1.999950994673988            0.000034640504455  
         25.153978111325497            1.999944480470595            0.000036432027141  
         25.274922327650749            1.999931760198423            0.000044599822527  
         25.395866543975998            1.999946061555845            0.000025956979011  
         25.516810760301247            1.999925796820633            0.000042182929165  
         25.637754976626500            1.999939071919644            0.000025164442850  
         25.758699192951749            1.999931656022794            0.000029193147395  
         25.879643409276998            1.999920082536375            0.000037725022841  
         26.000587625602247            1.999938693327417            0.000016440510037  
         26.121531841927499            1.999900771554280            0.000052098961469  
         26.242476058252748            1.999940937699939            0.000010090330101  
         26.363420274577997            1.999894891439002            0.000054792236564  
         26.484364490903250            1.999938022911007            0.000010824463666  
         26.605308707228499            1.999904367894024            0.000044194161542  
         26.726252923553748            1.999930303359560            0.000018526877156  
         26.847197139878997            1.999920009491892            0.000029626040583  
         26.968141356204249            1.999920011058746            0.000030964172335  
         27.089085572529498            1.999932386767895            0.000020427689805  
         27.210029788854747            1.999913971914401            0.000041181498565  
         27.330974005180000            1.999938419693464            0.000019547912802  
         27.451918221505249            1.999918662728786            0.000042599660244  
         27.572862437830498            1.999940542518598            0.000024453179614  
         27.693806654155747            1.999931898293810            0.000037276151947  
         27.814750870480999            1.999944288291887            0.000029412271340  
         27.935695086806248            1.999943926656372            0.000034652004295  
         28.056639303131497            1.999955318450453            0.000028353004353  
         28.177583519456750            1.999949152243993            0.000039821410915  
         28.298527735781999            1.999973779209768            0.000020585329029  
         28.419471952107248            1.999953364891582            0.000046453394428  
         28.540416168432497            1.999991943342899            0.000013321293415  
         28.661360384757749            1.999965615252470            0.000045027873400  
         28.782304601082998            2.000001391686920            0.000014539554244  
         28.903248817408247            1.999985367959857            0.000035646826969  
         29.024193033733500            2.000001870527811            0.000024040187954  
         29.145137250058749            2.000002966522390            0.000027486657227  
         29.266081466383998            2.000000375689013            0.000034315235519  
         29.387025682709247            2.000011868690367            0.000026590522989  
         29.507969899034499            2.000002926960101            0.000038882484683  
         29.628914115359748            2.000014946660476            0.000029707947062  
         29.749858331684997            2.000009323088809            0.000037676022053  
         29.870802548010250            2.000017820724695            0.000031044771845  
         29.991746764335499            2.000014625521398            0.000035550405232  
         30.112690980660748            2.000020616469875            0.000030415672390  
         30.233635196985997            2.000014916589890            0.000036375770203  
         30.354579413311249            2.000019236877317            0.000031850694662  
         30.475523629636498            2.000012059980699            0.000038224269460  
         30.596467845961747            2.000012368546366            0.000036634608975  
         30.717412062287000            2.000011231531841            0.000035965831376  
         30.838356278612249            2.000004027015108            0.000040907088284  
         30.959300494937498            2.000012381965243            0.000029892441237  
         31.080244711262747            1.999999395295752            0.000039800197589  
         31.201188927587999            2.000007709525056            0.000028116962920  
         31.322133143913248            2.000000221806198            0.000031853006263  
         31.443077360238497            1.999992042039274            0.000036040682213  
         31.564021576563750            2.000003463873952            0.000020307795954  
         31.684965792888999            1.999973026746876            0.000046232891024  
         31.805910009214248            2.000001992842294            0.000012557056958  
         31.926854225539497            1.999964057496651            0.000045653214653  
         32.047798441864749            1.999988935216499            0.000015882672057  
         32.168742658189998            1.999966570258930            0.000033305184846  
         32.289686874515247            1.999965423854004            0.000029560250928  
         32.410631090840496            1.999967437470340            0.000022664644260  
         32.531575307165745            1.999942432387388            0.000042899629721  
         32.652519523491002            1.999956344494622            0.000024296810717  
         32.773463739816250            1.999930968983966            0.000045154650934  
         32.894407956141499            1.999938192049222            0.000033612898138  
         33.015352172466748            1.999930568700111            0.000037166561197  
         33.136296388791997            1.999924867575108            0.000039132625752  
         33.257240605117246            1.999930657227201            0.000029919436516  
         33.378184821442495            1.999920957110546            0.000036617319842  
         33.499129037767752            1.999923574785502            0.000031352340005  
         33.620073254093001            1.999922451337501            0.000030284380096  
         33.741017470418250            1.999912699822092            0.000038257697160  
         33.861961686743498            1.999924440187445            0.000025222134490  
         33.982905903068747            1.999906930770559            0.000041934290649  
         34.103850119393996            1.999924721312811            0.000023861363248  
         34.224794335719245            1.999910044608455            0.000038824142583  
         34.345738552044502            1.999922930706233            0.000026743739063  
         34.466682768369751            1.999917642072684            0.000033421405915  
         34.587626984695000            1.999920988266620            0.000031951998856  
         34.708571201020249            1.999923498423471            0.000031864282125  
         34.829515417345497            1.999923405355436            0.000034828771664  
         34.950459633670746            1.999926605744627            0.000034980422386  
         35.071403849995995            1.999933201028627            0.000032161221967  
         35.192348066321252            1.999931910304555            0.000037624028743  
         35.313292282646501            1.999947051363931            0.000027040307904  
         35.434236498971750            1.999944750960332            0.000034183362460  
         35.555180715296999            1.999957741458255            0.000026329960759  
         35.676124931622248            1.999964130582769            0.000025231777464  
         35.797069147947497            1.999962806595418            0.000032002039756  
         35.918013364272745            1.999982241449353            0.000018035451124  
         36.038957580598002            1.999967643125329            0.000038108009127  
         36.159901796923251            1.999992463911592            0.000018671985136  
         36.280846013248500            1.999977811913393            0.000038577141269  
         36.401790229573749            1.999996432481074            0.000025031442676  
         36.522734445898998            1.999991142059137            0.000035133217188  
         36.643678662224247            2.000000729563144            0.000030092587141  
         36.764622878549496            2.000000808427156            0.000034170366828  
         36.885567094874752            2.000008668737554            0.000030103375722  
         37.006511311200001            2.000004378026605            0.000037699310057  
         37.127455527525250            2.000017997055733            0.000026929486017  
         37.248399743850499            2.000006284175048            0.000040959388730  
         37.369343960175748            2.000024497882625            0.000024551619417  
         37.490288176500997            2.000011543879921            0.000038782383231  
         37.611232392826246            2.000025065279838            0.000026008903685  
         37.732176609151502            2.000019506950548            0.000031803707812  
         37.853120825476751            2.000019135771081            0.000031875801389  
         37.974065041802000            2.000024736124877            0.000025477497115  
         38.095009258127249            2.000010068965716            0.000038814977757  
         38.215953474452498            2.000022651704370            0.000024428318224  
         38.336897690777747            2.000003748595201            0.000041041366296  
         38.457841907102996            2.000013328965741            0.000028748492130  
         38.578786123428252            2.000002331122344            0.000036641569559  
         38.699730339753501            2.000001041662770            0.000034465635502  
         38.820674556078750            2.000000028569871            0.000031722249503  
         38.941618772403999            1.999991542401535            0.000036142325483  
         39.062562988729248            1.999989342761910            0.000034059105370  
         39.183507205054497            1.999988294123649            0.000030574346840  
         39.304451421379746            1.999971940551672            0.000042239918819  
         39.425395637705002            1.999988447354483            0.000020892104399  
         39.546339854030251            1.999958681991538            0.000045738625424  
         39.667284070355500            1.999983524918971            0.000015948808100  
         39.788228286680749            1.999956398646908            0.000038131531497  
         39.909172503005998            1.999967913404587            0.000021755183572  
         40.030116719331247            1.999959151696149            0.000025722597947  
         40.151060935656496            1.999946329993022            0.000033911403703  
         40.272005151981752            1.999956282975666            0.000019457577326  
         40.392949368307001            1.999929631257539            0.000041838880676  
         40.513893584632250            1.999944992856679            0.000022439055222  
         40.634837800957499            1.999923364044672            0.000040328302028  
         40.755782017282748            1.999931072360027            0.000029237456125  
         40.876726233607997            1.999923162131070            0.000034115327402  
         40.997670449933246            1.999920402562487            0.000034300416394  
         41.118614666258502            1.999921848851937            0.000030663333344  
         41.239558882583751            1.999914361917281            0.000036470039456  
         41.360503098909000            1.999917937052351            0.000031641020874  
         41.481447315234249            1.999912127410691            0.000036727861831  
         41.602391531559498            1.999915359548175            0.000033267895962  
         41.723335747884747            1.999913219421751            0.000035713729669  
         41.844279964209996            1.999916933673131            0.000032867249423  
         41.965224180535252            1.999917628927939            0.000033551566226  
         42.086168396860501            1.999920905517087            0.000032238506604  
         42.207112613185750            1.999925679673878            0.000029893203735  
         42.328056829510999            1.999924437261140            0.000034107630499  
         42.449001045836248            1.999937461868790            0.000024469225710  
         42.569945262161497            1.999928537085805            0.000037239264916  
         42.690889478486746            1.999950838690016            0.000019151529316  
         42.811833694812002            1.999937329894242            0.000037229340849  
         42.932777911137251            1.999961208958293            0.000018227309696  
         43.053722127462500            1.999951998004092            0.000032553729688  
         43.174666343787749            1.999966038415035            0.000023837065621  
         43.295610560112998            1.999967556481383            0.000027748462620  
         43.416554776438247            1.999969117431815            0.000031691591845  
         43.537498992763496            1.999978097156690            0.000028181741656  
         43.658443209088752            1.999976868933188            0.000034813268531  
         43.779387425414001            1.999984101866645            0.000032824122941  
         43.900331641739250            1.999990209000864            0.000031765017692  
         44.021275858064499            1.999991465144256            0.000035296356328  
         44.142220074389748            2.000003216954513            0.000028024568291  
         44.263164290714997            2.000003681821548            0.000031688083422  
         44.384108507040246            2.000010101296035            0.000028994241804  
         44.505052723365502            2.000017987821903            0.000024390738783  
         44.625996939690751            2.000011006317252            0.000034176129608  
         44.746941156016000            2.000029127846712            0.000018346301392  
         44.867885372341249            2.000010831706402            0.000038405448601  
         44.988829588666498            2.000033991194992            0.000016476013123  
         45.109773804991747            2.000013996720632            0.000037153507658  
         45.230718021316996            2.000031907329055            0.000019414580126  
         45.351662237642252            2.000020593784195            0.000030357490038  
         45.472606453967501            2.000023360064678            0.000026736526600  
         45.593550670292750            2.000026720899390            0.000022000606112  
         45.714494886617999            2.000010958914104            0.000035922317300  
         45.835439102943248            2.000027625627428            0.000016942908464  
         45.956383319268497            2.000000183364012            0.000041639431373  
         46.077327535593746            2.000020497856634            0.000018184908125  
         46.198271751919002            1.999995340859561            0.000039835421770  
         46.319215968244251            2.000006025464058            0.000025336582993  
         46.440160184569500            1.999993825127858            0.000033443113297  
         46.561104400894749            1.999989085497608            0.000033851181078  
         46.682048617219998            1.999987821298172            0.000030586652648  
         46.802992833545247            1.999976652254759            0.000037049965429  
         46.923937049870496            1.999973965950366            0.000034911378963  
         47.044881266195752            1.999971747524885            0.000032207884613  
         47.165825482521001            1.999958698984631            0.000040303493432  
         47.286769698846250            1.999969193869017            0.000024862592455  
         47.407713915171499            1.999950911227173            0.000038259091806  
         47.528658131496748            1.999960628849846            0.000023764946787  
         47.649602347821997            1.999951207870506            0.000028542260753  
         47.770546564147246            1.999944456456797            0.000030845288270  
         47.891490780472502            1.999952195702048            0.000018852255674  
         48.012434996797751            1.999927965301254            0.000039101385491  
         48.133379213123000            1.999947692832279            0.000015667275024  
         48.254323429448249            1.999919101123102            0.000040897761418  
         48.375267645773498            1.999937872535852            0.000019143303600  
         48.496211862098747            1.999918702198153            0.000035730273408  
         48.617156078423996            1.999926442814879            0.000025880222082  
         48.738100294749252            1.999921928865684            0.000028714276102  
         48.859044511074501            1.999916734969784            0.000032760482186  
         48.979988727399750            1.999924887666519            0.000023915728262  
         49.100932943724999            1.999911209646293            0.000037455155993  
         49.221877160050248            1.999927345325165            0.000021678493195  
         49.342821376375497            1.999911909117351            0.000038022233659  
         49.463765592700746            1.999929998591809            0.000021381281266  
         49.584709809026002            1.999919510991543            0.000033837268444  
         49.705654025351251            1.999932096457621            0.000023766263507  
         49.826598241676500            1.999932155205975            0.000026689063507  
         49.947542458001749            1.999933178333967            0.000029141559168  
         50.068486674326998            1.999945598996071            0.000020596904822  
         50.189430890652247            1.999935627812872            0.000034846828715  
         50.310375106977496            1.999955369041237            0.000019709263099  
         50.431319323302752            1.999942972314040            0.000037007829676  
         50.552263539628001            1.999960609206725            0.000024506208512  
         50.673207755953250            1.999955244949606            0.000035190995149  
         50.794151972278499            1.999965888549305            0.000029985955550  
         50.915096188603748            1.999968130638065            0.000033238092576  
         51.036040404928997            1.999976726349101            0.000030120981908  
         51.156984621254246            1.999977990981214            0.000034250544209  
         51.277928837579502            1.999992785643265            0.000024699313459  
         51.398873053904751            1.999986059882382            0.000036453788217  
         51.519817270230000            2.000007846968374            0.000019428442895  
         51.640761486555249            1.999995970103447            0.000035741437912  
         51.761705702880498            2.000016426139307            0.000019368741239  
         51.882649919205747            2.000008343398279            0.000031110790951  
         52.003594135530996            2.000018070772193            0.000024626899662  
         52.124538351856252            2.000019903411984            0.000025528736160  
         52.245482568181501            2.000015885184753            0.000031811648101  
         52.366426784506750            2.000027390134678            0.000022011799023  
         52.487371000831999            2.000013464078511            0.000037128050654  
         52.608315217157248            2.000030195634004            0.000021031364951  
         52.729259433482497            2.000013222115129            0.000038100233722  
         52.850203649807746            2.000028794481227            0.000022116074635  
         52.971147866133002            2.000015683564612            0.000034275098777  
         53.092092082458251            2.000022651386114            0.000025904248208  
         53.213036298783500            2.000019444037139            0.000027192988202  
         53.333980515108749            2.000011758789888            0.000032548312889  
         53.454924731433998            2.000021750394490            0.000019766798437  
         53.575868947759247            1.999999632011760            0.000038718681587  
         53.696813164084496            2.000019046196197            0.000015768063666  
         53.817757380409752            1.999991762731169            0.000039191623640  
         53.938701596735001            2.000008334524144            0.000018494474644  
         54.059645813060250            1.999989218025267            0.000033236336339  
         54.180590029385499            1.999990464790041            0.000027438724551  
         54.301534245710748            1.999985937760367            0.000027245642396  
         54.422478462035997            1.999971887332743            0.000036468625019  
         54.543422678361246            1.999975445293137            0.000027997064443  
         54.664366894686502            1.999959960888834            0.000038531973847  
         54.785311111011751            1.999959323181323            0.000034230123722  
         54.906255327337000            1.999955155460475            0.000033509493135  
         55.027199543662249            1.999945897255180            0.000037991970591  
         55.148143759987498            1.999950470224089            0.000028784283283  
         55.269087976312747            1.999940630890501            0.000034187614326  
         55.390032192637996            1.999940184504223            0.000030419826421  
         55.510976408963252            1.999941050004547            0.000025603050544  
         55.631920625288501            1.999926721231523            0.000036281110448  
         55.752864841613750            1.999941135233637            0.000018543209931  
         55.873809057938999            1.999917306001492            0.000039429611804  
         55.994753274264248            1.999937340744404            0.000016856778684  
         56.115697490589497            1.999915941569943            0.000036165617834  
         56.236641706914746            1.999929888237717            0.000020608327720  
         56.357585923240002            1.999920591233767            0.000028778880279  
         56.478530139565251            1.999921251642483            0.000027519817422  
         56.599474355890500            1.999926911225950            0.000021761452306  
         56.720418572215749            1.999915056483870            0.000034063170682  
         56.841362788540998            1.999932083872196            0.000017996256781  
         56.962307004866247            1.999914795726786            0.000036788600770  
         57.083251221191496            1.999935095037945            0.000018514195635  
         57.204195437516752            1.999921415501994            0.000034739461379  
         57.325139653842001            1.999936052690670            0.000023142135357  
         57.446083870167250            1.999931882505661            0.000030822113595  
         57.567028086492499            1.999937050311066            0.000029587571943  
         57.687972302817748            1.999941418473434            0.000029542080087  
         57.808916519142997            1.999942189887904            0.000033420198702  
         57.929860735468246            1.999948337050390            0.000032208172947  
         58.050804951793502            1.999953915739892            0.000031789814253  
         58.171749168118751            1.999956209002513            0.000034823234291  
         58.292693384444000            1.999969144015141            0.000027332692645  
         58.413637600769249            1.999969440192130            0.000032516868035  
         58.534581817094498            1.999981566700723            0.000025867141092  
         58.655526033419747            1.999986897748052            0.000025910269012  
         58.776470249744996            1.999988537990803            0.000029509893166  
         58.897414466070252            2.000002392816666            0.000020658721857  
         59.018358682395501            1.999993350270160            0.000034444462264  
         59.139302898720750            2.000011478341725            0.000020718464404  
         59.260247115045999            2.000000037799219            0.000036188035034  
         59.381191331371248            2.000015123928694            0.000024725291198  
         59.502135547696497            2.000008359569468            0.000034643985935  
         59.623079764021746            2.000016578180402            0.000029135582322  
         59.744023980347002            2.000015018451914            0.000032863405253  
         59.864968196672251            2.000017289531126            0.000032282538885  
         59.985912412997500            2.000018116844326            0.000032566730133  
         60.106856629322749            2.000016788659506            0.000034498689066  
         60.227800845647998            2.000018803278944            0.000032522636168  
         60.348745061973247            2.000014779093664            0.000036064559500  
         60.469689278298496            2.000018554428360            0.000031298755287  
         60.590633494623752            2.000012047129770            0.000036304545277  
         60.711577710949001            2.000016099115279            0.000030315765060  
         60.832521927274250            2.000009923269193            0.000034072940893  
         60.953466143599499            2.000008752957494            0.000032449476170  
         61.074410359924748            2.000009209753683            0.000028770437639  
         61.195354576249997            1.999997210196574            0.000037220055786  
         61.316298792575246            2.000008454796304            0.000022084531671  
         61.437243008900502            1.999987028720167            0.000039346111708  
         61.558187225225751            2.000003199587828            0.000018781424994  
         61.679131441551000            1.999982893979883            0.000034488905078  
         61.800075657876249            1.999989590247802            0.000023069064051  
         61.921019874201498            1.999982067511238            0.000025738878458  
         62.041964090526747            1.999970106492824            0.000032801120748  
         62.162908306851996            1.999976708634104            0.000021250587015  
         62.283852523177252            1.999953063818044            0.000039971711648  
         62.404796739502501            1.999963213517304            0.000024945351880  
         62.525740955827750            1.999944139274410            0.000039245151823  
         62.646685172152999            1.999946541650423            0.000032226679270  
         62.767629388478248            1.999940274099268            0.000034058026118  
         62.888573604803497            1.999934291307635            0.000035863380870  
         63.009517821128746            1.999934458603675            0.000031767507854  
         63.130462037454002            1.999929115245875            0.000033512982632  
         63.251406253779251            1.999924766386989            0.000034583511496  
         63.372350470104500            1.999928200252093            0.000028256703043  
         63.493294686429749            1.999915898289540            0.000038068896664  
         63.614238902754998            1.999927451164815            0.000024465730528  
         63.735183119080247            1.999912872623293            0.000037477939965  
         63.856127335405496            1.999924527688449            0.000024742666851  
         63.977071551730752            1.999915799899233            0.000032924505345  
         64.098015768056001            1.999919761701563            0.000028927993169  
         64.218959984381243            1.999921020285267            0.000028181956011  
         64.339904200706499            1.999916029903900            0.000034202275392  
         64.460848417031755            1.999925288093346            0.000026511168439  
         64.581792633356997            1.999916995428857            0.000036886949617  
         64.702736849682253            1.999928175664072            0.000028296562774  
         64.823681066007495            1.999923855867419            0.000035707313135  
         64.944625282332751            1.999932051752873            0.000031048849387  
         65.065569498657993            1.999933847265427            0.000033244032852  
         65.186513714983249            1.999940478660887            0.000030959041425  
         65.307457931308505            1.999943196900848            0.000032948614154  
         65.428402147633747            1.999954833399535            0.000026270789374  
         65.549346363959003            1.999951562577637            0.000034737723105  
         65.670290580284245            1.999971368375979            0.000020273628153  
         65.791234796609501            1.999961931001881            0.000035154561423  
         65.912179012934743            1.999983657027308            0.000018911586328  
         66.033123229259999            1.999975589031007            0.000032426256819  
         66.154067445585255            1.999989405218693            0.000023984127960  
         66.275011661910497            1.999989248931496            0.000029337090706  
         66.395955878235753            1.999992748378744            0.000030843215040  
         66.516900094560995            1.999998738897376            0.000029549719130  
         66.637844310886251            1.999998675784392            0.000034001080554  
         66.758788527211493            2.000004032434102            0.000032627011134  
         66.879732743536749            2.000007414213842            0.000032815665618  
         67.000676959862005            2.000008722127617            0.000034618428583  
         67.121621176187247            2.000015096463485            0.000030865914105  
         67.242565392512503            2.000015156352456            0.000032940609036  
         67.363509608837745            2.000018104935932            0.000031588483430  
         67.484453825163001            2.000021767596420            0.000029014854273  
         67.605398041488243            2.000016280259151            0.000035029789513  
         67.726342257813499            2.000025085999030            0.000026233736713  
         67.847286474138755            2.000012895290148            0.000037882378244  
         67.968230690463997            2.000022964050912            0.000026765909056  
         68.089174906789253            2.000011272568038            0.000036908153567  
         68.210119123114495            2.000015775516738            0.000030385952396  
         68.331063339439751            2.000010625685672            0.000033090631818  
         68.452007555764993            2.000006134010138            0.000034709972487  
         68.572951772090249            2.000006181919400            0.000031437268186  
         68.693895988415505            1.999998090257219            0.000035926137980  
         68.814840204740747            1.999995025766357            0.000035097584742  
         68.935784421066003            1.999994351067460            0.000031576916877  
         69.056728637391245            1.999981241474849            0.000040266137646  
         69.177672853716501            1.999992296019661            0.000024596711572  
         69.298617070041743            1.999972666870468            0.000039460480907  
         69.419561286366999            1.999984975738485            0.000022302942558  
         69.540505502692255            1.999971664226106            0.000030688852823  
         69.661449719017497            1.999969146200548            0.000028286645002  
         69.782393935342753            1.999971786889796            0.000020720793060  
         69.903338151667995            1.999950589507513            0.000037072241989  
         70.024282367993251            1.999965164317172            0.000017735505282  
         70.145226584318493            1.999938160011719            0.000040133103438  
         70.266170800643749            1.999950995037449            0.000022888202732  
         70.387115016969005            1.999933651076799            0.000036049532126  
         70.508059233294247            1.999935088809209            0.000030737659728  
         70.629003449619503            1.999931073965049            0.000031161874891  
         70.749947665944745            1.999923195382307            0.000035840044648  
         70.870891882270001            1.999925390581428            0.000030782517833  
         70.991836098595243            1.999917107100847            0.000036646256431  
         71.112780314920499            1.999918118034696            0.000033630257805  
         71.233724531245755            1.999915528251211            0.000034694098591  
         71.354668747570997            1.999913787137674            0.000035413303633  
         71.475612963896253            1.999916203061451            0.000032474734598  
         71.596557180221495            1.999913879556922            0.000034844203874  
         71.717501396546751            1.999917801746697            0.000031464620969  
         71.838445612871993            1.999916158517223            0.000034233988512  
         71.959389829197249            1.999921130113303            0.000030871729631  
         72.080334045522505            1.999918825902900            0.000035339753416  
         72.201278261847747            1.999927973152615            0.000028829440105  
         72.322222478173003            1.999923486024576            0.000036448103454  
         72.443166694498245            1.999937897594497            0.000025625983700  
         72.564110910823501            1.999933485270225            0.000034038099142  
