#             time (fs)      |   total net charge (e)  |   charge (atom_1) (e)   |   charge (atom_2) (e)   |        ...        |   charge (atom_N) (e)   |
          0.000000000000000       -0.000000000000000       -0.000000000000000        0.000000000000000
          0.120944216325250       -0.000000000029527        0.000073875390386       -0.000073875419913
          0.241888432650500       -0.000000000074158       -0.000215157525110        0.000215157450953
          0.362832648975750       -0.000000000141541        0.000345329696541       -0.000345329838082
          0.483776865301000       -0.000000000205674       -0.000502914095824        0.000502913890150
          0.604721081626250       -0.000000000292839        0.000787857656694       -0.000787857949534
          0.725665297951500       -0.000000000356690       -0.000933477098198        0.000933476741508
          0.846609514276750       -0.000000000438285        0.001101245866781       -0.001101246305066
          0.967553730602000       -0.000000000484812       -0.001399999312355        0.001399998827543
          1.088497946927250       -0.000000000535351        0.001411292477250       -0.001411293012600
          1.209442163252500       -0.000000000553061       -0.001441826576601        0.001441826023540
          1.330386379577750       -0.000000000556116        0.001603161251808       -0.001603161807925
          1.451330595903000       -0.000000000540227       -0.001360164319890        0.001360163779663
          1.572274812228250       -0.000000000494353        0.001196250890174       -0.001196251384527
          1.693219028553500       -0.000000000447256       -0.001221654906030        0.001221654458774
          1.814163244878750       -0.000000000367111        0.000772082105664       -0.000772082472775
          1.935107461204000       -0.000000000297822       -0.000552680377483        0.000552680079661
          2.056051677529250       -0.000000000208136        0.000571839411170       -0.000571839619306
          2.176995893854500       -0.000000000133192       -0.000085417233988        0.000085417100796
          2.297940110179750       -0.000000000059803       -0.000046576488288        0.000046576428485
          2.418884326505000        0.000000000000433       -0.000101744738541        0.000101744738974
          2.539828542830250        0.000000000038368       -0.000356398017169        0.000356398055537
          2.660772759155500        0.000000000066125        0.000307187546475       -0.000307187480351
          2.781716975480750        0.000000000057406       -0.000029831050269        0.000029831107675
          2.902661191806000        0.000000000041059        0.000421933773837       -0.000421933732778
          3.023605408131250       -0.000000000013744       -0.000199155717266        0.000199155703522
          3.144549624456500       -0.000000000081802       -0.000223097223205        0.000223097141403
          3.265493840781750       -0.000000000170590       -0.000129872886252        0.000129872715662
          3.386438057107000       -0.000000000285660       -0.000295997226379        0.000295996940719
          3.507382273432250       -0.000000000397139        0.000805159748448       -0.000805160145587
          3.628326489757500       -0.000000000548288       -0.000475737723354        0.000475737175066
          3.749270706082750       -0.000000000664298        0.001014040010680       -0.001014040674977
          3.870214922408000       -0.000000000838707       -0.001495585159467        0.001495584320761
          3.991159138733250       -0.000000000948934        0.001007609763735       -0.001007610712670
          4.112103355058500       -0.000000001117599       -0.001471011871956        0.001471010754357
          4.233047571383750       -0.000000001220381        0.001656129177102       -0.001656130397483
          4.353991787709000       -0.000000001364057       -0.000800495398361        0.000800494034304
          4.474936004034250       -0.000000001453351        0.000994596429331       -0.000994597882683
          4.595880220359500       -0.000000001553882       -0.000778529342885        0.000778527789004
          4.716824436684750       -0.000000001625875       -0.000405471075305        0.000405469449430
          4.837768653010000       -0.000000001677632        0.000297379983850       -0.000297381661482
          4.958712869335250       -0.000000001715153       -0.000602562413272        0.000602560698119
          5.079657085660500       -0.000000001725619        0.001667277451412       -0.001667279177031
          5.200601301985750       -0.000000001716947       -0.001159533340763        0.001159531623817
          5.321545518311000       -0.000000001692991        0.001125294508816       -0.001125296201808
          5.442489734636251       -0.000000001634727       -0.001697680371114        0.001697678736388
          5.563433950961501       -0.000000001574743        0.000640520210305       -0.000640521785048
          5.684378167286750       -0.000000001479039       -0.000279185342107        0.000279183863068
          5.805322383612000       -0.000000001379623        0.000571091625832       -0.000571093005455
          5.926266599937250       -0.000000001261258        0.000703592270391       -0.000703593531649
          6.047210816262500       -0.000000001118772       -0.000935691802147        0.000935690683376
          6.168155032587750       -0.000000000998709        0.000553092339606       -0.000553093338315
          6.289099248913001       -0.000000000826231       -0.001641325174848        0.001641324348617
          6.410043465238251       -0.000000000707571        0.001526703433421       -0.001526704140992
          6.530987681563500       -0.000000000527838       -0.000902193536017        0.000902193008179
          6.651931897888750       -0.000000000423161        0.001821016418223       -0.001821016841384
          6.772876114214000       -0.000000000251083       -0.001396273107103        0.001396272856020
          6.893820330539250       -0.000000000166279        0.000732068344036       -0.000732068510315
          7.014764546864500       -0.000000000032099       -0.001591106488042        0.001591106455944
          7.135708763189751        0.000000000026032        0.001078562733517       -0.001078562707485
          7.256652979515001        0.000000000114579       -0.000490482552297        0.000490482666876
          7.377597195840250        0.000000000128507        0.001454861674903       -0.001454861546396
          7.498541412165500        0.000000000170182       -0.000899820286082        0.000899820456264
          7.619485628490750        0.000000000140153        0.000512447285716       -0.000512447145563
          7.740429844816000        0.000000000131556       -0.001553064967065        0.001553065098621
          7.861374061141250        0.000000000063368        0.001017279544332       -0.001017279480964
          7.982318277466501        0.000000000019300       -0.000766298552127        0.000766298571427
          8.103262493791750       -0.000000000076388        0.001879067091037       -0.001879067167425
          8.224206710117000       -0.000000000135669       -0.001240064971616        0.001240064835947
          8.345150926442249       -0.000000000234550        0.001080300955225       -0.001080301189775
          8.466095142767500       -0.000000000294226       -0.002087529943149        0.002087529648923
          8.587039359092751       -0.000000000369330        0.001257615181316       -0.001257615550645
          8.707983575418000       -0.000000000411033       -0.001017879169793        0.001017878758760
          8.828927791743251       -0.000000000445905        0.001846613590490       -0.001846614036395
          8.949872008068500       -0.000000000454546       -0.000714230616055        0.000714230161508
          9.070816224393750       -0.000000000443003        0.000428349774513       -0.000428350217516
          9.191760440718999       -0.000000000414095       -0.001084393086774        0.001084392672679
          9.312704657044250       -0.000000000364311       -0.000208287383303        0.000208287018992
          9.433648873369501       -0.000000000302053        0.000417164694030       -0.000417164996084
          9.554593089694750       -0.000000000234159        0.000259504101963       -0.000259504336122
          9.675537306020001       -0.000000000152572        0.001064804667394       -0.001064804819966
          9.796481522345250       -0.000000000091639       -0.001023848042591        0.001023847950952
          9.917425738670500       -0.000000000013985        0.000272458752822       -0.000272458766807
         10.038369954995749        0.000000000023823       -0.001552377845983        0.001552377869806
         10.159314171321000        0.000000000073828        0.001268448748252       -0.001268448674425
         10.280258387646251        0.000000000070257       -0.000447979095806        0.000447979166063
         10.401202603971500        0.000000000084279        0.001737440972881       -0.001737440888602
         10.522146820296751        0.000000000027991       -0.001208673986750        0.001208674014741
         10.643091036622000       -0.000000000006653        0.000383274679951       -0.000383274686604
         10.764035252947250       -0.000000000101241       -0.001655428852423        0.001655428751182
         10.884979469272501       -0.000000000187116        0.000886229198377       -0.000886229385493
         11.005923685597750       -0.000000000317524       -0.000019030493984        0.000019030176460
         11.126867901923001       -0.000000000436121        0.001246451397890       -0.001246451834011
         11.247812118248250       -0.000000000588760       -0.000166059700222        0.000166059111463
         11.368756334573501       -0.000000000740168       -0.000717108941936        0.000717108201767
         11.489700550898750       -0.000000000887393       -0.000429069249469        0.000429068362076
         11.610644767224001       -0.000000001049003       -0.000867189079471        0.000867188030468
         11.731588983549251       -0.000000001190737        0.001648065381526       -0.001648066572262
         11.852533199874500       -0.000000001341700       -0.000373268653321        0.000373267311621
         11.973477416199751       -0.000000001458345        0.001652269577891       -0.001652271036236
         12.094421632525000       -0.000000001589308       -0.001979784691843        0.001979783102534
         12.215365848850251       -0.000000001681408        0.000352531729043       -0.000352533410451
         12.336310065175500       -0.000000001768309       -0.001332249334569        0.001332247566260
         12.457254281500751       -0.000000001829819        0.001116168519424       -0.001116170349244
         12.578198497826001       -0.000000001874103        0.000838974719505       -0.000838976593608
         12.699142714151250       -0.000000001895658        0.000076278020784       -0.000076279916442
         12.820086930476501       -0.000000001894798        0.000374425377329       -0.000374427272127
         12.941031146801750       -0.000000001870378       -0.002108043528505        0.002108041658127
         13.061975363127001       -0.000000001830052        0.000823832271774       -0.000823834101826
         13.182919579452250       -0.000000001762244       -0.001006887524008        0.001006885761764
         13.303863795777501       -0.000000001683951        0.002210678575031       -0.002210680258982
         13.424808012102751       -0.000000001575176       -0.000373159452091        0.000373157876915
         13.545752228428000       -0.000000001464885        0.000371321304695       -0.000371322769581
         13.666696444753251       -0.000000001332609       -0.001162323334577        0.001162322001968
         13.787640661078500       -0.000000001189526       -0.000829549339516        0.000829548149990
         13.908584877403751       -0.000000001044330        0.000712292193214       -0.000712293237544
         14.029529093729000       -0.000000000891430        0.000062462210575       -0.000062463102006
         14.150473310054251       -0.000000000746286        0.001816012436947       -0.001816013183233
         14.271417526379501       -0.000000000587576       -0.001323116627279        0.001323116039703
         14.392361742704750       -0.000000000463330        0.000529106473666       -0.000529106936996
         14.513305959030001       -0.000000000326298       -0.002189044309000        0.002189043982702
         14.634250175355250       -0.000000000221552        0.001444936895193       -0.001444937116745
         14.755194391680501       -0.000000000123014       -0.000674550523558        0.000674550400544
         14.876138608005750       -0.000000000061377        0.002268985040169       -0.002268985101546
         14.997082824331001        0.000000000000168       -0.001342447809493        0.001342447809661
         15.118027040656251        0.000000000014549        0.000758484122217       -0.000758484107669
         15.238971256981500        0.000000000023059       -0.002284545231768        0.002284545254826
         15.359915473306751        0.000000000000301        0.001293907664416       -0.001293907664116
         15.480859689632000       -0.000000000036608       -0.000849582162824        0.000849582126216
         15.601803905957251       -0.000000000095739        0.002333978302293       -0.002333978398032
         15.722748122282500       -0.000000000156601       -0.001183870704375        0.001183870547775
         15.843692338607751       -0.000000000233883        0.000860106027718       -0.000860106261601
         15.964636554933001       -0.000000000304708       -0.002145900575584        0.002145900270877
         16.085580771258250       -0.000000000373554        0.000805475580566       -0.000805475954120
         16.206524987583499       -0.000000000432030       -0.000457162311125        0.000457161879095
         16.327469203908752       -0.000000000475626        0.001536359998935       -0.001536360474561
         16.448413420234001       -0.000000000500735        0.000058252998344       -0.000058253499079
         16.569357636559250       -0.000000000506012       -0.000338453458663        0.000338452952650
         16.690301852884499       -0.000000000489848       -0.000570591451326        0.000570590961478
         16.811246069209751       -0.000000000453188       -0.001078639210117        0.001078638756930
         16.932190285535000       -0.000000000400376        0.001177213494622       -0.001177213894999
         17.053134501860249       -0.000000000331124       -0.000219269617522        0.000219269286398
         17.174078718185502       -0.000000000253808        0.001829525912314       -0.001829526166122
         17.295022934510751       -0.000000000172907       -0.001588822926363        0.001588822753456
         17.415967150836000       -0.000000000093700        0.000596594297108       -0.000596594390808
         17.536911367161249       -0.000000000016266       -0.002114974168302        0.002114974152036
         17.657855583486501        0.000000000036805        0.001637532648963       -0.001637532612158
         17.778799799811750        0.000000000088860       -0.000642718591521        0.000642718680381
         17.899744016136999        0.000000000108451        0.002208159258172       -0.002208159149721
         18.020688232462252        0.000000000113326       -0.001519044314989        0.001519044428315
         18.141632448787501        0.000000000088253        0.000660455810535       -0.000660455722282
         18.262576665112750        0.000000000052457       -0.002247484648124        0.002247484700581
         18.383520881437999       -0.000000000028672        0.001418723049072       -0.001418723077744
         18.504465097763251       -0.000000000104128       -0.000634969740148        0.000634969636020
         18.625409314088500       -0.000000000219412        0.002238405754476       -0.002238405973888
         18.746353530413749       -0.000000000336224       -0.001136751064737        0.001136750728513
         18.867297746739002       -0.000000000476457        0.000406276031411       -0.000406276507868
         18.988241963064251       -0.000000000607402       -0.001837341245469        0.001837340638067
         19.109186179389500       -0.000000000763457        0.000430387048842       -0.000430387812299
         19.230130395714749       -0.000000000906127        0.000364506897938       -0.000364507804065
         19.351074612040001       -0.000000001045809        0.000909161822516       -0.000909162868325
         19.472018828365250       -0.000000001184632        0.000793347634164       -0.000793348818796
         19.592963044690499       -0.000000001307874       -0.001432892937216        0.001432891629342
         19.713907261015752       -0.000000001422716        0.000161851305484       -0.000161852728200
         19.834851477341001       -0.000000001512087       -0.001761809514472        0.001761808002384
         19.955795693666250       -0.000000001599334        0.001935624838663       -0.001935626437997
         20.076739909991499       -0.000000001654922       -0.000293715867370        0.000293714212448
         20.197684126316751       -0.000000001696684        0.001555577903438       -0.001555579600122
         20.318628342642000       -0.000000001715631       -0.001076576232902        0.001076574517272
         20.439572558967249       -0.000000001713853       -0.000806063159121        0.000806061445268
         20.560516775292502       -0.000000001691521       -0.000269111705576        0.000269110014056
         20.681460991617751       -0.000000001648650       -0.000417010091439        0.000417008442789
         20.802405207943000       -0.000000001579554        0.002078689705679       -0.002078691285234
         20.923349424268253       -0.000000001504330       -0.000668542971831        0.000668541467501
         21.044293640593501       -0.000000001397558        0.001161637632266       -0.001161639029824
         21.165237856918750       -0.000000001292452       -0.002229142873179        0.002229141580727
         21.286182073243999       -0.000000001151993        0.000421322262478       -0.000421323414471
         21.407126289569252       -0.000000001027874       -0.000696009759759        0.000696008731884
         21.528070505894501       -0.000000000874822        0.001371280393612       -0.001371281268434
         21.649014722219750       -0.000000000728854        0.000575319228275       -0.000575319957129
         21.769958938545003       -0.000000000582471       -0.000191990671748        0.000191990089277
         21.890903154870252       -0.000000000437524       -0.000340941301650        0.000340940864126
         22.011847371195501       -0.000000000308592       -0.001438575032012        0.001438574723419
         22.132791587520749       -0.000000000171768        0.000826370490921       -0.000826370662689
         22.253735803846002       -0.000000000083527       -0.000304267973602        0.000304267890075
         22.374680020171251        0.000000000025690        0.001889773605426       -0.001889773579736
         22.495624236496500        0.000000000074136       -0.001051180483062        0.001051180557198
         22.616568452821753        0.000000000136536        0.000604967884913       -0.000604967748377
         22.737512669147002        0.000000000136671       -0.002003523941530        0.002003524078201
         22.858456885472251        0.000000000157106        0.001031412682142       -0.001031412525036
         22.979401101797500        0.000000000109126       -0.000658997439980        0.000658997549106
         23.100345318122752        0.000000000084092        0.001897631639056       -0.001897631554965
         23.221289534448001        0.000000000006608       -0.000772997046934        0.000772997053542
         23.342233750773250       -0.000000000054836        0.000461025808710       -0.000461025863546
         23.463177967098503       -0.000000000145060       -0.001468692756243        0.001468692611183
         23.584122183423752       -0.000000000219265        0.000190436061178       -0.000190436280443
         23.705066399749001       -0.000000000300853        0.000125005516291       -0.000125005817144
         23.826010616074250       -0.000000000366800        0.000678364469072       -0.000678364835872
         23.946954832399502       -0.000000000419906        0.000730978764089       -0.000730979183995
         24.067899048724751       -0.000000000456384       -0.000943782313636        0.000943781857252
         24.188843265050000       -0.000000000471003        0.000245049907988       -0.000245050378992
         24.309787481375253       -0.000000000463592       -0.001586343884533        0.001586343420941
         24.430731697700502       -0.000000000442906        0.001568978246002       -0.001568978688908
         24.551675914025751       -0.000000000390334       -0.000785352888974        0.000785352498640
         24.672620130351000       -0.000000000343882        0.001976572426018       -0.001976572769899
         24.793564346676252       -0.000000000261706       -0.001639607200538        0.001639606938832
         24.914508563001501       -0.000000000206010        0.000816366038009       -0.000816366244020
         25.035452779326750       -0.000000000113710       -0.001871189070822        0.001871188957111
         25.156396995652003       -0.000000000072617        0.001367523289827       -0.001367523362444
         25.277341211977252        0.000000000005347       -0.000586894203927        0.000586894209274
         25.398285428302501        0.000000000018893        0.001676986708959       -0.001676986690066
         25.519229644627750        0.000000000059270       -0.001083110659319        0.001083110718588
         25.640173860953002        0.000000000032852        0.000496863574469       -0.000496863541616
         25.761118077278251        0.000000000029844       -0.001635058069958        0.001635058099802
         25.882062293603500       -0.000000000050847        0.001053444786798       -0.001053444837645
         26.003006509928753       -0.000000000093408       -0.000629480156993        0.000629480063586
         26.123950726254002       -0.000000000221888        0.001845181017086       -0.001845181238974
         26.244894942579251       -0.000000000302930       -0.001190298049575        0.001190297746646
         26.365839158904500       -0.000000000464544        0.000913698409840       -0.000913698874384
         26.486783375229752       -0.000000000569089       -0.002037798993537        0.002037798424448
         26.607727591555001       -0.000000000756670        0.001239205064617       -0.001239205821287
         26.728671807880250       -0.000000000873580       -0.000905762978510        0.000905762104931
         26.849616024205503       -0.000000001055344        0.001805444977677       -0.001805446033022
         26.970560240530752       -0.000000001184209       -0.000674556787887        0.000674555603678
         27.091504456856001       -0.000000001340661        0.000216250735454       -0.000216252076115
         27.212448673181250       -0.000000001464617       -0.000788331689109        0.000788330224492
         27.333392889506502       -0.000000001584010       -0.000557566296969        0.000557564712958
         27.454337105831751       -0.000000001695305        0.001006799979647       -0.001006801674952
         27.575281322157000       -0.000000001769212       -0.000448268558200        0.000448266788988
         27.696225538482253       -0.000000001845185        0.001642254261790       -0.001642256106975
         27.817169754807502       -0.000000001882813       -0.001635115564457        0.001635113681643
         27.938113971132751       -0.000000001910717        0.000739814960220       -0.000739816870937
         28.059058187458000       -0.000000001912523       -0.001442430795859        0.001442428883336
         28.180002403783252       -0.000000001889479        0.000878943883221       -0.000878945772700
         28.300946620108501       -0.000000001850654        0.000302182745680       -0.000302184596334
         28.421890836433750       -0.000000001788425        0.000154066181284       -0.000154067969709
         28.542835052759003       -0.000000001701443        0.000568672569613       -0.000568674271055
         28.663779269084252       -0.000000001611834       -0.001541150679188        0.001541149067354
         28.784723485409501       -0.000000001477586        0.000881234916688       -0.000881236394274
         28.905667701734750       -0.000000001374429       -0.001342613025287        0.001342611650858
         29.026611918060002       -0.000000001203001        0.001833117298943       -0.001833118501944
         29.147556134385251       -0.000000001085776       -0.000870467358848        0.000870466273072
         29.268500350710500       -0.000000000906147        0.001077016750707       -0.001077017656854
         29.389444567035753       -0.000000000778720       -0.001241152557615        0.001241151778895
         29.510388783361002       -0.000000000607523        0.000198500955175       -0.000198501562698
         29.631332999686251       -0.000000000480192       -0.000393388142251        0.000393387662059
         29.752277216011500       -0.000000000341859        0.000459063288891       -0.000459063630750
         29.873221432336752       -0.000000000225150        0.000435311320104       -0.000435311545254
         29.994165648662001       -0.000000000132170       -0.000136604102377        0.000136603970208
         30.115109864987250       -0.000000000047579        0.000037661341440       -0.000037661389019
         30.236054081312503       -0.000000000002484       -0.000741422197598        0.000741422195115
         30.356998297637752        0.000000000040185        0.000302799198930       -0.000302799158745
         30.477942513963001        0.000000000035600       -0.000174596243275        0.000174596278875
         30.598886730288250        0.000000000031504        0.000660243216893       -0.000660243185389
         30.719830946613502       -0.000000000011908       -0.000120900482214        0.000120900470306
         30.840775162938751       -0.000000000059707       -0.000073700303193        0.000073700243485
         30.961719379264000       -0.000000000124787       -0.000222035031743        0.000222034906956
         31.082663595589253       -0.000000000199359       -0.000421411575060        0.000421411375702
         31.203607811914502       -0.000000000266894        0.000645176576126       -0.000645176843020
         31.324552028239751       -0.000000000344356       -0.000504514597842        0.000504514253486
         31.445496244565000       -0.000000000396218        0.001137729308527       -0.001137729704745
         31.566440460890252       -0.000000000450595       -0.001302000543965        0.001302000093370
         31.687384677215501       -0.000000000473544        0.001146401403766       -0.001146401877310
         31.808328893540750       -0.000000000484888       -0.001617191204049        0.001617190719161
         31.929273109866003       -0.000000000474607        0.001567959109534       -0.001567959584141
         32.050217326191252       -0.000000000436093       -0.001279875929463        0.001279875493370
         32.171161542516501       -0.000000000395090        0.001505014329264       -0.001505014724354
         32.292105758841750       -0.000000000317149       -0.001252065263653        0.001252064946504
         32.413049975166999       -0.000000000254244        0.000877819989559       -0.000877820243803
         32.533994191492248       -0.000000000158916       -0.000964003629000        0.000964003470084
         32.654938407817504       -0.000000000090086        0.000661369430898       -0.000661369520984
         32.775882624142753       -0.000000000003567       -0.000345669191516        0.000345669187949
         32.896826840468002        0.000000000052745        0.000440295425248       -0.000440295372503
         33.017771056793251        0.000000000107899       -0.000215590295209        0.000215590403107
         33.138715273118500        0.000000000133731        0.000053446937054       -0.000053446803323
         33.259659489443749        0.000000000144484       -0.000210506996086        0.000210507140571
         33.380603705768998        0.000000000125710        0.000123972225470       -0.000123972099760
         33.501547922094254        0.000000000090692       -0.000119151102827        0.000119151193519
         33.622492138419503        0.000000000021196        0.000355417840082       -0.000355417818886
         33.743436354744752       -0.000000000052840       -0.000403433214489        0.000403433161649
         33.864380571070001       -0.000000000170018        0.000542692181520       -0.000542692351538
         33.985324787395250       -0.000000000270309       -0.000815607776220        0.000815607505912
         34.106269003720499       -0.000000000425826        0.000960201588978       -0.000960202014804
         34.227213220045748       -0.000000000537841       -0.001136868056123        0.001136867518282
         34.348157436371004       -0.000000000713843        0.001324621307713       -0.001324622021556
         34.469101652696253       -0.000000000827778       -0.001399391337952        0.001399390510174
         34.590045869021502       -0.000000001001630        0.001402155224964       -0.001402156226594
         34.710990085346751       -0.000000001111823       -0.001286249704960        0.001286248593137
         34.831934301672000       -0.000000001260834        0.001091532985305       -0.001091534246139
         34.952878517997249       -0.000000001362924       -0.000759345809604        0.000759344446681
         35.073822734322498       -0.000000001471133        0.000277996978104       -0.000277998449237
         35.194766950647754       -0.000000001555229        0.000105832029410       -0.000105833584639
         35.315711166973003       -0.000000001617887       -0.000585781834022        0.000585780216136
         35.436655383298252       -0.000000001669243        0.001068925785353       -0.001068927454596
         35.557599599623501       -0.000000001691222       -0.001217240331069        0.001217238639846
         35.678543815948750       -0.000000001696714        0.001366601552316       -0.001366603249030
         35.799488032273999       -0.000000001683390       -0.001442552416401        0.001442550733011
         35.920432248599248       -0.000000001640628        0.001027000971434       -0.001027002612062
         36.041376464924504       -0.000000001590706       -0.000757923176598        0.000757921585892
         36.162320681249753       -0.000000001509102        0.000457326430215       -0.000457327939317
         36.283264897575002       -0.000000001416684        0.000233668281161       -0.000233669697845
         36.404209113900251       -0.000000001311968       -0.000565089954903        0.000565088642936
         36.525153330225500       -0.000000001179046        0.000769326424379       -0.000769327603425
         36.646097546550749       -0.000000001064060       -0.001344231418984        0.001344230354924
         36.767041762875998       -0.000000000900476        0.001335714918713       -0.001335715819188
         36.887985979201254       -0.000000000785082       -0.001268929471337        0.001268928686254
         37.008930195526503       -0.000000000611851        0.001573132778862       -0.001573133390712
         37.129874411851752       -0.000000000499988       -0.001290806740964        0.001290806240977
         37.250818628177001       -0.000000000339925        0.001025213199952       -0.001025213539877
         37.371762844502250       -0.000000000243350       -0.001276210179183        0.001276209935833
         37.492707060827499       -0.000000000112646        0.000854070369901       -0.000854070482547
         37.613651277152748       -0.000000000042461       -0.000643909451466        0.000643909409004
         37.734595493478004        0.000000000042359        0.000939202030993       -0.000939201988634
         37.855539709803253        0.000000000075545       -0.000563335201943        0.000563335277488
         37.976483926128502        0.000000000110453        0.000454783589385       -0.000454783478933
         38.097428142453751        0.000000000097350       -0.000909135115142        0.000909135212492
         38.218372358779000        0.000000000086536        0.000555988177970       -0.000555988091434
         38.339316575104249        0.000000000030636       -0.000631203631220        0.000631203661856
         38.460260791429498       -0.000000000017594        0.001170956344056       -0.001170956361650
         38.581205007754754       -0.000000000103125       -0.000869482154082        0.000869482050957
         38.702149224080003       -0.000000000171774        0.001027170202133       -0.001027170373907
         38.823093440405252       -0.000000000267135       -0.001622186256873        0.001622185989738
         38.944037656730501       -0.000000000334807        0.001209971315900       -0.001209971650707
         39.064981873055750       -0.000000000415515       -0.001383142949619        0.001383142534104
         39.185926089380999       -0.000000000465002        0.001829175468604       -0.001829175933606
         39.306870305706248       -0.000000000509080       -0.001215139169670        0.001215138660591
         39.427814522031504       -0.000000000526920        0.001242284323951       -0.001242284850871
         39.548758738356753       -0.000000000525175       -0.001502273472502        0.001502272947327
         39.669702954682002       -0.000000000504586        0.000617808239530       -0.000617808744117
         39.790647171007251       -0.000000000460886       -0.000597888510823        0.000597888049937
         39.911591387332500       -0.000000000406420        0.000720670014109       -0.000720670420529
         40.032535603657749       -0.000000000336720        0.000245954366770       -0.000245954703491
         40.153479819982998       -0.000000000262018       -0.000180626384893        0.000180626122874
         40.274424036308254       -0.000000000189507        0.000004036541685       -0.000004036731192
         40.395368252633503       -0.000000000114414       -0.000956578691108        0.000956578576695
         40.516312468958752       -0.000000000062590        0.000658162028709       -0.000658162091299
         40.637256685284001       -0.000000000009676       -0.000420673350130        0.000420673340454
         40.758200901609250        0.000000000007500        0.001293387713258       -0.001293387705758
         40.879145117934499        0.000000000019989       -0.000792521039759        0.000792521059749
         41.000089334259748       -0.000000000007962        0.000484126128590       -0.000484126136552
         41.121033550585004       -0.000000000039597       -0.001323404559342        0.001323404519745
         41.241977766910253       -0.000000000115994        0.000582844180776       -0.000582844296771
         41.362921983235502       -0.000000000194889       -0.000254638068195        0.000254637873306
         41.483866199560751       -0.000000000304726        0.000996036393713       -0.000996036698439
         41.604810415886000       -0.000000000425196       -0.000031548155786        0.000031547730590
         41.725754632211249       -0.000000000560830       -0.000356806451655        0.000356805890825
         41.846698848536505       -0.000000000703122       -0.000314361984163        0.000314361281041
         41.967643064861754       -0.000000000848601       -0.000880695064521        0.000880694215920
         42.088587281187003       -0.000000001005176        0.001187206222369       -0.001187207227545
         42.209531497512252       -0.000000001141585       -0.000505707495332        0.000505706353747
         42.330475713837501       -0.000000001288079        0.001677095278538       -0.001677096566617
         42.451419930162750       -0.000000001412899       -0.001679972246067        0.001679970833168
         42.572364146487999       -0.000000001535231        0.000685686451555       -0.000685687986787
         42.693308362813255       -0.000000001631805       -0.001611555421640        0.001611553789835
         42.814252579138504       -0.000000001721484        0.001060355583989       -0.001060357305473
         42.935196795463753       -0.000000001787762        0.000248639042919       -0.000248640830681
         43.056141011789002       -0.000000001833814        0.000444151569292       -0.000444153403106
         43.177085228114251       -0.000000001859787        0.000373225334185       -0.000373227193972
         43.298029444439500       -0.000000001863793       -0.001639360697669        0.001639358833877
         43.418973660764749       -0.000000001846354        0.000666945040025       -0.000666946886379
         43.539917877090005       -0.000000001809062       -0.001309232611622        0.001309230802559
         43.660862093415254       -0.000000001747467        0.002025082210840       -0.002025083958307
         43.781806309740503       -0.000000001670514       -0.000555654271351        0.000555652600837
         43.902750526065752       -0.000000001573975        0.000851619351211       -0.000851620925186
         44.023694742391001       -0.000000001462022       -0.001132226669328        0.001132225207306
         44.144638958716250       -0.000000001333069       -0.000624631006323        0.000624629673254
         44.265583175041499       -0.000000001196119        0.000274825005973       -0.000274826202091
         44.386527391366755       -0.000000001053082       -0.000108318816677        0.000108317763595
         44.507471607692004       -0.000000000899530        0.001702952955849       -0.001702953855379
         44.628415824017253       -0.000000000749276       -0.001070778527624        0.001070777778349
         44.749360040342502       -0.000000000603753        0.000778768488292       -0.000778769092045
         44.870304256667751       -0.000000000462368       -0.002158871613972        0.002158871151604
         44.991248472993000       -0.000000000329863        0.001208994481502       -0.001208994811365
         45.112192689318249       -0.000000000217067       -0.000932941275507        0.000932941058439
         45.233136905643505       -0.000000000119652        0.002145205113847       -0.002145205233498
         45.354081121968754       -0.000000000037372       -0.001084328891632        0.001084328854260
         45.475025338294003        0.000000000012936        0.000906422325393       -0.000906422312457
         45.595969554619252        0.000000000047898       -0.002104911988576        0.002104912036473
         45.716913770944501        0.000000000055399        0.000980397713278       -0.000980397657879
         45.837857987269750        0.000000000041847       -0.001012291684463        0.001012291726310
         45.958802203594999        0.000000000003948        0.002157824484808       -0.002157824480860
         46.079746419920255       -0.000000000042703       -0.001026445626997        0.001026445584294
         46.200690636245504       -0.000000000114514        0.001177476485491       -0.001177476600005
         46.321634852570753       -0.000000000182591       -0.002246391730719        0.002246391548128
         46.442579068896002       -0.000000000262394        0.000973243207943       -0.000973243470337
         46.563523285221251       -0.000000000333587       -0.001185344533097        0.001185344199510
         46.684467501546500       -0.000000000400759        0.002007217843206       -0.002007218243964
         46.805411717871749       -0.000000000450233       -0.000547321448916        0.000547320998683
         46.926355934197005       -0.000000000486541        0.000697959333160       -0.000697959819701
         47.047300150522254       -0.000000000500185       -0.001293244444902        0.001293243944717
         47.168244366847503       -0.000000000493304       -0.000369532253336        0.000369531760032
         47.289188583172752       -0.000000000465263        0.000136531717225       -0.000136532182489
         47.410132799498001       -0.000000000418198        0.000312007155637       -0.000312007573834
         47.531077015823250       -0.000000000352118        0.001331367441573       -0.001331367793691
         47.652021232148499       -0.000000000280724       -0.000896710211819        0.000896709931095
         47.772965448473755       -0.000000000192203        0.000401685056962       -0.000401685249166
         47.893909664799004       -0.000000000114910       -0.001970877139579        0.001970877024668
         48.014853881124253       -0.000000000028538        0.001219627933508       -0.001219627962046
         48.135798097449502        0.000000000032231       -0.000740076145499        0.000740076177730
         48.256742313774751        0.000000000100604        0.002205667441052       -0.002205667340448
         48.377686530100000        0.000000000119732       -0.001253233764809        0.001253233884541
         48.498630746425249        0.000000000153965        0.000812939788562       -0.000812939634597
         48.619574962750505        0.000000000129084       -0.002288609687147        0.002288609816231
         48.740519179075754        0.000000000112868        0.001121840080477       -0.001121839967609
         48.861463395401003        0.000000000043535       -0.000820749812813        0.000820749856348
         48.982407611726252       -0.000000000013839        0.002224993332004       -0.002224993345843
         49.103351828051501       -0.000000000132004       -0.000876770992964        0.000876770860960
         49.224296044376750       -0.000000000224880        0.000609261407785       -0.000609261632664
         49.345240260701999       -0.000000000365457       -0.001907209964985        0.001907209599528
         49.466184477027255       -0.000000000493056        0.000240412604470       -0.000240413097526
         49.587128693352504       -0.000000000642260       -0.000007261387790        0.000007260745529
         49.708072909677753       -0.000000000779877        0.001067638126110       -0.001067638905987
         49.829017126003002       -0.000000000924657        0.000834528975479       -0.000834529900136
         49.949961342328251       -0.000000001069768       -0.001005377552458        0.001005376482689
         50.070905558653500       -0.000000001186537       -0.000013559912249        0.000013558725712
         50.191849774978749       -0.000000001315767       -0.001913964949151        0.001913963633383
         50.312793991304005       -0.000000001410237        0.001647699183389       -0.001647700593626
         50.433738207629254       -0.000000001507080       -0.000414578386672        0.000414576879592
         50.554682423954503       -0.000000001568355        0.001973256948347       -0.001973258516703
         50.675626640279752       -0.000000001625756       -0.001099413311738        0.001099411685982
         50.796570856605001       -0.000000001656154       -0.000456268972938        0.000456267316784
         50.917515072930250       -0.000000001666771       -0.000845474862414        0.000845473195643
         51.038459289255499       -0.000000001656808       -0.000404744420575        0.000404742763767
         51.159403505580755       -0.000000001627752        0.001797092389181       -0.001797094016933
         51.280347721906004       -0.000000001573941       -0.000330519851197        0.000330518277256
         51.401291938231253       -0.000000001515070        0.001402532303105       -0.001402533818175
         51.522236154556502       -0.000000001414081       -0.002235308942684        0.002235307528604
         51.643180370881751       -0.000000001327330        0.000325913690596       -0.000325915017926
         51.764124587207000       -0.000000001201045       -0.001139239415458        0.001139238214413
         51.885068803532249       -0.000000001086521        0.001444286497881       -0.001444287584402
         52.006013019857505       -0.000000000942205        0.000628724625645       -0.000628725567849
         52.126957236182754       -0.000000000808906        0.000178758035332       -0.000178758844239
         52.247901452508003       -0.000000000673959       -0.000308160571522        0.000308159897563
         52.368845668833252       -0.000000000523385       -0.001619591414230        0.001619590890845
         52.489789885158501       -0.000000000411600        0.000575956400079       -0.000575956811680
         52.610734101483750       -0.000000000274067       -0.000479447118608        0.000479446844542
         52.731678317808999       -0.000000000192296        0.002139497003983       -0.002139497196278
         52.852622534134255       -0.000000000074413       -0.000888185853517        0.000888185779104
         52.973566750459504       -0.000000000040865        0.000841275483556       -0.000841275524421
         53.094510966784753        0.000000000039558       -0.002297437753927        0.002297437793486
         53.215455183110002        0.000000000030580        0.000921728321261       -0.000921728290681
         53.336399399435251        0.000000000057387       -0.000995426021365        0.000995426078752
         53.457343615760500        0.000000000005497        0.002275650790611       -0.002275650785114
         53.578287832085749       -0.000000000008872       -0.000829421505991        0.000829421497118
         53.699232048411005       -0.000000000098540        0.001000579898666       -0.001000579997206
         53.820176264736254       -0.000000000147638       -0.002081938210703        0.002081938063065
         53.941120481061503       -0.000000000250224        0.000519261821935       -0.000519262072159
         54.062064697386752       -0.000000000322271       -0.000727710986660        0.000727710664389
         54.183008913712001       -0.000000000415036        0.001536139025447       -0.001536139440483
         54.303953130037250       -0.000000000483237        0.000165440338988       -0.000165440822225
         54.424897346362499       -0.000000000547659        0.000043512793743       -0.000043513341402
         54.545841562687755       -0.000000000590126       -0.000624705689230        0.000624705099105
         54.666785779013004       -0.000000000613624       -0.001146697611519        0.001146696997895
         54.787729995338253       -0.000000000614419        0.000798533391122       -0.000798534005541
         54.908674211663502       -0.000000000596892       -0.000305085664276        0.000305085067384
         55.029618427988751       -0.000000000549542        0.001948328745475       -0.001948329295017
         55.150562644314000       -0.000000000504565       -0.001333971996211        0.001333971491646
         55.271506860639249       -0.000000000417499        0.000784521109228       -0.000784521526727
         55.392451076964505       -0.000000000359860       -0.002261001623782        0.002261001263922
         55.513395293289754       -0.000000000257175        0.001349526637404       -0.001349526894579
         55.634339509615003       -0.000000000204656       -0.000831231213773        0.000831231009117
         55.755283725940252       -0.000000000107778        0.002191542936841       -0.002191543044620
         55.876227942265501       -0.000000000085997       -0.001136853970568        0.001136853884572
         55.997172158590750       -0.000000000014365        0.000734600009311       -0.000734600023676
         56.118116374915999       -0.000000000032940       -0.002116956516427        0.002116956483487
         56.239060591241255       -0.000000000004896        0.000970334129374       -0.000970334134269
         56.360004807566504       -0.000000000066282       -0.000792184160494        0.000792184094211
         56.480949023891753       -0.000000000082135        0.002171949945839       -0.002171950027974
         56.601893240217002       -0.000000000196686       -0.000984037132660        0.000984036935974
         56.722837456542251       -0.000000000245238        0.000961084312342       -0.000961084557580
         56.843781672867500       -0.000000000398934       -0.002300745151888        0.002300744752954
         56.964725889192749       -0.000000000481577        0.000947307860184       -0.000947308341761
         57.085670105518005       -0.000000000649063       -0.001003133671129        0.001003133022066
         57.206614321843254       -0.000000000752186        0.002102391555529       -0.002102392307715
         57.327558538168503       -0.000000000925175       -0.000493904420190        0.000493903495015
         57.448502754493752       -0.000000001040915        0.000463012718164       -0.000463013759080
         57.569446970819001       -0.000000001186477       -0.001251716559775        0.001251715373298
         57.690391187144250       -0.000000001310947       -0.000636225700201        0.000636224389254
         57.811335403469499       -0.000000001420412        0.000641498066423       -0.000641499486835
         57.932279619794755       -0.000000001528798       -0.000016297304365        0.000016295775567
         58.053223836120004       -0.000000001600023        0.001832051152120       -0.001832052752144
         58.174168052445253       -0.000000001681039       -0.001467065918733        0.001467064237694
         58.295112268770502       -0.000000001717215        0.000601725893415       -0.000601727610629
         58.416056485095751       -0.000000001749602       -0.001975277075912        0.001975275326311
         58.537000701421000       -0.000000001755147        0.000990537086382       -0.000990538841529
         58.657944917746249       -0.000000001739740        0.000174569152571       -0.000174570892310
         58.778889134071505       -0.000000001707691        0.000829076593724       -0.000829078301415
         58.899833350396754       -0.000000001652980        0.000462365625575       -0.000462367278555
         59.020777566722003       -0.000000001571980       -0.001491077530661        0.001491075958681
         59.141721783047252       -0.000000001495546        0.000393753412056       -0.000393754907602
         59.262665999372501       -0.000000001370452       -0.001487716399789        0.001487715029337
         59.383610215697750       -0.000000001273796        0.002000303431870       -0.002000304705666
         59.504554432022999       -0.000000001115723       -0.000577678621329        0.000577677505607
         59.625498648348255       -0.000000001008434        0.001383996731185       -0.001383997739619
         59.746442864673504       -0.000000000836520       -0.001432790976686        0.001432790140166
         59.867387080998753       -0.000000000711407       -0.000090415241172        0.000090414529765
         59.988331297324002       -0.000000000558976       -0.000630653695430        0.000630653136455
         60.109275513649251       -0.000000000429803        0.000518813071472       -0.000518813501275
         60.230219729974500       -0.000000000303663        0.000871058162626       -0.000871058466289
         60.351163946299749       -0.000000000186495       -0.000026106376889        0.000026106190393
         60.472108162625005       -0.000000000106285        0.000177241016863       -0.000177241123148
         60.593052378950254       -0.000000000012387       -0.001303699101963        0.001303699089577
         60.713996595275503        0.000000000017442        0.000351196041868       -0.000351196024426
         60.834940811600752        0.000000000065391       -0.000482553323216        0.000482553388607
         60.955885027926001        0.000000000050215        0.001389084775671       -0.001389084725456
         61.076829244251250        0.000000000051243       -0.000320876821252        0.000320876872495
         61.197773460576499       -0.000000000006121        0.000465456360582       -0.000465456366703
         61.318717676901755       -0.000000000047214       -0.001115050691988        0.001115050644774
         61.439661893227004       -0.000000000129352       -0.000025144829644        0.000025144700291
         61.560606109552253       -0.000000000203038       -0.000070145139459        0.000070144936420
         61.681550325877502       -0.000000000287592        0.000500189277392       -0.000500189564985
         61.802494542202751       -0.000000000369892        0.000725410521586       -0.000725410891478
         61.923438758528000       -0.000000000437593       -0.000616523909605        0.000616523472012
         62.044382974853249       -0.000000000501738        0.000353727220463       -0.000353727722201
         62.165327191178505       -0.000000000538720       -0.001511706091081        0.001511705552361
         62.286271407503754       -0.000000000562656        0.001281519305580       -0.001281519868236
         62.407215623829003       -0.000000000561821       -0.000987902526086        0.000987901964265
         62.528159840154252       -0.000000000534913        0.001941947420876       -0.001941947955789
         62.649104056479501       -0.000000000499885       -0.001450346711607        0.001450346211722
         62.770048272804750       -0.000000000426443        0.001063238889383       -0.001063239315827
         62.890992489129999       -0.000000000366294       -0.001779345386267        0.001779345019973
         63.011936705455255       -0.000000000266978        0.001100342401757       -0.001100342668735
         63.132880921780504       -0.000000000195669       -0.000701131648865        0.000701131453196
         63.253825138105753       -0.000000000095663        0.001324457989980       -0.001324458085644
         63.374769354431002       -0.000000000034661       -0.000603086563047        0.000603086528385
         63.495713570756251        0.000000000043050        0.000337235000498       -0.000337234957448
         63.616657787081500        0.000000000075560       -0.000978574475554        0.000978574551114
         63.737602003406749        0.000000000113752        0.000325237200598       -0.000325237086845
         63.858546219732006        0.000000000106193       -0.000249586208126        0.000249586314319
         63.979490436057254        0.000000000097329        0.000952911025374       -0.000952910928046
         64.100434652382503        0.000000000040267       -0.000392748026506        0.000392748066774
         64.221378868707745       -0.000000000008399        0.000509626645263       -0.000509626653662
         64.342323085033001       -0.000000000115457       -0.001248181976765        0.001248181861307
         64.463267301358258       -0.000000000195487        0.000759861468393       -0.000759861663880
         64.584211517683499       -0.000000000337187       -0.000992255070151        0.000992254732965
         64.705155734008756       -0.000000000438667        0.001672453006519       -0.001672453445186
         64.826099950333997       -0.000000000603416       -0.001126829335330        0.001126828731914
         64.947044166659254       -0.000000000711317        0.001310348976876       -0.001310349688193
         65.067988382984495       -0.000000000876932       -0.001722983488170        0.001722982611238
         65.188932599309751       -0.000000000989271        0.000946364404333       -0.000946365393603
         65.309876815635008       -0.000000001132032       -0.000877793304270        0.000877792172239
         65.430821031960249       -0.000000001238655        0.000917098737826       -0.000917099976481
         65.551765248285506       -0.000000001348301        0.000122824334120       -0.000122825682420
         65.672709464610747       -0.000000001439191       -0.000334658635245        0.000334657196055
         65.793653680936004       -0.000000001507240        0.000460425783652       -0.000460427290891
         65.914597897261245       -0.000000001567630       -0.001369782098488        0.001369780530858
         66.035542113586502       -0.000000001599093        0.001331484645416       -0.001331486244508
         66.156486329911758       -0.000000001616809       -0.001138371675768        0.001138370058959
         66.277430546236999       -0.000000001614110        0.001549439390585       -0.001549441004695
         66.398374762562256       -0.000000001586856       -0.000979791621018        0.000979790034162
         66.519318978887497       -0.000000001548243        0.000425045768162       -0.000425047316405
         66.640263195212754       -0.000000001484267       -0.000409052964276        0.000409051480009
         66.761207411537995       -0.000000001405070       -0.000338224544021        0.000338223138951
         66.882151627863252       -0.000000001315731        0.000889447705225       -0.000889449020956
         67.003095844188508       -0.000000001199310       -0.000827361498556        0.000827360299246
         67.124040060513749       -0.000000001096738        0.001354762225065       -0.001354763321803
         67.244984276839006       -0.000000000951966       -0.001519981593320        0.001519980641353
         67.365928493164247       -0.000000000843231        0.001226402765363       -0.001226403608594
         67.486872709489504       -0.000000000691329       -0.001397527770965        0.001397527079636
         67.607816925814745       -0.000000000582102        0.001298651128997       -0.001298651711100
         67.728761142140002       -0.000000000440744       -0.000862025928055        0.000862025487312
         67.849705358465258       -0.000000000343513        0.000923279762570       -0.000923280106083
         67.970649574790500       -0.000000000230656       -0.000725300836500        0.000725300605844
         68.091593791115756       -0.000000000156559        0.000402080729208       -0.000402080885767
         68.212538007440997       -0.000000000086035       -0.000450861862278        0.000450861776243
         68.333482223766254       -0.000000000048764        0.000356031855292       -0.000356031904056
         68.454426440091495       -0.000000000025226       -0.000168778557908        0.000168778532682
         68.575370656416752       -0.000000000032552        0.000319365707444       -0.000319365739996
         68.696314872742008       -0.000000000055424       -0.000310997291239        0.000310997235814
         68.817259089067250       -0.000000000105786        0.000329709301052       -0.000329709406839
         68.938203305392506       -0.000000000165829       -0.000517304553041        0.000517304387212
         69.059147521717748       -0.000000000248761        0.000654894391370       -0.000654894640131
         69.180091738043004       -0.000000000329295       -0.000780117639275        0.000780117309981
         69.301035954368245       -0.000000000425113        0.001010259469017       -0.001010259894131
         69.421980170693502       -0.000000000505743       -0.001166714308593        0.001166713802850
         69.542924387018758       -0.000000000590140        0.001339352864959       -0.001339353455099
         69.663868603344000       -0.000000000650645       -0.001420374107825        0.001420373457180
         69.784812819669256       -0.000000000701696        0.001511991762944       -0.001511992464640
         69.905757035994498       -0.000000000726681       -0.001517384708694        0.001517383982013
         70.026701252319754       -0.000000000731264        0.001375642593581       -0.001375643324845
         70.147645468644996       -0.000000000713719       -0.001272947029920        0.001272946316201
         70.268589684970252       -0.000000000671753        0.001125846621706       -0.001125847293459
         70.389533901295508       -0.000000000614886       -0.000748660717086        0.000748660102200
         70.510478117620750       -0.000000000538760        0.000608226803487       -0.000608227342247
         70.631422333946006       -0.000000000456307       -0.000387813026923        0.000387812570615
         70.752366550271248       -0.000000000366773       -0.000011911128382        0.000011910761609
         70.873310766596504       -0.000000000279450        0.000072384065378       -0.000072384344828
         70.994254982921746       -0.000000000199685       -0.000192040316912        0.000192040117228
         71.115199199247002       -0.000000000129260        0.000555439720301       -0.000555439849561
         71.236143415572258       -0.000000000079239       -0.000411883060301        0.000411882981063
         71.357087631897500       -0.000000000043630        0.000455005351923       -0.000455005395553
         71.478031848222756       -0.000000000034533       -0.000714138881846        0.000714138847313
         71.598976064547998       -0.000000000044482        0.000407781236725       -0.000407781281207
         71.719920280873254       -0.000000000080263       -0.000340023690947        0.000340023610684
         71.840864497198496       -0.000000000134877        0.000536919808258       -0.000536919943136
         71.961808713523752       -0.000000000212530       -0.000009880870209        0.000009880657679
         72.082752929849008       -0.000000000306031       -0.000109440386730        0.000109440080699
         72.203697146174250       -0.000000000412567        0.000031943906115       -0.000031944318682
         72.324641362499506       -0.000000000533055       -0.000707248010704        0.000707247477649
         72.445585578824748       -0.000000000657873        0.000863163088413       -0.000863163746286
         72.566529795150004       -0.000000000786908       -0.000764791151740        0.000764790364831
