#  GS molecular orbital populations, spin channel : 1
#          time (fs)            |   population (orb 1)       |    population (orb 2)      |           ...              |    population (orb N)      |
          0.118525331998745            1.998087012335787            0.001931716180565  
          0.239469548323995            1.997541146673778            0.002478521774034  
          0.360413764649245            1.998202673661805            0.001818012292637  
          0.481357980974495            1.999115959083975            0.000905001363564  
          0.602302197299745            1.997970822200797            0.002050120934487  
          0.723246413624995            1.997491800931520            0.002529243410281  
          0.844190629950245            1.998178736011888            0.001842482781092  
          0.965134846275495            1.999139641106320            0.000880991539549  
          1.086079062600745            1.998023420243101            0.001996340514914  
          1.207023278925995            1.997424795026937            0.002594227249074  
          1.327967495251245            1.997967631409532            0.002050773988232  
          1.448911711576495            1.999181060182257            0.000836015162232  
          1.569855927901745            1.998274443783877            0.001741006822955  
          1.690800144226995            1.997405646789084            0.002608352897961  
          1.811744360552245            1.997631220534910            0.002381536342513  
          1.932688576877495            1.999225176424196            0.000785729418365  
          2.053632793202745            1.998714820182791            0.001293924730770  
          2.174577009527995            1.997532349916981            0.002474458231805  
          2.295521225853245            1.997290251354146            0.002714933089990  
          2.416465442178495            1.999223057117408            0.000780044942728  
          2.537409658503745            1.999219671489497            0.000781024991993  
          2.658353874828995            1.997818796257105            0.002179764498497  
          2.779298091154245            1.997052379205903            0.002944470864934  
          2.900242307479495            1.999112179888986            0.000882673211516  
          3.021186523804745            1.999582858298396            0.000409663814817  
          3.142130740129995            1.998151649642110            0.001838846168461  
          3.263074956455245            1.996950586229537            0.003038421311056  
          3.384019172780495            1.998895983096626            0.001091417217230  
          3.504963389105745            1.999697805226523            0.000287645481889  
          3.625907605430995            1.998403877360992            0.001579953623019  
          3.746851821756245            1.996958526291893            0.003024324893029  
          3.867796038081495            1.998674319104214            0.001307566741906  
          3.988740254406745            1.999646627583947            0.000333949110929  
          4.109684470731995            1.998533831242045            0.001445783712599  
          4.230628687057245            1.997024441284345            0.002954924378350  
          4.351572903382495            1.998557637320194            0.001421567415576  
          4.472517119707745            1.999580146429062            0.000398562172892  
          4.593461336032996            1.998558486021610            0.001420082286310  
          4.714405552358246            1.997099239269812            0.002879928896054  
          4.835349768683495            1.998592591059887            0.001387263614796  
          4.956293985008745            1.999578265303447            0.000401956662468  
          5.077238201333995            1.998497961887521            0.001482976793724  
          5.198182417659245            1.997168030612027            0.002814340008037  
          5.319126633984495            1.998762229687626            0.001221582854373  
          5.440070850309746            1.999612405022093            0.000372547253801  
          5.561015066634996            1.998358990625658            0.001627422043686  
          5.681959282960245            1.997252085123671            0.002736429764896  
          5.802903499285495            1.998996641688967            0.000993851093822  
          5.923847715610745            1.999578604773254            0.000413571326322  
          6.044791931935995            1.998148378765592            0.001845747105816  
          6.165736148261245            1.997375725169211            0.002620889861954  
          6.286680364586495            1.999191950248900            0.000806860249804  
          6.407624580911745            1.999386659215196            0.000614041062803  
          6.528568797236995            1.997902586779828            0.002100202420406  
          6.649513013562244            1.997541727857224            0.002463584412144  
          6.770457229887494            1.999279872166038            0.000727486274204  
          6.891401446212745            1.999061232510795            0.000947842218842  
          7.012345662537995            1.997689950853665            0.002320980052444  
          7.133289878863245            1.997727258035045            0.002285870310110  
          7.254234095188495            1.999279852218347            0.000734825945122  
          7.375178311513745            1.998730247463134            0.001285632369418  
          7.496122527838994            1.997551908416641            0.002465274658442  
          7.617066744164244            1.997880359041214            0.002138396576086  
          7.738010960489495            1.999259072459272            0.000760482412805  
          7.858955176814745            1.998515968317127            0.001504035416315  
          7.979899393139995            1.997467480449139            0.002553057794344  
          8.100843609465246            1.997938501810041            0.002082802814752  
          8.221787825790495            1.999271841862122            0.000749397305846  
          8.342732042115745            1.998483161724647            0.001537668092494  
          8.463676258440994            1.997404229717339            0.002616280715073  
          8.584620474766245            1.997867918532683            0.002152514174975  
          8.705564691091494            1.999336787506974            0.000682749988748  
          8.826508907416745            1.998656121214492            0.001362184350003  
          8.947453123741996            1.997380421817649            0.002636761189709  
          9.068397340067245            1.997686099212935            0.002330258324771  
          9.189341556392495            1.999422502147992            0.000592294326508  
          9.310285772717744            1.999005891583329            0.001007014635551  
          9.431229989042995            1.997455530795980            0.002555618554779  
          9.552174205368244            1.997452772150361            0.002557004959441  
          9.673118421693495            1.999434816277750            0.000572988995409  
          9.794062638018746            1.999399464385753            0.000606050839626  
          9.915006854343995            1.997651047856466            0.002352330638394  
         10.035951070669245            1.997237167714381            0.002764564984097  
         10.156895286994494            1.999265459407725            0.000734194576266  
         10.277839503319745            1.999636641666404            0.000360629675255  
         10.398783719644994            1.997906329320359            0.002088727609885  
         10.519727935970245            1.997097523341659            0.002895924967421  
         10.640672152295496            1.998915327345225            0.001076248138580  
         10.761616368620745            1.999620978570503            0.000368437433413  
         10.882560584945995            1.998139936474687            0.001847501529628  
         11.003504801271244            1.997070675989286            0.002915498964599  
         11.124449017596495            1.998531041976090            0.001453751114325  
         11.245393233921744            1.999447663157735            0.000535483791494  
         11.366337450246995            1.998308425916049            0.001673268870450  
         11.487281666572246            1.997138408706819            0.002842633626399  
         11.608225882897495            1.998272037460834            0.001708335060803  
         11.729170099222745            1.999282731869649            0.000696732471612  
         11.850114315547994            1.998393137645323            0.001585622455778  
         11.971058531873245            1.997230818208668            0.002748083156227  
         12.092002748198494            1.998202643922589            0.001776422046286  
         12.212946964523745            1.999226797889037            0.000752215208227  
         12.333891180848996            1.998384513942600            0.001594655091524  
         12.454835397174245            1.997294549505592            0.002685619521015  
         12.575779613499495            1.998318126880204            0.001663036985230  
         12.696723829824744            1.999291620009415            0.000690328264109  
         12.817668046149995            1.998288298705209            0.001694637559208  
         12.938612262475244            1.997340904662788            0.002643810892159  
         13.059556478800495            1.998589315189266            0.001397084102626  
         13.180500695125746            1.999421604417418            0.000566257638778  
         13.301444911450995            1.998127286584534            0.001862219931070  
         13.422389127776245            1.997421499941215            0.002570343935880  
         13.543333344101494            1.998946114820636            0.001047837175281  
         13.664277560426745            1.999512092029343            0.000483715511224  
         13.785221776751994            1.997930436628176            0.002067370947862  
         13.906165993077245            1.997561821595787            0.002438556755442  
         14.027110209402496            1.999265965913015            0.000736596161139  
         14.148054425727745            1.999466004268166            0.000538437475108  
         14.268998642052996            1.997727537050474            0.002278893496092  
         14.389942858378244            1.997732915295560            0.002275954920781  
         14.510887074703495            1.999451113967721            0.000559644701250  
         14.631831291028744            1.999285646412674            0.000726640089467  
         14.752775507353995            1.997552429082242            0.002461478020980  
         14.873719723679246            1.997886184112744            0.002129692150777  
         14.994663940004495            1.999511006091120            0.000506144790305  
         15.115608156329746            1.999079963929775            0.000938060719684  
         15.236552372654995            1.997424471161955            0.002594523416721  
         15.357496588980245            1.997981932978915            0.002038307123549  
         15.478440805305494            1.999526853632156            0.000493846886645  
         15.599385021630745            1.998969940461073            0.001050804329880  
         15.720329237955996            1.997336814385740            0.002684083110794  
         15.841273454281245            1.997992111183764            0.002029185388023  
         15.962217670606496            1.999559999518442            0.000460891856962  
         16.083161886931745            1.999018450890052            0.001001624195761  
         16.204106103256994            1.997287802883500            0.002731575658989  
         16.325050319582246            1.997904906227425            0.002114045678794  
         16.445994535907495            1.999596092148585            0.000421682504513  
         16.566938752232744            1.999210008655823            0.000806197251449  
         16.687882968557997            1.997304573579044            0.002710186238920  
         16.808827184883246            1.997729041595327            0.002284612923494  
         16.929771401208495            1.999536022022666            0.000475890327247  
         17.050715617533744            1.999436463600146            0.000573346469137  
         17.171659833858996            1.997416081223537            0.002591741280624  
         17.292604050184245            1.997500718970276            0.002505560817624  
         17.413548266509494            1.999263427710035            0.000740822435121  
         17.534492482834747            1.999539280707753            0.000462621185607  
         17.655436699159996            1.997620038086159            0.002379616741300  
         17.776380915485245            1.997300505100674            0.002697468325439  
         17.897325131810494            1.998785516442157            0.001210446459059  
         18.018269348135746            1.999444704865872            0.000548979584233  
         18.139213564460995            1.997888255724817            0.002103239705582  
         18.260157780786244            1.997226774477356            0.002763216313887  
         18.381101997111497            1.998274670828474            0.001713630242410  
         18.502046213436746            1.999233240280710            0.000753161633969  
         18.622990429761995            1.998169054836070            0.001815529481483  
         18.743934646087244            1.997299940600082            0.002683606873569  
         18.864878862412496            1.997912987136278            0.002069454688664  
         18.985823078737745            1.999038497022881            0.000942688258507  
         19.106767295062994            1.998386458804556            0.001593546962874  
         19.227711511388247            1.997431868946875            0.002547797975121  
         19.348655727713496            1.997758533375241            0.002220800303771  
         19.469599944038745            1.998937543530196            0.001041348268352  
         19.590544160363994            1.998476790225787            0.001501737620285  
         19.711488376689246            1.997519524921054            0.002459497003208  
         19.832432593014495            1.997783983296647            0.002195556417281  
         19.953376809339744            1.998943615848386            0.001036342835700  
         20.074321025664997            1.998418899487755            0.001561563261867  
         20.195265241990246            1.997532969898660            0.002448824859158  
         20.316209458315495            1.997963720738710            0.002019387105138  
         20.437153674640744            1.999037207336777            0.000947087405495  
         20.558097890965996            1.998234611965191            0.001750962071665  
         20.679042107291245            1.997525532109389            0.002462068451579  
         20.799986323616494            1.998289550516835            0.001699966468777  
         20.920930539941747            1.999178214047900            0.000813033947433  
         21.041874756266996            1.997983311213577            0.002009757694870  
         21.162818972592245            1.997582453577375            0.002413060334453  
         21.283763188917494            1.998717334505041            0.001280393652055  
         21.404707405242746            1.999300986145138            0.000698687511527  
         21.525651621567995            1.997735472621228            0.002266226753702  
         21.646595837893244            1.997735623049521            0.002268585533858  
         21.767540054218497            1.999132078643324            0.000874272986060  
         21.888484270543746            1.999335924864130            0.000672207119415  
         22.009428486868995            1.997531870595020            0.002478122242361  
         22.130372703194244            1.997930564880529            0.002081639725588  
         22.251316919519496            1.999419853745235            0.000594061432947  
         22.372261135844745            1.999274248576895            0.000740932413499  
         22.493205352169994            1.997379088697071            0.002637458382034  
         22.614149568495247            1.998088212159130            0.001929944118135  
         22.735093784820496            1.999562977258000            0.000456180011266  
         22.856038001145745            1.999186863209454            0.000832799422128  
         22.976982217470994            1.997269107597464            0.002751189377463  
         23.097926433796246            1.998160229114345            0.001860877974213  
         23.218870650121495            1.999614357670989            0.000406901625082  
         23.339814866446744            1.999157217780465            0.000863681501130  
         23.460759082771997            1.997195636224717            0.002825051595544  
         23.581703299097246            1.998123746393250            0.001896894046664  
         23.702647515422495            1.999598209068103            0.000421747574452  
         23.823591731747744            1.999212671911601            0.000806100311494  
         23.944535948072996            1.997171828955613            0.002845907313060  
         24.065480164398245            1.997967755594592            0.002049156580814  
         24.186424380723494            1.999458854655897            0.000556683130564  
         24.307368597048747            1.999302847005241            0.000710849367354  
         24.428312813373996            1.997234911659253            0.002777071385381  
         24.549257029699245            1.997713537367011            0.002297039507031  
         24.670201246024494            1.999113344419879            0.000895404666079  
         24.791145462349750            1.999335115814082            0.000671391798999  
         24.912089678674999            1.997429912668372            0.002574449713131  
         25.033033895000248            1.997455994847519            0.002546651287238  
         25.153978111325497            1.998582192301563            0.001418459667375  
         25.274922327650749            1.999263602276789            0.000734714715283  
         25.395866543975998            1.997774056455989            0.002221988940883  
         25.516810760301247            1.997336263927241            0.002658063813247  
         25.637754976626500            1.998035272526284            0.001957198565060  
         25.758699192951749            1.999131467993106            0.000858894498448  
         25.879643409276998            1.998205300747318            0.001782986615906  
         26.000587625602247            1.997409636411708            0.002577236376426  
         26.121531841927499            1.997648718039170            0.002336725940129  
         26.242476058252748            1.999007281523287            0.000976573644821  
         26.363420274577997            1.998589964115812            0.001392309805303  
         26.484364490903250            1.997583302500581            0.002398124901673  
         26.605308707228499            1.997469042880003            0.002511624049420  
         26.726252923553748            1.998928862350700            0.001050956970260  
         26.847197139878997            1.998818200209211            0.001160763338545  
         26.968141356204249            1.997721522965178            0.002257355799979  
         27.089085572529498            1.997447928530540            0.002531009647607  
         27.210029788854747            1.998907532988478            0.001071408637433  
         27.330974005180000            1.998856481111068            0.001122458137694  
         27.451918221505249            1.997754860799980            0.002224841959685  
         27.572862437830498            1.997536863457186            0.002443747572042  
         27.693806654155747            1.998935959383654            0.001045482184500  
         27.814750870480999            1.998712603627532            0.001269682277878  
         27.935695086806248            1.997697352616187            0.002286491405781  
         28.056639303131497            1.997727670189700            0.002257820899656  
         28.177583519456750            1.998991769888604            0.000995221213727  
         28.298527735781999            1.998416381418651            0.001572147733087  
         28.419471952107248            1.997627488600546            0.002363192088938  
         28.540416168432497            1.998035232547462            0.001957594279340  
         28.661360384757749            1.999051691484885            0.000943030616914  
         28.782304601082998            1.998044657410927            0.001952012661628  
         28.903248817408247            1.997645115900173            0.002353981271272  
         29.024193033733500            1.998441952957748            0.001559452739164  
         29.145137250058749            1.999096018387660            0.000907323054948  
         29.266081466383998            1.997703634970517            0.002301703520374  
         29.387025682709247            1.997785644186489            0.002222028874938  
         29.507969899034499            1.998857349851123            0.001152418794108  
         29.628914115359748            1.999103139834261            0.000908234281800  
         29.749858331684997            1.997455606665681            0.002557452452855  
         29.870802548010250            1.997979759215756            0.002035196402382  
         29.991746764335499            1.999170162114862            0.000846338680607  
         30.112690980660748            1.999071018714953            0.000946449352969  
         30.233635196985997            1.997296205821451            0.002722339985095  
         30.354579413311249            1.998122822275963            0.001896919291680  
         30.475523629636498            1.999332879510474            0.000687630241329  
         30.596467845961747            1.999034023143277            0.000986630364842  
         30.717412062287000            1.997198903974215            0.002822031817341  
         30.838356278612249            1.998145796437469            0.001875495721132  
         30.959300494937498            1.999350006502020            0.000671199091460  
         31.080244711262747            1.999030689684317            0.000989795351410  
         31.201188927587999            1.997158459957018            0.002861452467206  
         31.322133143913248            1.998021049043881            0.001998382220847  
         31.443077360238497            1.999209962592732            0.000808596298049  
         31.564021576563750            1.999065480685769            0.000951591482251  
         31.684965792888999            1.997210505404963            0.002805214621663  
         31.805910009214248            1.997767568190445            0.002246964262015  
         31.926854225539497            1.998883504318512            0.001129552994179  
         32.047798441864749            1.999111937296231            0.000899076743371  
         32.168742658189998            1.997423182531815            0.002585893695715  
         32.289686874515247            1.997485690238787            0.002521720695580  
         32.410631090840496            1.998407237696158            0.001598350908718  
         32.531575307165745            1.999148347313063            0.000854925421458  
         32.652519523491002            1.997839274713511            0.002161752780916  
         32.773463739816250            1.997333970452622            0.002665201780118  
         32.894407956141499            1.997923481723240            0.002073815341841  
         33.015352172466748            1.999168546306753            0.000826482042322  
         33.136296388791997            1.998387138619020            0.001605655400362  
         33.257240605117246            1.997392595847488            0.002598459981818  
         33.378184821442495            1.997576658430091            0.002412773747302  
         33.499129037767752            1.999160603334827            0.000826921941845  
         33.620073254093001            1.998888773908654            0.001096842520273  
         33.741017470418250            1.997580748983732            0.002403536939330  
         33.861961686743498            1.997405773927696            0.002577419209099  
         33.982905903068747            1.999123341847064            0.000858571452059  
         34.103850119393996            1.999206076689553            0.000774525851234  
         34.224794335719245            1.997756539776653            0.002223382975323  
         34.345738552044502            1.997369729949916            0.002609843830008  
         34.466682768369751            1.999090520726303            0.000888574583561  
         34.587626984695000            1.999325031949633            0.000653543988070  
         34.708571201020249            1.997836492003739            0.002142215146944  
         34.829515417345497            1.997419708652294            0.002559500233950  
         34.950459633670746            1.999096184736040            0.000883399751068  
         35.071403849995995            1.999283151762928            0.000696781312047  
         35.192348066321252            1.997808023868544            0.002172889178172  
         35.313292282646501            1.997531774566298            0.002450463553464  
         35.434236498971750            1.999130741969547            0.000852643492751  
         35.555180715296999            1.999087593324947            0.000896942082765  
         35.676124931622248            1.997703551710226            0.002282701912243  
         35.797069147947497            1.997707152537788            0.002281083866288  
         35.918013364272745            1.999146896992068            0.000843049213377  
         36.038957580598002            1.998735995000308            0.001255690423316  
         36.159901796923251            1.997595683961972            0.002398206132355  
         36.280846013248500            1.997957841924376            0.002038405426427  
         36.401790229573749            1.999109958375353            0.000888249144751  
         36.522734445898998            1.998291613497665            0.001708594800715  
         36.643678662224247            1.997575227924995            0.002427324730506  
         36.764622878549496            1.998275804973029            0.001729121521407  
         36.885567094874752            1.999031835382097            0.000974934613892  
         37.006511311200001            1.997878903701734            0.002129753565731  
         37.127455527525250            1.997673855535924            0.002336916528409  
         37.248399743850499            1.998601035277025            0.001411758552969  
         37.369343960175748            1.998945427466035            0.001068742478007  
         37.490288176500997            1.997584611124855            0.002430989259820  
         37.611232392826246            1.997819143674896            0.002198021145707  
         37.732176609151502            1.998845376949376            0.001173156078956  
         37.853120825476751            1.998876509678212            0.001142670706855  
         37.974065041802000            1.997413995265393            0.002605905375826  
         38.095009258127249            1.997897977351954            0.002122719936693  
         38.215953474452498            1.998950760117110            0.001070481127160  
         38.336897690777747            1.998848217418501            0.001172814374748  
         38.457841907102996            1.997345624747098            0.002675284177167  
         38.578786123428252            1.997836795274009            0.002184058524661  
         38.699730339753501            1.998896705092924            0.001123849801942  
         38.820674556078750            1.998881432844946            0.001138071449918  
         38.941618772403999            1.997392710799211            0.002625830054159  
         39.062562988729248            1.997634149680129            0.002383538230986  
         39.183507205054497            1.998682578152276            0.001334084853585  
         39.304451421379746            1.998985623916107            0.001029293550703  
         39.425395637705002            1.997613760097353            0.002399487646834  
         39.546339854030251            1.997378018105148            0.002633749252961  
         39.667284070355500            1.998348931168496            0.001661299573700  
         39.788228286680749            1.999147715664369            0.000860320468624  
         39.909172503005998            1.998051301265060            0.001954598414793  
         40.030116719331247            1.997218877882818            0.002785166672046  
         40.151060935656496            1.997992609666612            0.002009662176557  
         40.272005151981752            1.999310991651043            0.000688942721378  
         40.392949368307001            1.998627048146727            0.001370585035952  
         40.513893584632250            1.997249704419602            0.002745996326220  
         40.634837800957499            1.997708579250072            0.002285419547084  
         40.755782017282748            1.999385797182629            0.000606044591916  
         40.876726233607997            1.999142195370637            0.000847499559883  
         40.997670449933246            1.997418178243022            0.002569812627467  
         41.118614666258502            1.997533222634890            0.002453441057272  
         41.239558882583751            1.999336982704564            0.000648001568106  
         41.360503098909000            1.999447008576130            0.000536281878567  
         41.481447315234249            1.997601714110687            0.002380381716883  
         41.602391531559498            1.997461357896655            0.002520044991826  
         41.723335747884747            1.999236002944649            0.000744428827311  
         41.844279964209996            1.999554215051531            0.000425218581862  
         41.965224180535252            1.997717726647567            0.002261242947490  
         42.086168396860501            1.997474976011604            0.002504107311191  
         42.207112613185750            1.999186012908532            0.000792936309645  
         42.328056829510999            1.999554915447395            0.000423877601271  
         42.449001045836248            1.997741547150802            0.002237632154031  
         42.569945262161497            1.997555119024494            0.002425030827692  
         42.690889478486746            1.999229249809717            0.000751603790882  
         42.811833694812002            1.999492616899275            0.000488936639659  
         42.932777911137251            1.997681609294810            0.002301161967628  
         43.053722127462500            1.997690600599891            0.002293907246284  
         43.174666343787749            1.999323102471613            0.000662812240613  
         43.295610560112998            1.999331866142263            0.000655470652411  
         43.416554776438247            1.997568121084332            0.002421095529411  
         43.537498992763496            1.997872384533074            0.002119111889871  
         43.658443209088752            1.999372805694070            0.000620544048583  
         43.779387425414001            1.999023671384167            0.000971550555574  
         43.900331641739250            1.997455986182855            0.002541480881655  
         44.021275858064499            1.998085868768767            0.001914099431122  
         44.142220074389748            1.999310987499147            0.000690936447448  
         44.263164290714997            1.998602814518183            0.001401068524423  
         44.384108507040246            1.997411274645335            0.002594854352175  
         44.505052723365502            1.998312667783686            0.001695815308261  
         44.625996939690751            1.999161865792008            0.000848304633364  
         44.746941156016000            1.998192529591724            0.001819311166797  
         44.867885372341249            1.997453219535523            0.002560509243384  
         44.988829588666498            1.998520464412024            0.001495124137153  
         45.109773804991747            1.999006834888438            0.001009850605159  
         45.230718021316996            1.997898227269433            0.002119528606390  
         45.351662237642252            1.997517285251777            0.002501713739762  
         45.472606453967501            1.998661526954550            0.001358585466204  
         45.593550670292750            1.998914578695548            0.001105830780948  
         45.714494886617999            1.997750481362838            0.002270200157135  
         45.835439102943248            1.997509107191175            0.002512003896748  
         45.956383319268497            1.998698642504890            0.001322727257565  
         46.077327535593746            1.998924551504899            0.001096246980737  
         46.198271751919002            1.997753885097411            0.002266322209521  
         46.319215968244251            1.997385565492396            0.002634227144340  
         46.440160184569500            1.998621853338536            0.001397384242036  
         46.561104400894749            1.999054020724554            0.000963851126420  
         46.682048617219998            1.997936659609469            0.002079831316429  
         46.802992833545247            1.997194259368463            0.002821073093442  
         46.923937049870496            1.998449859697932            0.001564267405743  
         47.044881266195752            1.999279570534443            0.000732591325631  
         47.165825482521001            1.998319031440471            0.001691153680417  
         47.286769698846250            1.997051911331346            0.002956576059473  
         47.407713915171499            1.998222242670669            0.001784637213656  
         47.528658131496748            1.999501459046005            0.000503134782625  
         47.649602347821997            1.998820677549978            0.001181620068107  
         47.770546564147246            1.997051014475340            0.002949320520437  
         47.891490780472502            1.997977766457367            0.002020857672944  
         48.012434996797751            1.999572492289084            0.000423842262966  
         48.133379213123000            1.999251795666881            0.000742236592069  
         48.254323429448249            1.997180508278866            0.002811604178830  
         48.375267645773498            1.997753897076577            0.002236715745455  
         48.496211862098747            1.999434013725551            0.000554618889745  
         48.617156078423996            1.999470332640368            0.000516303824861  
         48.738100294749252            1.997361316440189            0.002623748459284  
         48.859044511074501            1.997599657476661            0.002384408790111  
         48.979988727399750            1.999192951422395            0.000789715118604  
         49.100932943724999            1.999502045985563            0.000479207136662  
         49.221877160050248            1.997518073782277            0.002462222643234  
         49.342821376375497            1.997545271374601            0.002434750274871  
         49.463765592700746            1.999014478717551            0.000964916791646  
         49.584709809026002            1.999463246640787            0.000515517902662  
         49.705654025351251            1.997600912934322            0.002377696442628  
         49.826598241676500            1.997580682962488            0.002398494254091  
         49.947542458001749            1.998993074158963            0.000986331922348  
         50.068486674326998            1.999433732648205            0.000545907139208  
         50.189430890652247            1.997591348492382            0.002389003194679  
         50.310375106977496            1.997688847081633            0.002292901224105  
         50.431319323302752            1.999128911140611            0.000853868434808  
         50.552263539628001            1.999412691332929            0.000571126506007  
         50.673207755953250            1.997507514253054            0.002477800043815  
         50.794151972278499            1.997866554454587            0.002120830327157  
         50.915096188603748            1.999344966283559            0.000644064768490  
         51.036040404928997            1.999335993493687            0.000654676761232  
         51.156984621254246            1.997391904258519            0.002600819619772  
         51.277928837579502            1.998096234809061            0.001898957830195  
         51.398873053904751            1.999511886064478            0.000485266301775  
         51.519817270230000            1.999134230864908            0.000864838731186  
         51.640761486555249            1.997290469177045            0.002710878950954  
         51.761705702880498            1.998329496585381            0.001674368687260  
         51.882649919205747            1.999530010656240            0.000475759878501  
         52.003594135530996            1.998817224914674            0.001190360338762  
         52.124538351856252            1.997237787149885            0.002771933033692  
         52.245482568181501            1.998522642825846            0.001489279096915  
         52.366426784506750            1.999418203736719            0.000595206484669  
         52.487371000831999            1.998488473766983            0.001526293020030  
         52.608315217157248            1.997232631636702            0.002783791428382  
         52.729259433482497            1.998659709881682            0.001358289953164  
         52.850203649807746            1.999285627011940            0.000733163050816  
         52.971147866133002            1.998255990749779            0.001763436110798  
         53.092092082458251            1.997225014285256            0.002795346281431  
         53.213036298783500            1.998735236923390            0.001285884045915  
         53.333980515108749            1.999235294288255            0.000785769574676  
         53.454924731433998            1.998173092643511            0.001847756442257  
         53.575868947759247            1.997159683341430            0.002861259718425  
         53.696813164084496            1.998743024193799            0.001277820319741  
         53.817757380409752            1.999314741298210            0.000705196292578  
         53.938701596735001            1.998261313504714            0.001757566494022  
         54.059645813060250            1.997036454829187            0.002981699582860  
         54.180590029385499            1.998675226931268            0.001342068924259  
         54.301534245710748            1.999497950808014            0.000517722331531  
         54.422478462035997            1.998519561639679            0.001494351104222  
         54.543422678361246            1.996921051544613            0.003091458788895  
         54.664366894686502            1.998517511386965            0.001493587824966  
         54.785311111011751            1.999664597180004            0.000344401465624  
         54.906255327337000            1.998875146593359            0.001131629053972  
         55.027199543662249            1.996892578861571            0.003112353980496  
         55.148143759987498            1.998259782904786            0.001743464314222  
         55.269087976312747            1.999644463908875            0.000356501984936  
         55.390032192637996            1.999176255904695            0.000822322491852  
         55.510976408963252            1.996984540023216            0.003012050116354  
         55.631920625288501            1.997943742728796            0.002051198796258  
         55.752864841613750            1.999372260104255            0.000620532622387  
         55.873809057938999            1.999309652259628            0.000680905374718  
         55.994753274264248            1.997178176078492            0.002810563362734  
         56.115697490589497            1.997676403537663            0.002311030099301  
         56.236641706914746            1.998976892596565            0.001008819812488  
         56.357585923240002            1.999297404287755            0.000686526240176  
         56.478530139565251            1.997412654295899            0.002569925525446  
         56.599474355890500            1.997540195244153            0.002441681785768  
         56.720418572215749            1.998655693590348            0.001325132325819  
         56.841362788540998            1.999234109129179            0.000745631442784  
         56.962307004866247            1.997598251033193            0.002380845593728  
         57.083251221191496            1.997525473265271            0.002453702158658  
         57.204195437516752            1.998520193199027            0.001458753418803  
         57.325139653842001            1.999187244605925            0.000791455180455  
         57.446083870167250            1.997663224383498            0.002315678592585  
         57.567028086492499            1.997585554371500            0.002394274107757  
         57.687972302817748            1.998586410546178            0.001394041157272  
         57.808916519142997            1.999173116506876            0.000807936573927  
         57.929860735468246            1.997596255695999            0.002385853474987  
         58.050804951793502            1.997711266926291            0.002272541910261  
         58.171749168118751            1.998823630725488            0.001161545511187  
         58.292693384444000            1.999171569868278            0.000814924406691  
         58.413637600769249            1.997448353606922            0.002539905289449  
         58.534581817094498            1.997926223074159            0.002064299684329  
         58.655526033419747            1.999157561837398            0.000834834779789  
         58.776470249744996            1.999136866338272            0.000857303371565  
         58.897414466070252            1.997296612720874            0.002699752699512  
         59.018358682395501            1.998219971010628            0.001778906779561  
         59.139302898720750            1.999459929558816            0.000540990759179  
         59.260247115045999            1.999019111914200            0.000983682600650  
         59.381191331371248            1.997191768836455            0.002813297763419  
         59.502135547696497            1.998517713157629            0.001489751077032  
         59.623079764021746            1.999615593387188            0.000393703829682  
         59.744023980347002            1.998817031305844            0.001193865589343  
         59.864968196672251            1.997138632511450            0.002874253213125  
         59.985912412997500            1.998743268545454            0.001271554763601  
         60.106856629322749            1.999624065667259            0.000392041661268  
         60.227800845647998            1.998600874116284            0.001416240248251  
         60.348745061973247            1.997110471670303            0.002908046472950  
         60.469689278298496            1.998875957695075            0.001143775882340  
         60.590633494623752            1.999586550582862            0.000433688691075  
         60.711577710949001            1.998457559837056            0.001562889842838  
         60.832521927274250            1.997067803797415            0.002953267328262  
         60.953466143599499            1.998926332303623            0.001095102582662  
         61.074410359924748            1.999599215848101            0.000421862365403  
         61.195354576249997            1.998438500401990            0.001581924923182  
         61.316298792575246            1.996988907916105            0.003031289833972  
         61.437243008900502            1.998889936275930            0.001129791757939  
         61.558187225225751            1.999673658009002            0.000344913843230  
         61.679131441551000            1.998551476713578            0.001465650623126  
         61.800075657876249            1.996896471651656            0.003119646557934  
         61.921019874201498            1.998731219635650            0.001283743019180  
         62.041964090526747            1.999713862184765            0.000299329407356  
         62.162908306851996            1.998751014336231            0.001260129906816  
         62.283852523177252            1.996851060548608            0.003158475702567  
         62.404796739502501            1.998417498519495            0.001590436488527  
         62.525740955827750            1.999571293514690            0.000434519826528  
         62.646685172152999            1.998944379609205            0.001059053425347  
         62.767629388478248            1.996922572471979            0.003078920156942  
         62.888573604803497            1.997999515013357            0.002000224183832  
         63.009517821128746            1.999193643594969            0.000803924746280  
         63.130462037454002            1.999061133927358            0.000934033352605  
         63.251406253779251            1.997152246097741            0.002840959599699  
         63.372350470104500            1.997630141139743            0.002361467711154  
         63.493294686429749            1.998711552679079            0.001278141913751  
         63.614238902754998            1.999105433521214            0.000882156942383  
         63.735183119080247            1.997498086638361            0.002487835669706  
         63.856127335405496            1.997434443203579            0.002550325510873  
         63.977071551730752            1.998317335657661            0.001666053807555  
         64.098015768056001            1.999113518671654            0.000868344907515  
         64.218959984381243            1.997830919378089            0.002149847798492  
         64.339904200706499            1.997399877309084            0.002580409601001  
         64.460848417031755            1.998109147083098            0.001870507184500  
         64.581792633356997            1.999105947607663            0.000872958285775  
         64.702736849682253            1.998023304208886            0.001955280792335  
         64.823681066007495            1.997438587264383            0.002540331946445  
         64.944625282332751            1.998087247515058            0.001891891196921  
         65.065569498657993            1.999086674038436            0.000892574469589  
         65.186513714983249            1.998022020372934            0.001957773440994  
         65.307457931308505            1.997500135416822            0.002480826716431  
         65.428402147633747            1.998225025373083            0.001756981579325  
         65.549346363959003            1.999049647486060            0.000933271279156  
         65.670290580284245            1.997850402018448            0.002133875043252  
         65.791234796609501            1.997608484159957            0.002377672929417  
         65.912179012934743            1.998500039284250            0.001487825030689  
         66.033123229259999            1.998986685287391            0.001002702755324  
         66.154067445585255            1.997593709870100            0.002397647216972  
         66.275011661910497            1.997821487800911            0.002172206206039  
         66.395955878235753            1.998868517803686            0.001127263213650  
         66.516900094560995            1.998894490945797            0.001103121967696  
         66.637844310886251            1.997363402408911            0.002636471152204  
         66.758788527211493            1.998145608325599            0.001856715694173  
         66.879732743536749            1.999233340562454            0.000771087705345  
         67.000676959862005            1.998769754909338            0.001236445986339  
         67.121621176187247            1.997223857376672            0.002784528639465  
         67.242565392512503            1.998494562927484            0.001516021513715  
         67.363509608837745            1.999487181964895            0.000525150053122  
         67.484453825163001            1.998619299473960            0.001394389724846  
         67.605398041488243            1.997160545353657            0.002854910869523  
         67.726342257813499            1.998761670374051            0.001255412850818  
         67.847286474138755            1.999604719209531            0.000413451760472  
         67.968230690463997            1.998479713637678            0.001539125316640  
         68.089174906789253            1.997122332756724            0.002897591909358  
         68.210119123114495            1.998897776392531            0.001122990724329  
         68.331063339439751            1.999643665745606            0.000377358534447  
         68.452007555764993            1.998400121596327            0.001620732445128  
         68.572951772090249            1.997069259869820            0.002951850529870  
         68.693895988415505            1.998891411126557            0.001129684690810  
         68.814840204740747            1.999650678281131            0.000369825499162  
         68.935784421066003            1.998410148199325            0.001609336644659  
         69.056728637391245            1.996997727358973            0.003021170805988  
         69.177672853716501            1.998719491749866            0.001298604565457  
         69.298617070041743            1.999592080194458            0.000424694903777  
         69.419561286366999            1.998507008408696            0.001508020047119  
         69.540505502692255            1.996953339900627            0.003060376187037  
         69.661449719017497            1.998362761559706            0.001649549514754  
         69.782393935342753            1.999381286124841            0.000629195837728  
         69.903338151667995            1.998662792725170            0.001345440769698  
         70.024282367993251            1.997026384438392            0.002980035224806  
         70.145226584318493            1.997887814273448            0.002116857054249  
         70.266170800643749            1.998994248072018            0.001008366829768  
         70.387115016969005            1.998848730216461            0.001151429066633  
         70.508059233294247            1.997299290323868            0.002698847029584  
         70.629003449619503            1.997470240416469            0.002526103506006  
         70.749947665944745            1.998540757815128            0.001453608846357  
         70.870891882270001            1.999038699618656            0.000953328286574  
         70.991836098595243            1.997745189702726            0.002244926717035  
         71.112780314920499            1.997256773182595            0.002731806022709  
         71.233724531245755            1.998172451014587            0.001814531959379  
         71.354668747570997            1.999191022209067            0.000794048913246  
         71.475612963896253            1.998206409760412            0.001777163148960  
         71.596557180221495            1.997235385392704            0.002747177054853  
         71.717501396546751            1.997961116151781            0.002020489186413  
         71.838445612871993            1.999273712948965            0.000706657995775  
         71.959389829197249            1.998521491937715            0.001458045490091  
         72.080334045522505            1.997294387748961            0.002684872777507  
         72.201278261847747            1.997899389635174            0.002079723600720  
         72.322222478173003            1.999293661800403            0.000685045300337  
         72.443166694498245            1.998625748417309            0.001352952420917  
         72.564110910823501            1.997347437630498            0.002631826919835  
