#  GS molecular orbital populations, spin channel : 1
#          time (fs)            |   population (orb 1)       |    population (orb 2)      |           ...              |    population (orb N)      |
          0.118525331998745            1.999989319598672            0.000007012285857  
          0.239469548323995            1.999995274903037            0.000002779794424  
          0.360413764649245            1.999977064962390            0.000022736361369  
          0.481357980974495            1.999999637560562            0.000001916684643  
          0.602302197299745            2.000002722389449            0.000000563517496  
          0.723246413624995            1.999995030353846            0.000009958920253  
          0.844190629950245            1.999955250939750            0.000051394190574  
          0.965134846275495            2.000006543055627            0.000001698338455  
          1.086079062600745            2.000003692923127            0.000006047755720  
          1.207023278925995            1.999993785665678            0.000017356854206  
          1.327967495251245            1.999927285957785            0.000085168402321  
          1.448911711576495            1.999999821573743            0.000013801506314  
          1.569855927901745            1.999991154121223            0.000023517290626  
          1.690800144226995            1.999969605474498            0.000045936928528  
          1.811744360552245            1.999934670610181            0.000081645734459  
          1.932688576877495            1.999942913467778            0.000073966466733  
          2.053632793202745            1.999980141029361            0.000037174472219  
          2.174577009527995            1.999905031013100            0.000112533153831  
          2.295521225853245            1.999978057193890            0.000039600039932  
          2.416465442178495            1.999859883617329            0.000157705447028  
          2.537409658503745            1.999925767060396            0.000091556578042  
          2.658353874828995            1.999856831777737            0.000160151153789  
          2.779298091154245            1.999968937043882            0.000047435348869  
          2.900242307479495            1.999846343331257            0.000169381560677  
          3.021186523804745            1.999752710070182            0.000262124414710  
          3.142130740129995            1.999888469133994            0.000125489665295  
          3.263074956455245            1.999850135605078            0.000162680411469  
          3.384019172780495            1.999905868814523            0.000105780145498  
          3.504963389105745            1.999532266745939            0.000478109603370  
          3.625907605430995            1.999903169577111            0.000105869286405  
          3.746851821756245            1.999741877752695            0.000265768337244  
          3.867796038081495            1.999860640865080            0.000145448221760  
          3.988740254406745            1.999488138389998            0.000516561952213  
          4.109684470731995            1.999713647898709            0.000289444677936  
          4.230628687057245            1.999791505476489            0.000210175759867  
          4.351572903382495            1.999604131790938            0.000395883295949  
          4.472517119707745            1.999664369111936            0.000334306245661  
          4.593461336032996            1.999383750447954            0.000613389664382  
          4.714405552358246            1.999865218428301            0.000130605703245  
          4.835349768683495            1.999365705658463            0.000628741190246  
          4.956293985008745            1.999741954406198            0.000251271702993  
          5.077238201333995            1.999275111266197            0.000717040233645  
          5.198182417659245            1.999650302120611            0.000340703460894  
          5.319126633984495            1.999437465778799            0.000552787108111  
          5.440070850309746            1.999457943241282            0.000531333180034  
          5.561015066634996            1.999538634102422            0.000450224000123  
          5.681959282960245            1.999179161459649            0.000808949898758  
          5.802903499285495            1.999656762218379            0.000331241467087  
          5.923847715610745            1.999088116537559            0.000899507701146  
          6.044791931935995            1.999774291054814            0.000213405072275  
          6.165736148261245            1.998940570385130            0.001047194531131  
          6.286680364586495            1.999513159196220            0.000474874575113  
          6.407624580911745            1.999134588886970            0.000854035072880  
          6.528568797236995            1.999522206768533            0.000466746677970  
          6.649513013562244            1.999220787750780            0.000769201669597  
          6.770457229887494            1.998904443647297            0.001086137683386  
          6.891401446212745            1.999549592355756            0.000442370228645  
          7.012345662537995            1.998984912966736            0.001007851523731  
          7.133289878863245            1.999577436725813            0.000416810946703  
          7.254234095188495            1.998448393651359            0.001547156590964  
          7.375178311513745            1.999649449530411            0.000347558050284  
          7.496122527838994            1.998836123244069            0.001162542874005  
          7.617066744164244            1.999316241775824            0.000683728055963  
          7.738010960489495            1.998727120380558            0.001274930467579  
          7.858955176814745            1.999012528840300            0.000990753368407  
          7.979899393139995            1.999246627235657            0.000758777623816  
          8.100843609465246            1.998497234256339            0.001509474198118  
          8.221787825790495            1.999395321368502            0.000613370942213  
          8.342732042115745            1.998218376445150            0.001791818992932  
          8.463676258440994            1.999446940091889            0.000564778256952  
          8.584620474766245            1.998040054389270            0.001973497171248  
          8.705564691091494            1.999407583337783            0.000606980785691  
          8.826508907416745            1.998220853718028            0.001795621893880  
          8.947453123741996            1.998624840857927            0.001392251916938  
          9.068397340067245            1.998537214660222            0.001481758547578  
          9.189341556392495            1.998397299759985            0.001622103528907  
          9.310285772717744            1.998972821127333            0.001047863065973  
          9.431229989042995            1.997257861536006            0.002763405533258  
          9.552174205368244            1.999199230857254            0.000822699885328  
          9.673118421693495            1.997443196157287            0.002579514904885  
          9.794062638018746            1.999125499268343            0.000896935465492  
          9.915006854343995            1.996836815819513            0.003186615144855  
         10.035951070669245            1.998573077600179            0.001449574308971  
         10.156895286994494            1.997759353648669            0.002264154068191  
         10.277839503319745            1.997757220975048            0.002265100056583  
         10.398783719644994            1.997850059735167            0.002172678570114  
         10.519727935970245            1.996704296942867            0.003317468008285  
         10.640672152295496            1.998775559143257            0.001245871380169  
         10.761616368620745            1.996106583906579            0.003914108715737  
         10.882560584945995            1.998604564708817            0.001414942931363  
         11.003504801271244            1.995598532751876            0.004420753159381  
         11.124449017596495            1.998456551098093            0.001560855480869  
         11.245393233921744            1.996202218526852            0.003815079071474  
         11.366337450246995            1.997245589276944            0.002769428164079  
         11.487281666572246            1.996608048531434            0.003406913049966  
         11.608225882897495            1.996268272258102            0.003744432160738  
         11.729170099222745            1.997795884088185            0.002216284034028  
         11.850114315547994            1.994867608670728            0.005142676699291  
         11.971058531873245            1.998077521249614            0.001931749241945  
         12.092002748198494            1.994522917465170            0.005485078299127  
         12.212946964523745            1.998191688108086            0.001814569099825  
         12.333891180848996            1.994460335479101            0.005545285473826  
         12.454835397174245            1.997195967322190            0.002807491533202  
         12.575779613499495            1.995375270925468            0.004628076857884  
         12.696723829824744            1.996066287773404            0.003934605406052  
         12.817668046149995            1.996513251922982            0.003487723821810  
         12.938612262475244            1.994391091834707            0.005607692801062  
         13.059556478800495            1.997510641306853            0.002488159003757  
         13.180500695125746            1.993823859267501            0.006173260070968  
         13.301444911450995            1.997901381429664            0.002095262560446  
         13.422389127776245            1.993221595797568            0.006774344925595  
         13.543333344101494            1.997480661853796            0.002514289449320  
         13.664277560426745            1.994356619386894            0.005638497543418  
         13.785221776751994            1.996246107190472            0.003747440528534  
         13.906165993077245            1.995234225584205            0.004760333327250  
         14.027110209402496            1.994727463462114            0.005265468058287  
         14.148054425727745            1.996919829886486            0.003074355430814  
         14.268998642052996            1.993589494069163            0.006403357990708  
         14.389942858378244            1.997512544953580            0.002481391986674  
         14.510887074703495            1.992755011403044            0.007238584096630  
         14.631831291028744            1.997827696624848            0.002166309770513  
         14.752775507353995            1.993516536852387            0.006478148714968  
         14.873719723679246            1.996627502115700            0.003366844325798  
         14.994663940004495            1.994171634988050            0.005824532580258  
         15.115608156329746            1.995487836715828            0.004507530431977  
         15.236552372654995            1.996151540464555            0.003846009450302  
         15.357496588980245            1.993637508628452            0.006359333004992  
         15.478440805305494            1.996968957730290            0.003030019076019  
         15.599385021630745            1.992863935653232            0.007135102880171  
         15.720329237955996            1.997878066953015            0.002122209060882  
         15.841273454281245            1.992608534105725            0.007392849832681  
         15.962217670606496            1.997050496148747            0.002951215537086  
         16.083161886931745            1.993371549779339            0.006632338763819  
         16.204106103256994            1.996079576141073            0.003923795737411  
         16.325050319582246            1.994938541198200            0.005067380443488  
         16.445994535907495            1.993992782020634            0.006012531456773  
         16.566938752232744            1.996262249476791            0.003745423606584  
         16.687882968557997            1.992942678271524            0.007064864415056  
         16.808827184883246            1.997416174820517            0.002592658393173  
         16.929771401208495            1.991819517454383            0.008190201905927  
         17.050715617533744            1.997334873469604            0.002674997613653  
         17.171659833858996            1.992497966700135            0.007513674625326  
         17.292604050184245            1.996338017472786            0.003672650050648  
         17.413548266509494            1.993429528058958            0.006583363220508  
         17.534492482834747            1.994613518299560            0.005398044848151  
         17.655436699159996            1.995244266025196            0.004769214318412  
         17.776380915485245            1.992849233741108            0.007163110288400  
         17.897325131810494            1.996536274130984            0.003476999755168  
         18.018269348135746            1.991475964906101            0.008537044590825  
         18.139213564460995            1.997263168492849            0.002749509852162  
         18.260157780786244            1.991492747682393            0.008520440947875  
         18.381101997111497            1.996510129651130            0.003501496139727  
         18.502046213436746            1.992089444362988            0.007923345619747  
         18.622990429761995            1.995319307931960            0.004691235373975  
         18.743934646087244            1.993980769792692            0.006030830095523  
         18.864878862412496            1.993118562146925            0.006890645262411  
         18.985823078737745            1.995515405520568            0.004494330509315  
         19.106767295062994            1.991753241735581            0.008254608869024  
         19.227711511388247            1.996890719908950            0.003116636311336  
         19.348655727713496            1.991023892956784            0.008982232183286  
         19.469599944038745            1.996744065577221            0.003260507089637  
         19.590544160363994            1.991418347384696            0.008585811248193  
         19.711488376689246            1.996148796028183            0.003852901786536  
         19.832432593014495            1.993046160582957            0.006955484667050  
         19.953376809339744            1.994094847127966            0.005903820575240  
         20.074321025664997            1.994760002110483            0.005238805548955  
         20.195265241990246            1.992882732535633            0.007113071845365  
         20.316209458315495            1.996530424125873            0.003465130653646  
         20.437153674640744            1.991680852648460            0.008312077658060  
         20.558097890965996            1.997079487852331            0.002912639787655  
         20.679042107291245            1.991884589062358            0.008105695781433  
         20.799986323616494            1.997119878401006            0.002868755909019  
         20.920930539941747            1.993031677003199            0.006955909945693  
         21.041874756266996            1.995591705127474            0.004393521345832  
         21.162818972592245            1.994662952962227            0.005322101547066  
         21.283763188917494            1.994763980940196            0.005218218697880  
         21.404707405242746            1.996495691286740            0.003486700123903  
         21.525651621567995            1.993303250185028            0.006676343537860  
         21.646595837893244            1.997475280454156            0.002504646854881  
         21.767540054218497            1.993470062402968            0.006507615933300  
         21.888484270543746            1.998048886604867            0.001928589792087  
         22.009428486868995            1.993898447791051            0.006077790404389  
         22.130372703194244            1.997086480050952            0.002888999170754  
         22.251316919519496            1.995305550016270            0.004669883030893  
         22.372261135844745            1.996776800183159            0.003197156593381  
         22.493205352169994            1.996769036382640            0.003205788209541  
         22.614149568495247            1.995153121019204            0.004820155910248  
         22.735093784820496            1.997900501457096            0.002074261063502  
         22.856038001145745            1.995544956360435            0.004428495097748  
         22.976982217470994            1.998641172395306            0.001333585201194  
         23.097926433796246            1.994985292809903            0.004989193269163  
         23.218870650121495            1.998295354304537            0.001680144186962  
         23.339814866446744            1.996470510901449            0.003505708762893  
         23.460759082771997            1.998120343905914            0.001856187695193  
         23.581703299097246            1.996943791392026            0.003034587946615  
         23.702647515422495            1.996915340659590            0.003063253556359  
         23.823591731747744            1.998430144443512            0.001550766735948  
         23.944535948072996            1.997004765539346            0.002976382063569  
         24.065480164398245            1.998735050367155            0.001248495111787  
         24.186424380723494            1.996262120412208            0.003722428168772  
         24.307368597048747            1.999146123797178            0.000840396944522  
         24.428312813373996            1.997242938235478            0.002745228435904  
         24.549257029699245            1.998728253670429            0.001261359298410  
         24.670201246024494            1.997348665009544            0.002643347973731  
         24.791145462349750            1.998265986066637            0.001727117451151  
         24.912089678674999            1.998553112152178            0.001442543820283  
         25.033033895000248            1.997767562167460            0.002229130546061  
         25.153978111325497            1.998904852999784            0.001094229503954  
         25.274922327650749            1.997425659803492            0.002574701689207  
         25.395866543975998            1.999270408125867            0.000731764961385  
         25.516810760301247            1.997569761527978            0.002434057443979  
         25.637754976626500            1.999335713279086            0.000669248081740  
         25.758699192951749            1.997839694817189            0.002167060830591  
         25.879643409276998            1.998654089080182            0.001353319322873  
         26.000587625602247            1.998486827433116            0.001522355564803  
         26.121531841927499            1.998696871338359            0.001312617753517  
         26.242476058252748            1.998967311548445            0.001043417816762  
         26.363420274577997            1.997730597045186            0.002280451272986  
         26.484364490903250            1.999359209565585            0.000652551616958  
         26.605308707228499            1.998289826582279            0.001722212780745  
         26.726252923553748            1.999465462594136            0.000546461951676  
         26.847197139878997            1.997774704451294            0.002237547511742  
         26.968141356204249            1.999196936979303            0.000814746728196  
         27.089085572529498            1.998788462376222            0.001223317440873  
         27.210029788854747            1.999005965807387            0.001004731893448  
         27.330974005180000            1.998717560561026            0.001292926111704  
         27.451918221505249            1.998464461033939            0.001544869615934  
         27.572862437830498            1.999509493303998            0.000499143240191  
         27.693806654155747            1.998545740607709            0.001461586060206  
         27.814750870480999            1.999427473966291            0.000578688728179  
         27.935695086806248            1.998285235519629            0.001719709090329  
         28.056639303131497            1.999545052498952            0.000458321168846  
         28.177583519456750            1.998834323834608            0.001167767118747  
         28.298527735781999            1.999308385874843            0.000691851215856  
         28.419471952107248            1.998910565101088            0.001088409161336  
         28.540416168432497            1.999048754891785            0.000948255007387  
         28.661360384757749            1.999460999063886            0.000534650800028  
         28.782304601082998            1.998949769582598            0.001043948088229  
         28.903248817408247            1.999578824412131            0.000413467813410  
         29.024193033733500            1.998851534707846            0.001138989560313  
         29.145137250058749            1.999637484898418            0.000351553464690  
         29.266081466383998            1.999063095155344            0.000924446566538  
         29.387025682709247            1.999700736022820            0.000285294128223  
         29.507969899034499            1.999233253666882            0.000751559970327  
         29.628914115359748            1.999338119540476            0.000645307932630  
         29.749858331684997            1.999524494197815            0.000458060390250  
         29.870802548010250            1.999533377456561            0.000447953352556  
         29.991746764335499            1.999709941717443            0.000270749567531  
         30.112690980660748            1.999146829206458            0.000833034766940  
         30.233635196985997            1.999786691406904            0.000192838522072  
         30.354579413311249            1.999558269244457            0.000420793320791  
         30.475523629636498            1.999845874952873            0.000133035031136  
         30.596467845961747            1.999347920565184            0.000631061024687  
         30.717412062287000            1.999718638607819            0.000260509280703  
         30.838356278612249            1.999787641380063            0.000191961098395  
         30.959300494937498            1.999747519508692            0.000232506770056  
         31.080244711262747            1.999691030106848            0.000289896675517  
         31.201188927587999            1.999626693826604            0.000355049294092  
         31.322133143913248            1.999929000491719            0.000053907004094  
         31.443077360238497            1.999718662680604            0.000265406270604  
         31.564021576563750            1.999881581283121            0.000103921022803  
         31.684965792888999            1.999714870949563            0.000272143979546  
         31.805910009214248            1.999877411141594            0.000111210990217  
         31.926854225539497            1.999826138926989            0.000164267428441  
         32.047798441864749            1.999916812852547            0.000075353681701  
         32.168742658189998            1.999883785943810            0.000110312575078  
         32.289686874515247            1.999788508744295            0.000207473225488  
         32.410631090840496            1.999937283351656            0.000060713727606  
         32.531575307165745            1.999934870643597            0.000065051673268  
         32.652519523491002            1.999975611057837            0.000026258517127  
         32.773463739816250            1.999802720893019            0.000201075488026  
         32.894407956141499            1.999970460623483            0.000035200275275  
         33.015352172466748            1.999980455860310            0.000027004501695  
         33.136296388791997            1.999982243079248            0.000026879296353  
         33.257240605117246            1.999894105932374            0.000116636106238  
         33.378184821442495            1.999967458848232            0.000044737919687  
         33.499129037767752            2.000007548142582            0.000005983779646  
         33.620073254093001            1.999981478140472            0.000033215018056  
         33.741017470418250            1.999971308142938            0.000044403571486  
         33.861961686743498            1.999981877760945            0.000034677171186  
         33.982905903068747            1.999999723400012            0.000017487548758  
         34.103850119393996            2.000000508733804            0.000017185082186  
         34.224794335719245            2.000003132060002            0.000014845205727  
         34.345738552044502            2.000005705874934            0.000012374048855  
         34.466682768369751            1.999992004194963            0.000025984127570  
         34.587626984695000            2.000014133861757            0.000003584781968  
         34.708571201020249            2.000006727251351            0.000010532954749  
         34.829515417345497            2.000014072146985            0.000002557077067  
         34.950459633670746            2.000001070792116            0.000014759559647  
         35.071403849995995            2.000013860496634            0.000001014383954  
         35.192348066321252            1.999991650323892            0.000022120666579  
         35.313292282646501            2.000006340075180            0.000006195613360  
         35.434236498971750            2.000007908873411            0.000003266989092  
         35.555180715296999            2.000007586605549            0.000002118892931  
         35.676124931622248            1.999970528487325            0.000037621888572  
         35.797069147947497            1.999979354148387            0.000027165177037  
         35.918013364272745            2.000003254854139            0.000001574733033  
         36.038957580598002            1.999987154538359            0.000015931491589  
         36.159901796923251            1.999964816191602            0.000036516300922  
         36.280846013248500            1.999929960020593            0.000069611533703  
         36.401790229573749            1.999984424021470            0.000013392330200  
         36.522734445898998            1.999955846738739            0.000040242739141  
         36.643678662224247            1.999955275786918            0.000039126633127  
         36.764622878549496            1.999899374583239            0.000093429987767  
         36.885567094874752            1.999925691259811            0.000065554878435  
         37.006511311200001            1.999940416861879            0.000049411035356  
         37.127455527525250            1.999899736481185            0.000088729697641  
         37.248399743850499            1.999926820582471            0.000060469694745  
         37.369343960175748            1.999832805247835            0.000153379525098  
         37.490288176500997            1.999917907885480            0.000067387654865  
         37.611232392826246            1.999833790293799            0.000150724514649  
         37.732176609151502            1.999953594846968            0.000030322196296  
         37.853120825476751            1.999790894373434            0.000192608075759  
         37.974065041802000            1.999807764976165            0.000175484661747  
         38.095009258127249            1.999848006566849            0.000135242239433  
         38.215953474452498            1.999888823011451            0.000094475075688  
         38.336897690777747            1.999846989550066            0.000136698782746  
         38.457841907102996            1.999622008304417            0.000362127146336  
         38.578786123428252            1.999916354062499            0.000068554768885  
         38.699730339753501            1.999778599992600            0.000207084278113  
         38.820674556078750            1.999881514997492            0.000105232223471  
         38.941618772403999            1.999536275982198            0.000451683078172  
         39.062562988729248            1.999869509787723            0.000119762311637  
         39.183507205054497            1.999766874033972            0.000223921204706  
         39.304451421379746            1.999741883467616            0.000250398632348  
         39.425395637705002            1.999676431746094            0.000317696399745  
         39.546339854030251            1.999637504679191            0.000358272790104  
         39.667284070355500            1.999841640731899            0.000156113098241  
         39.788228286680749            1.999510272974687            0.000489295724791  
         39.909172503005998            1.999872910291895            0.000128655779332  
         40.030116719331247            1.999427871421909            0.000575636776676  
         40.151060935656496            1.999758694147528            0.000246701017902  
         40.272005151981752            1.999469231412434            0.000538231336513  
         40.392949368307001            1.999795837663547            0.000213297896583  
         40.513893584632250            1.999493311456083            0.000517820488154  
         40.634837800957499            1.999362331405452            0.000650329035597  
         40.755782017282748            1.999695199900537            0.000319316652943  
         40.876726233607997            1.999418677316585            0.000597170392279  
         40.997670449933246            1.999706407980721            0.000310865311302  
         41.118614666258502            1.998933581774354            0.001084993831110  
         41.239558882583751            1.999803000959717            0.000216571228206  
         41.360503098909000            1.999170018586199            0.000850674087342  
         41.481447315234249            1.999570800768113            0.000450330132777  
         41.602391531559498            1.998960781823730            0.001061338400995  
         41.723335747884747            1.999360311101076            0.000661867461878  
         41.844279964209996            1.999365643322613            0.000657099656425  
         41.965224180535252            1.998903666422481            0.001118850583840  
         42.086168396860501            1.999414400529728            0.000608226730016  
         42.207112613185750            1.998625959478281            0.001396319618417  
         42.328056829510999            1.999567977618478            0.000453766293742  
         42.449001045836248            1.998328578021122            0.001692802844880  
         42.569945262161497            1.999514826486106            0.000505479605268  
         42.690889478486746            1.998434885402177            0.001584950855970  
         42.811833694812002            1.998998766762057            0.001019538889059  
         42.932777911137251            1.998552790422368            0.001464947525329  
         43.053722127462500            1.998718562676049            0.001297437178865  
         43.174666343787749            1.999015772917578            0.000999301856542  
         43.295610560112998            1.997836136584604            0.002177187617461  
         43.416554776438247            1.999145564406956            0.000866536607708  
         43.537498992763496            1.997756937319132            0.002253603140853  
         43.658443209088752            1.999363194365126            0.000645641540515  
         43.779387425414001            1.997354249979007            0.002653268373858  
         43.900331641739250            1.998813790377417            0.001191786054793  
         44.021275858064499            1.997835584064801            0.002168976903937  
         44.142220074389748            1.998525963939071            0.001476391849638  
         44.263164290714997            1.998155356893177            0.001846130649553  
         44.384108507040246            1.997373046404033            0.002626382945177  
         44.505052723365502            1.998771287884072            0.001227392420218  
         44.625996939690751            1.997248016754789            0.002748805492864  
         44.746941156016000            1.998991684302675            0.001004242717104  
         44.867885372341249            1.996430550674865            0.003564150327907  
         44.988829588666498            1.998917848937931            0.001075839911893  
         45.109773804991747            1.997148906470972            0.002844119656886  
         45.230718021316996            1.998325904073036            0.001665845716513  
         45.351662237642252            1.997199463629954            0.002792395834590  
         45.472606453967501            1.997540624954096            0.002449979802212  
         45.593550670292750            1.998338498624652            0.001652603719722  
         45.714494886617999            1.996709998238867            0.003280028426415  
         45.835439102943248            1.998554091516976            0.001436721911210  
         45.956383319268497            1.996193427316898            0.003796949245035  
         46.077327535593746            1.998985403380370            0.001005540064742  
         46.198271751919002            1.996204136051908            0.003787180331406  
         46.319215968244251            1.998362187773554            0.001629452481773  
         46.440160184569500            1.996632638843369            0.003360313332647  
         46.561104400894749            1.997785977993241            0.002206950925906  
         46.682048617219998            1.997462753464858            0.002532114384002  
         46.802992833545247            1.996530526925032            0.003464427953063  
         46.923937049870496            1.998257267771833            0.001739867987530  
         47.044881266195752            1.996028435935832            0.003969175519475  
         47.165825482521001            1.998636303678348            0.001363147854114  
         47.286769698846250            1.995320857072254            0.004679985358401  
         47.407713915171499            1.998647531343991            0.001354559403901  
         47.528658131496748            1.995942029046992            0.004062217285135  
         47.649602347821997            1.997660339445757            0.002344511971302  
         47.770546564147246            1.996292748754286            0.003714927611806  
         47.891490780472502            1.996808323707735            0.003199743343696  
         48.012434996797751            1.997605037993122            0.002405678959070  
         48.133379213123000            1.995273428110598            0.004737959869860  
         48.254323429448249            1.998052265502320            0.001961206296661  
         48.375267645773498            1.994808323525930            0.005206576364222  
         48.496211862098747            1.998470926222837            0.001544885308307  
         48.617156078423996            1.994328363338977            0.005689652538807  
         48.738100294749252            1.997685127319559            0.002332887637147  
         48.859044511074501            1.995130602581445            0.004890078354277  
         48.979988727399750            1.996559316290602            0.003460741992442  
         49.100932943724999            1.995985781808503            0.004036623077083  
         49.221877160050248            1.994801532582097            0.005220484635668  
         49.342821376375497            1.997221618880547            0.002801845318786  
         49.463765592700746            1.993640122370291            0.006383551395563  
         49.584709809026002            1.997675163024698            0.002348509213187  
         49.705654025351251            1.992639848642069            0.007385003403584  
         49.826598241676500            1.997609052005259            0.002414559723071  
         49.947542458001749            1.993212593368739            0.006812617244085  
         50.068486674326998            1.996081899216074            0.003941197006216  
         50.189430890652247            1.993890192164274            0.006134501271155  
         50.310375106977496            1.994549811920732            0.005472748638710  
         50.431319323302752            1.995670252981358            0.004353014966702  
         50.552263539628001            1.992328576223009            0.007693041419318  
         50.673207755953250            1.996508035315279            0.003513088535321  
         50.794151972278499            1.991206118226326            0.008814340442740  
         50.915096188603748            1.997152223628605            0.002866396750031  
         51.036040404928997            1.991019718500308            0.008998890607692  
         51.156984621254246            1.995862175815985            0.004153608131930  
         51.277928837579502            1.991754271489337            0.008262012020767  
         51.398873053904751            1.994556360139515            0.005456657473684  
         51.519817270230000            1.993730602848339            0.006282612740383  
         51.640761486555249            1.991886034000184            0.008124038681358  
         51.761705702880498            1.995177726833198            0.004832029531954  
         51.882649919205747            1.990530425418430            0.009476844710562  
         52.003594135530996            1.996528217006496            0.003477766435439  
         52.124538351856252            1.989753726856063            0.010250523444970  
         52.245482568181501            1.996013430168002            0.003988643878834  
         52.366426784506750            1.990336526082170            0.009664742538138  
         52.487371000831999            1.995138347687631            0.004859947388171  
         52.608315217157248            1.992256854918479            0.007741148200332  
         52.729259433482497            1.992703396600246            0.007291205446210  
         52.850203649807746            1.994172673517073            0.005822033915078  
         52.971147866133002            1.991226211071637            0.008765154954750  
         53.092092082458251            1.996039896956559            0.003951363986592  
         53.213036298783500            1.990088106358523            0.009900328754828  
         53.333980515108749            1.996479362721509            0.003508482961035  
         53.454924731433998            1.990358550738170            0.009627499425217  
         53.575868947759247            1.996213475653982            0.003771129580015  
         53.696813164084496            1.991895030673105            0.008088883652443  
         53.817757380409752            1.994382468713865            0.005599179094341  
         53.938701596735001            1.993859435140041            0.006122695083381  
         54.059645813060250            1.993119127787557            0.006860238450513  
         54.180590029385499            1.995907812412204            0.004072587801906  
         54.301534245710748            1.991681649821068            0.008296119273077  
         54.422478462035997            1.996980563738469            0.002998335121462  
         54.543422678361246            1.991699231834052            0.008277870675564  
         54.664366894686502            1.997360575218556            0.002616985540405  
         54.785311111011751            1.992552563693715            0.007424489953838  
         54.906255327337000            1.996095304562643            0.003881366385856  
         55.027199543662249            1.994171819773231            0.005805831383452  
         55.148143759987498            1.995366817604407            0.004609634940697  
         55.269087976312747            1.996063500019680            0.003914869648900  
         55.390032192637996            1.993545857361191            0.006431211487147  
         55.510976408963252            1.997313351770083            0.002666112756971  
         55.631920625288501            1.993672255685467            0.006306386677665  
         55.752864841613750            1.998145225484564            0.001835276030139  
         55.873809057938999            1.993428715083335            0.006552156775102  
         55.994753274264248            1.997397661240235            0.002584406189957  
         56.115697490589497            1.994954756663205            0.005028911551832  
         56.236641706914746            1.997086466125881            0.002897424265300  
         56.357585923240002            1.996055936764536            0.003930489696815  
         56.478530139565251            1.995184869423678            0.004801613926125  
         56.599474355890500            1.997612043512722            0.002377294378283  
         56.720418572215749            1.995376639755432            0.004612854040397  
         56.841362788540998            1.998294348317570            0.001697492810573  
         56.962307004866247            1.994194013988446            0.005798929963923  
         57.083251221191496            1.998385215279336            0.001609350006279  
         57.204195437516752            1.995751852362011            0.004244520490538  
         57.325139653842001            1.997872099864900            0.002124899416309  
         57.446083870167250            1.995833249542769            0.004166262389368  
         57.567028086492499            1.996765801283608            0.003233992782359  
         57.687972302817748            1.997780760366122            0.002221428284160  
         57.808916519142997            1.996153009217568            0.003849335113283  
         57.929860735468246            1.998086291366641            0.001917940441587  
         58.050804951793502            1.995336344729689            0.004668583103115  
         58.171749168118751            1.998834429225017            0.001171431833261  
         58.292693384444000            1.995856452355278            0.004150494012654  
         58.413637600769249            1.998369720339694            0.001637246781010  
         58.534581817094498            1.996084647951589            0.003923776924210  
         58.655526033419747            1.997712076675566            0.002295747829032  
         58.776470249744996            1.997434880984868            0.002574195167928  
         58.897414466070252            1.996912860034551            0.003095386407623  
         59.018358682395501            1.998064241508207            0.001944760112447  
         59.139302898720750            1.996197298754887            0.003810998368074  
         59.260247115045999            1.998763206566932            0.001245018741194  
         59.381191331371248            1.996141698271320            0.003866125615693  
         59.502135547696497            1.998868161186119            0.001138771033485  
         59.623079764021746            1.996414512555091            0.003592196278655  
         59.744023980347002            1.998180911267618            0.001824275179988  
         59.864968196672251            1.997228947258386            0.002776109262964  
         59.985912412997500            1.997928040221912            0.002075109640866  
         60.106856629322749            1.998075765324156            0.001926958474721  
         60.227800845647998            1.996797578699429            0.003203214655152  
         60.348745061973247            1.998700572798993            0.001299498292586  
         60.469689278298496            1.997049441539841            0.002948842566832  
         60.590633494623752            1.999148451643605            0.000848518646985  
         60.711577710949001            1.996702259514171            0.003293238706616  
         60.832521927274250            1.998720333978616            0.001273521104334  
         60.953466143599499            1.997636260472582            0.002356435057858  
         61.074410359924748            1.998742132408058            0.001248479879969  
         61.195354576249997            1.998057066475661            0.001932616239205  
         61.316298792575246            1.997688288405634            0.002299347625722  
         61.437243008900502            1.998906121158900            0.001080745949089  
         61.558187225225751            1.998061971476434            0.001922865862563  
         61.679131441551000            1.999222162187418            0.000761838278726  
         61.800075657876249            1.997347704885860            0.002634788315369  
         61.921019874201498            1.999316063259927            0.000665561460872  
         62.041964090526747            1.998341988095124            0.001638527729424  
         62.162908306851996            1.999194528240635            0.000784932305818  
         62.283852523177252            1.998224279651761            0.001754775882075  
         62.404796739502501            1.998776668509376            0.001201418807728  
         62.525740955827750            1.999236698673065            0.000741351413348  
         62.646685172152999            1.998690545437405            0.001286662806175  
         62.767629388478248            1.999261674035969            0.000715929213850  
         62.888573604803497            1.998430192980820            0.001547045208691  
         63.009517821128746            1.999661421160353            0.000316299470771  
         63.130462037454002            1.998729892871191            0.001247995840677  
         63.251406253779251            1.999535557234976            0.000442942180027  
         63.372350470104500            1.998863314370125            0.001115975343111  
         63.493294686429749            1.999364809332844            0.000615146493002  
         63.614238902754998            1.999291808347458            0.000689460652759  
         63.735183119080247            1.999301436132198            0.000680685627988  
         63.856127335405496            1.999556883741554            0.000426853122186  
         63.977071551730752            1.999017183387283            0.000967711887056  
         64.098015768056001            1.999694409919593            0.000292296695816  
         64.218959984381243            1.999266652101614            0.000721555151383  
         64.339904200706499            1.999831855911894            0.000158103233317  
         64.460848417031755            1.999133861845582            0.000857956950499  
         64.581792633356997            1.999635730207316            0.000357868031783  
         64.702736849682253            1.999588325666581            0.000407315486744  
         64.823681066007495            1.999678471422270            0.000318839272976  
         64.944625282332751            1.999546021400157            0.000453388248667  
         65.065569498657993            1.999441129073056            0.000560011921097  
         65.186513714983249            1.999883138235577            0.000119945252158  
         65.307457931308505            1.999538622954960            0.000466129031302  
         65.428402147633747            1.999819663317796            0.000186788858012  
         65.549346363959003            1.999484625887737            0.000523470291042  
         65.670290580284245            1.999867193069897            0.000142285042856  
         65.791234796609501            1.999648192160518            0.000362744594540  
         65.912179012934743            1.999824173976199            0.000187842494894  
         66.033123229259999            1.999741863532935            0.000271332723298  
         66.154067445585255            1.999685821533319            0.000328155686620  
         66.275011661910497            1.999844331288342            0.000170466697868  
         66.395955878235753            1.999768622843470            0.000246678773226  
         66.516900094560995            1.999940634806578            0.000075039129826  
         66.637844310886251            1.999630875342982            0.000384999425317  
         66.758788527211493            1.999899767891038            0.000116094620856  
         66.879732743536749            1.999829206793595            0.000186546444182  
         67.000676959862005            1.999956064142943            0.000059250740284  
         67.121621176187247            1.999758981826636            0.000255874939497  
         67.242565392512503            1.999830576549325            0.000183548383766  
         67.363509608837745            1.999945529743781            0.000067808249339  
         67.484453825163001            1.999908031069696            0.000104253440921  
         67.605398041488243            1.999902542297978            0.000108632197270  
         67.726342257813499            1.999800161300193            0.000209761012964  
         67.847286474138755            1.999989525347746            0.000019032082869  
         67.968230690463997            1.999920353777798            0.000086734435114  
         68.089174906789253            1.999947912813757            0.000057607695730  
         68.210119123114495            1.999863199683173            0.000140736976932  
         68.331063339439751            1.999965915826691            0.000036334006087  
         68.452007555764993            1.999965194970736            0.000035369971961  
         68.572951772090249            1.999943041679200            0.000055788483382  
         68.693895988415505            1.999940462924734            0.000056672677190  
         68.814840204740747            1.999954466029461            0.000040958965349  
         68.935784421066003            1.999976145598964            0.000017622833795  
         69.056728637391245            1.999954507258196            0.000037648006043  
         69.177672853716501            1.999974040142625            0.000016575440899  
         69.298617070041743            1.999970673675280            0.000018481383623  
         69.419561286366999            1.999965111305395            0.000022684282974  
         69.540505502692255            1.999973723761550            0.000012830817404  
         69.661449719017497            1.999978172037939            0.000007262098713  
         69.782393935342753            1.999981259747376            0.000003195350447  
         69.903338151667995            1.999967343748800            0.000016284135781  
         70.024282367993251            1.999979710526348            0.000003250816957  
         70.145226584318493            1.999970896057538            0.000011566319418  
         70.266170800643749            1.999979883334941            0.000002255550071  
         70.387115016969005            1.999977104425989            0.000004890108415  
         70.508059233294247            1.999978658586744            0.000003373866854  
         70.629003449619503            1.999956847495459            0.000025412150611  
         70.749947665944745            1.999975526750510            0.000007141520188  
         70.870891882270001            1.999981026240831            0.000002230229604  
         70.991836098595243            1.999967698474274            0.000016317636720  
         71.112780314920499            1.999954901157165            0.000030061607905  
         71.233724531245755            1.999963111369238            0.000022942913829  
         71.354668747570997            1.999977004351428            0.000010301877386  
         71.475612963896253            1.999941561189974            0.000047129424410  
         71.596557180221495            1.999971262226049            0.000018949214609  
         71.717501396546751            1.999950776007366            0.000041059743932  
         71.838445612871993            1.999942131926703            0.000051413410715  
         71.959389829197249            1.999931128809670            0.000064236908650  
         72.080334045522505            1.999970074617023            0.000027122907004  
         72.201278261847747            1.999961462254904            0.000037647693821  
         72.322222478173003            1.999857577785676            0.000143423604407  
         72.443166694498245            1.999959116821341            0.000043836777876  
         72.564110910823501            1.999930599020929            0.000074225156305  
