#  GS molecular orbital populations, spin channel : 1
#          time (fs)            |   population (orb 1)       |    population (orb 2)      |           ...              |    population (orb N)      |
          0.118525331998745            1.998905495864979            0.001138589910915  
          0.239469548323995            1.995295855618063            0.004749316024779  
          0.360413764649245            1.994373508935533            0.005673340308535  
          0.481357980974495            1.997606013335135            0.002441791050802  
          0.602302197299745            1.999786869610376            0.000261057360145  
          0.723246413624995            1.999803760960718            0.000242982490283  
          0.844190629950245            1.997052964335007            0.002991991128308  
          0.965134846275495            1.993607733854142            0.006436117506848  
          1.086079062600745            1.994881216636524            0.005161452326579  
          1.207023278925995            1.997564494715873            0.002476503636188  
          1.327967495251245            1.999418026763674            0.000620462112076  
          1.448911711576495            1.999675216126004            0.000359504189338  
          1.569855927901745            1.996252394274324            0.003778542536052  
          1.690800144226995            1.993807037265480            0.006220514167225  
          1.811744360552245            1.993924801484673            0.006099499771702  
          1.932688576877495            1.995071706859532            0.004949353876600  
          2.053632793202745            1.998498872546424            0.001518082558907  
          2.174577009527995            1.999919807630268            0.000092156851836  
          2.295521225853245            1.998261780607562            0.001745185994797  
          2.416465442178495            1.996132190932681            0.003870135895202  
          2.537409658503745            1.993261629897453            0.006736626241121  
          2.658353874828995            1.993871593817104            0.006122915941220  
          2.779298091154245            1.997365334057387            0.002624897158050  
          2.900242307479495            1.999311345252396            0.000674002383181  
          3.021186523804745            1.999947960019672            0.000032480467302  
          3.142130740129995            1.997677100657596            0.002298792276402  
          3.263074956455245            1.994438574582791            0.005533715022610  
          3.384019172780495            1.994352817182075            0.005616539994215  
          3.504963389105745            1.995483297524369            0.004482799250720  
          3.625907605430995            1.997848567310427            0.002114054644284  
          3.746851821756245            1.999765761487136            0.000193363474745  
          3.867796038081495            1.998327338371228            0.001628803526860  
          3.988740254406745            1.996371026284668            0.003583469649044  
          4.109684470731995            1.995102472224731            0.004850924613830  
          4.230628687057245            1.995613099434644            0.004339188978944  
          4.351572903382495            1.998541169341774            0.001410042805076  
          4.472517119707745            1.999701780227858            0.000248356409252  
          4.593461336032996            1.998385733426891            0.001564420477825  
          4.714405552358246            1.996562780126482            0.003388552876562  
          4.835349768683495            1.995611722282626            0.004341072154291  
          4.956293985008745            1.997534551006679            0.002419839803694  
          5.077238201333995            1.999528912509953            0.000427004893369  
          5.198182417659245            1.998763641581217            0.001194456560978  
          5.319126633984495            1.997113074181716            0.002848423680531  
          5.440070850309746            1.996293744435825            0.003671538073640  
          5.561015066634996            1.997575379851152            0.002393690235932  
          5.681959282960245            1.999266953470078            0.000705844832247  
          5.802903499285495            1.998320794638840            0.001656099589194  
          5.923847715610745            1.996780990023593            0.003200901846355  
          6.044791931935995            1.997025413832224            0.002961735854716  
          6.165736148261245            1.998511767175824            0.001480408508358  
          6.286680364586495            1.999442770528513            0.000554180344106  
          6.407624580911745            1.998006376638788            0.001995434515757  
          6.528568797236995            1.996521190093138            0.003486003555929  
          6.649513013562244            1.997712322850103            0.002300259094194  
          6.770457229887494            1.999435889377329            0.000581560799173  
          6.891401446212745            1.999560136339316            0.000461632595824  
          7.012345662537995            1.997884022855843            0.002141850790491  
          7.133289878863245            1.996560645886549            0.003469636194804  
          7.254234095188495            1.997812925639033            0.002221557347124  
          7.375178311513745            1.999519575290935            0.000518261349714  
          7.496122527838994            1.999229812123444            0.000810591779214  
          7.617066744164244            1.997749282442014            0.002293242435371  
          7.738010960489495            1.996542299910919            0.003502495976650  
          7.858955176814745            1.997460791689538            0.002586106528770  
          7.979899393139995            1.999267171022647            0.000780842656587  
          8.100843609465246            1.999341267291564            0.000706947741275  
          8.221787825790495            1.998066896385432            0.001980917667079  
          8.342732042115745            1.996674806256539            0.003372556956186  
          8.463676258440994            1.996597899732650            0.003449078006727  
          8.584620474766245            1.998496528169544            0.001549385053924  
          8.705564691091494            1.999716384062463            0.000327553524579  
          8.826508907416745            1.999297668149364            0.000743603459153  
          8.947453123741996            1.997777696591132            0.002260598614584  
          9.068397340067245            1.996293912904541            0.003741586088957  
          9.189341556392495            1.996761182924327            0.003271417318463  
          9.310285772717744            1.998585604403381            0.001443584795476  
          9.431229989042995            1.999620528229369            0.000404655778707  
          9.552174205368244            1.999509315513384            0.000511360425181  
          9.673118421693495            1.997830525909454            0.002185578811316  
          9.794062638018746            1.996369756402387            0.003642036396350  
          9.915006854343995            1.996357518968751            0.003650038553493  
         10.035951070669245            1.997191790759123            0.002811391786942  
         10.156895286994494            1.998602764186935            0.001395712419787  
         10.277839503319745            1.999357449666632            0.000636033962752  
         10.398783719644994            1.998641893756294            0.001346704721582  
         10.519727935970245            1.997508230006753            0.002475903756797  
         10.640672152295496            1.996584681844049            0.003395330394224  
         10.761616368620745            1.996776297705992            0.003199792044452  
         10.882560584945995            1.998430467479237            0.001541637097777  
         11.003504801271244            1.999500266548728            0.000467774526470  
         11.124449017596495            1.999437098206121            0.000527186916565  
         11.245393233921744            1.998231763582704            0.001729352039076  
         11.366337450246995            1.997050648577001            0.002907895350057  
         11.487281666572246            1.997188364017574            0.002768062111993  
         11.608225882897495            1.998376129446226            0.001578239784716  
         11.729170099222745            1.999167548874490            0.000784929136386  
         11.850114315547994            1.999048942998580            0.000902187215189  
         11.971058531873245            1.997880284416556            0.002070259191559  
         12.092002748198494            1.997287249570005            0.002663442910584  
         12.212946964523745            1.997779696268382            0.002171514473072  
         12.333891180848996            1.998733557649123            0.001218317674183  
         12.454835397174245            1.999049432806206            0.000903553465870  
         12.575779613499495            1.998409993780194            0.001544799784327  
         12.696723829824744            1.997568558211690            0.002388795570503  
         12.817668046149995            1.997942224767839            0.002018125709859  
         12.938612262475244            1.998774780897554            0.001188724211647  
         13.059556478800495            1.999160367058106            0.000806591771239  
         13.180500695125746            1.998515448186265            0.001455503384699  
         13.301444911450995            1.997889934613466            0.002085512469047  
         13.422389127776245            1.998086200112938            0.001894029587585  
         13.543333344101494            1.998878715717007            0.001106315954930  
         13.664277560426745            1.998881242812467            0.001108691799569  
         13.785221776751994            1.998291458582647            0.001703610907733  
         13.906165993077245            1.997829650936851            0.002170753116189  
         14.027110209402496            1.998187142502988            0.001818568002167  
         14.148054425727745            1.998604529117510            0.001406271947778  
         14.268998642052996            1.998391182526998            0.001624513040913  
         14.389942858378244            1.997966597082424            0.002053925457432  
         14.510887074703495            1.997990328211912            0.002034882353241  
         14.631831291028744            1.998490298677047            0.001539299111557  
         14.752775507353995            1.998706851928998            0.001326636249846  
         14.873719723679246            1.998448757836447            0.001588202247633  
         14.994663940004495            1.998041013822616            0.001999094676619  
         15.115608156329746            1.998292117410942            0.001750813566319  
         15.236552372654995            1.998677168482084            0.001368062112191  
         15.357496588980245            1.998913768823789            0.001133170225260  
         15.478440805305494            1.998558294542727            0.001489777534850  
         15.599385021630745            1.998281142153528            0.001767665304635  
         15.720329237955996            1.998218806610665            0.001830295910444  
         15.841273454281245            1.998620889559434            0.001428030928490  
         15.962217670606496            1.998766385092405            0.001281753043619  
         16.083161886931745            1.998726875217563            0.001319957090746  
         16.204106103256994            1.998330349650564            0.001714719544179  
         16.325050319582246            1.998209552288131            0.001833414884308  
         16.445994535907495            1.998182200611446            0.001858271520998  
         16.566938752232744            1.998385020202272            0.001652579727452  
         16.687882968557997            1.998406992125944            0.001627314373787  
         16.808827184883246            1.998356233746912            0.001674452179770  
         16.929771401208495            1.998164338766793            0.001862450834797  
         17.050715617533744            1.998065964869111            0.001956736632428  
         17.171659833858996            1.998085912185207            0.001932504899837  
         17.292604050184245            1.998168724668617            0.001845244273786  
         17.413548266509494            1.998360979802292            0.001648390831074  
         17.534492482834747            1.998399625047324            0.001605064071779  
         17.655436699159996            1.998539013446026            0.001460951883907  
         17.776380915485245            1.998496799464154            0.001498452996545  
         17.897325131810494            1.998621518114655            0.001369054828966  
         18.018269348135746            1.998479740108994            0.001506242839493  
         18.139213564460995            1.998473890033391            0.001507630465712  
         18.260157780786244            1.998271370883916            0.001705871803618  
         18.381101997111497            1.998357098185878            0.001616061321402  
         18.502046213436746            1.998344446026355            0.001624845070731  
         18.622990429761995            1.998428101546745            0.001537568144333  
         18.743934646087244            1.998253130945819            0.001709237505350  
         18.864878862412496            1.998083662695474            0.001875803384154  
         18.985823078737745            1.997907936472744            0.002049048490534  
         19.106767295062994            1.997986450642058            0.001968453052306  
         19.227711511388247            1.998204546310218            0.001748627725026  
         19.348655727713496            1.998363968494314            0.001587902708254  
         19.469599944038745            1.998263964985437            0.001687104034734  
         19.590544160363994            1.998001129180250            0.001949740825734  
         19.711488376689246            1.997886295693275            0.002064894458697  
         19.832432593014495            1.998055397575821            0.001896559745872  
         19.953376809339744            1.998386014262648            0.001567100479228  
         20.074321025664997            1.998396032026224            0.001558759305224  
         20.195265241990246            1.998050728544403            0.001906337581172  
         20.316209458315495            1.997874253167407            0.002085653335424  
         20.437153674640744            1.998089188624076            0.001873911241405  
         20.558097890965996            1.998518208683898            0.001448387260841  
         20.679042107291245            1.998471813229433            0.001498643292402  
         20.799986323616494            1.998122930298598            0.001851856884293  
         20.920930539941747            1.997933853895440            0.002045657476636  
         21.041874756266996            1.998532723136772            0.001451666568482  
         21.162818972592245            1.998909986689628            0.001079324143206  
         21.283763188917494            1.998784522562816            0.001209827536475  
         21.404707405242746            1.998050700815373            0.001948896794130  
         21.525651621567995            1.998157586415626            0.001847373106678  
         21.646595837893244            1.998684582244902            0.001325584791874  
         21.767540054218497            1.999021979880851            0.000993119714881  
         21.888484270543746            1.998418097763070            0.001601754738481  
         22.009428486868995            1.997874064849505            0.002150477775420  
         22.130372703194244            1.997942331933303            0.002086772396993  
         22.251316919519496            1.998675065850920            0.001358135357977  
         22.372261135844745            1.998685771978693            0.001350931614002  
         22.493205352169994            1.997984321325729            0.002055467710414  
         22.614149568495247            1.997596038029693            0.002446622819825  
         22.735093784820496            1.997977803799489            0.002067443184286  
         22.856038001145745            1.998721293320603            0.001325928743323  
         22.976982217470994            1.998750259675004            0.001298125291984  
         23.097926433796246            1.997952607838422            0.002096434181125  
         23.218870650121495            1.997320602232741            0.002728773507163  
         23.339814866446744            1.997600131098305            0.002449370915263  
         23.460759082771997            1.998471065747897            0.001578034776467  
         23.581703299097246            1.999046839838760            0.001001031535848  
         23.702647515422495            1.998429820337910            0.001616177743816  
         23.823591731747744            1.997464028415689            0.002579805170772  
         23.944535948072996            1.996978283375533            0.003063243347498  
         24.065480164398245            1.997277730719782            0.002761351331798  
         24.186424380723494            1.998669862232271            0.001366221074180  
         24.307368597048747            1.999381794861400            0.000650605656409  
         24.428312813373996            1.998948742272768            0.001079581631753  
         24.549257029699245            1.997738357764284            0.002285791146094  
         24.670201246024494            1.996738242133607            0.003281878141112  
         24.791145462349750            1.996832949229502            0.003183145344281  
         24.912089678674999            1.998553305533368            0.001458436001022  
         25.033033895000248            1.999511731977604            0.000495234117065  
         25.153978111325497            1.999578049149381            0.000423923448241  
         25.274922327650749            1.998053777492574            0.001943302463164  
         25.395866543975998            1.996575754370431            0.003416839116999  
         25.516810760301247            1.996250249418925            0.003738135448257  
         25.637754976626500            1.997039012102047            0.002945132079020  
         25.758699192951749            1.998445200174227            0.001534518773165  
         25.879643409276998            1.999354985502249            0.000620243510671  
         26.000587625602247            1.998611422489069            0.001359600756858  
         26.121531841927499            1.997346630175858            0.002620905096781  
         26.242476058252748            1.996387704596656            0.003576823111843  
         26.363420274577997            1.996403374027776            0.003558416862344  
         26.484364490903250            1.998436451762241            0.001522608372175  
         26.605308707228499            1.999586422182851            0.000369934718236  
         26.726252923553748            1.999236858252982            0.000717367837654  
         26.847197139878997            1.997657929245083            0.002295094509842  
         26.968141356204249            1.996423725503482            0.003528672289260  
         27.089085572529498            1.997019058591068            0.002933169368879  
         27.210029788854747            1.999119944626250            0.000832037500482  
         27.330974005180000            1.999640588533859            0.000311436492731  
         27.451918221505249            1.998715990513486            0.001237005937844  
         27.572862437830498            1.996766703655136            0.003188134336016  
         27.693806654155747            1.996806875976045            0.003150273350721  
         27.814750870480999            1.998543461230118            0.001416110050356  
         27.935695086806248            1.999614483850628            0.000347515679718  
         28.056639303131497            1.998667515061675            0.001297723126374  
         28.177583519456750            1.997144182420204            0.002825055514060  
         28.298527735781999            1.996679286866796            0.003294348376047  
         28.419471952107248            1.998548279267514            0.001429698488362  
         28.540416168432497            1.999227904376328            0.000754311835389  
         28.661360384757749            1.997867804846421            0.002119150878833  
         28.782304601082998            1.996875320958816            0.003116962647700  
         28.903248817408247            1.997396214898481            0.002601437000028  
         29.024193033733500            1.998927775975930            0.001074985953388  
         29.145137250058749            1.998948216489664            0.001059246007129  
         29.266081466383998            1.997138233568216            0.002874155610560  
         29.387025682709247            1.996598341284253            0.003419266270881  
         29.507969899034499            1.998380723614060            0.001641902790516  
         29.628914115359748            1.999658957153415            0.000368051883044  
         29.749858331684997            1.999140675157148            0.000889975473377  
         29.870802548010250            1.996612092740713            0.003422200032709  
         29.991746764335499            1.996433960105849            0.003604273064255  
         30.112690980660748            1.998514201858520            0.001527383484512  
         30.233635196985997            1.999936752900707            0.000107369432208  
         30.354579413311249            1.999140062588647            0.000905572895705  
         30.475523629636498            1.996882474659885            0.003164434873990  
         30.596467845961747            1.995393766471045            0.004654810196279  
         30.717412062287000            1.997817818025600            0.002231990019245  
         30.838356278612249            1.999789387597648            0.000260644132842  
         30.959300494937498            1.999752109296029            0.000297137006254  
         31.080244711262747            1.997661557303963            0.002386189183480  
         31.201188927587999            1.995101365889119            0.004945328882302  
         31.322133143913248            1.995374527568999            0.004671099703323  
         31.443077360238497            1.998307407719812            0.001736567511781  
         31.564021576563750            1.999772191155425            0.000269310935793  
         31.684965792888999            1.999747211970818            0.000290758476559  
         31.805910009214248            1.996621921213467            0.003412338706679  
         31.926854225539497            1.994236953649700            0.005794093278050  
         32.047798441864749            1.994649403312455            0.005378390253433  
         32.168742658189998            1.996067632606870            0.003956831110085  
         32.289686874515247            1.998731150466895            0.001289242953609  
         32.410631090840496            1.999858306804223            0.000157112686651  
         32.531575307165745            1.997576950405708            0.002433504998996  
         32.652519523491002            1.995565779669683            0.004440162200447  
         32.773463739816250            1.993640845993027            0.006360999212674  
         32.894407956141499            1.993604228494238            0.006393837251428  
         33.015352172466748            1.997676314633244            0.002317471074729  
         33.136296388791997            1.999714161176384            0.000274638463283  
         33.257240605117246            1.999799516493322            0.000184333688115  
         33.378184821442495            1.997482429264195            0.002496936651122  
         33.499129037767752            1.993892768835782            0.006082913310375  
         33.620073254093001            1.993532998472541            0.006439801854791  
         33.741017470418250            1.995693971033392            0.004275584215559  
         33.861961686743498            1.997971948326550            0.001993899132542  
         33.982905903068747            1.999870779668037            0.000091472015382  
         34.103850119393996            1.997848327476561            0.002110770129765  
         34.224794335719245            1.995301017154469            0.004656345017106  
         34.345738552044502            1.994416303836883            0.005540069293594  
         34.466682768369751            1.994747771900281            0.005207347290646  
         34.587626984695000            1.998174463720468            0.001779347136540  
         34.708571201020249            1.999791985244835            0.000160472159007  
         34.829515417345497            1.997786857382648            0.002165248261014  
         34.950459633670746            1.995839557968623            0.004113777780491  
         35.071403849995995            1.994686725399264            0.005267950795235  
         35.192348066321252            1.996374152975020            0.003581928538975  
         35.313292282646501            1.999611434566468            0.000345873438013  
         35.434236498971750            1.998775709687155            0.001183210313458  
         35.555180715296999            1.996460448808741            0.003501699924774  
         35.676124931622248            1.995275298283307            0.004690657015262  
         35.797069147947497            1.996472068904389            0.003497447063804  
         35.918013364272745            1.999274830306443            0.000698153176807  
         36.038957580598002            1.998592507099649            0.001383995302919  
         36.159901796923251            1.995977315064864            0.004003914601205  
         36.280846013248500            1.995748297945601            0.004238251532462  
         36.401790229573749            1.997506190527734            0.002485326459384  
         36.522734445898998            1.999656183399997            0.000339903085821  
         36.643678662224247            1.998555070956918            0.001445365715893  
         36.764622878549496            1.994946093660793            0.005059507400196  
         36.885567094874752            1.995942882182206            0.004068340355997  
         37.006511311200001            1.998794466747650            0.001221735243619  
         37.127455527525250            2.000022367362402           -0.000001852296178  
         37.248399743850499            1.998309053346975            0.001715128132691  
         37.369343960175748            1.994867551656820            0.005160893299276  
         37.490288176500997            1.995177921536985            0.004855229450234  
         37.611232392826246            1.999165046198985            0.000871876541087  
         37.732176609151502            1.999923221938483            0.000116470907613  
         37.853120825476751            1.998188044640863            0.001853427224387  
         37.974065041802000            1.994654793498700            0.005388721212060  
         38.095009258127249            1.994164794814177            0.005881661768675  
         38.215953474452498            1.998055132383994            0.001993162578652  
         38.336897690777747            2.000020462500490            0.000028522610396  
         38.457841907102996            1.998723251988741            0.001325305650544  
         38.578786123428252            1.995702658854270            0.004344972621346  
         38.699730339753501            1.992190918694295            0.007856941139548  
         38.820674556078750            1.995090539072955            0.004957383163458  
         38.941618772403999            1.999002806205366            0.001043944734736  
         39.062562988729248            1.999746824547668            0.000297862216971  
         39.183507205054497            1.998497101748578            0.001544226690541  
         39.304451421379746            1.993646477578146            0.006391944004596  
         39.425395637705002            1.990920655006912            0.009115629987759  
         39.546339854030251            1.994059831403647            0.005974030868135  
         39.667284070355500            1.996431336319026            0.003599776024667  
         39.788228286680749            1.999310383438190            0.000716763894991  
         39.909172503005998            1.998794175674751            0.001227991111738  
         40.030116719331247            1.994268967538657            0.005748737508934  
         40.151060935656496            1.992070404983778            0.007943303581637  
         40.272005151981752            1.990300569420610            0.009709681257138  
         40.392949368307001            1.992414760064859            0.007592153818458  
         40.513893584632250            1.997951130393593            0.002051346516263  
         40.634837800957499            1.999314335069959            0.000682918014968  
         40.755782017282748            1.998620077780695            0.001372105993889  
         40.876726233607997            1.995098530207448            0.004889045343600  
         40.997670449933246            1.989641952107920            0.010342118212847  
         41.118614666258502            1.991349070407940            0.008632144775889  
         41.239558882583751            1.994236596516529            0.005740948266986  
         41.360503098909000            1.997042519319132            0.002930871196843  
         41.481447315234249            1.999942005130761            0.000027065836231  
         41.602391531559498            1.996838798761333            0.003126232226688  
         41.723335747884747            1.993317090128192            0.006645697911942  
         41.844279964209996            1.991996007601933            0.007965235597084  
         41.965224180535252            1.991931245238320            0.008028034299587  
         42.086168396860501            1.996702296053517            0.003255092631321  
         42.207112613185750            1.999891583598199            0.000063141916621  
         42.328056829510999            1.998374690462984            0.001578220099562  
         42.449001045836248            1.995879303098760            0.004073618702495  
         42.569945262161497            1.991985101211291            0.007968237638419  
         42.690889478486746            1.993665966612729            0.006288214100171  
         42.811833694812002            1.998636654634673            0.001317826483605  
         42.932777911137251            1.999745945289063            0.000208381532990  
         43.053722127462500            1.998266468356841            0.001689448275068  
         43.174666343787749            1.994561756218281            0.005396696172020  
         43.295610560112998            1.992800131491300            0.007161483342623  
         43.416554776438247            1.997538003802941            0.002426655431621  
         43.537498992763496            1.999969202087741           -0.000002406750860  
         43.658443209088752            1.998543951019329            0.001426024141261  
         43.779387425414001            1.995630186807920            0.004344191775568  
         43.900331641739250            1.993679746560426            0.006299354401287  
         44.021275858064499            1.996919220862625            0.003064650880013  
         44.142220074389748            1.999922201725389            0.000065483232366  
         44.263164290714997            1.997722781798215            0.002269100197370  
         44.384108507040246            1.995386999476032            0.004610062807698  
         44.505052723365502            1.994656438169634            0.005346066257146  
         44.625996939690751            1.997388818935968            0.002618960250970  
         44.746941156016000            1.999864524968763            0.000147337029905  
         44.867885372341249            1.996614344688800            0.003401499307029  
         44.988829588666498            1.994344014267666            0.005676571172290  
         45.109773804991747            1.995577630119654            0.004447720044067  
         45.230718021316996            1.997957514108755            0.002072459812293  
         45.351662237642252            2.000004932879087            0.000028084190275  
         45.472606453967501            1.996824539177365            0.003210839090777  
         45.593550670292750            1.992990916396797            0.007047615128263  
         45.714494886617999            1.995105429815343            0.004936182816624  
         45.835439102943248            1.997827992023630            0.002216536335503  
         45.956383319268497            1.999888208216973            0.000157782788262  
         46.077327535593746            1.998068048129426            0.001977834829539  
         46.198271751919002            1.992959864044106            0.007086667424816  
         46.319215968244251            1.992815422681033            0.007231822577410  
         46.440160184569500            1.995618537967253            0.004429447475587  
         46.561104400894749            1.998260309221430            0.001787821125711  
         46.682048617219998            1.999963799016340            0.000082253847740  
         46.802992833545247            1.995521307855219            0.004522391945806  
         46.923937049870496            1.991994430321492            0.008047381195333  
         47.044881266195752            1.991984981561167            0.008055014488911  
         47.165825482521001            1.992687568650131            0.007351304652128  
         47.286769698846250            1.997726399537810            0.002310008459232  
         47.407713915171499            1.999750835273093            0.000281518770272  
         47.528658131496748            1.996649168478571            0.003378993072886  
         47.649602347821997            1.994040329163353            0.005983597184335  
         47.770546564147246            1.989650684187400            0.010369961871662  
         47.891490780472502            1.989788856450210            0.010229116588615  
         48.012434996797751            1.995638814063981            0.004375517381221  
         48.133379213123000            1.998024523333726            0.001985331168214  
         48.254323429448249            1.999493176062229            0.000511545254144  
         48.375267645773498            1.996566056287477            0.003433388113638  
         48.496211862098747            1.990818452432102            0.009176855810827  
         48.617156078423996            1.990135195158123            0.009856797343592  
         48.738100294749252            1.990445026511565            0.009543477689759  
         48.859044511074501            1.993821473472558            0.006163241134415  
         48.979988727399750            1.999227466394942            0.000752595588989  
         49.100932943724999            1.998672256406394            0.001302730061128  
         49.221877160050248            1.996562354227080            0.003408774911170  
         49.342821376375497            1.992867462352938            0.007100645020863  
         49.463765592700746            1.989259100464351            0.010706663188369  
         49.584709809026002            1.993392230182996            0.006571515661333  
         49.705654025351251            1.997555116745902            0.002405340750641  
         49.826598241676500            1.999307640281172            0.000649426830589  
         49.947542458001749            1.998937260116673            0.001017386469107  
         50.068486674326998            1.993746873012651            0.006206218588250  
         50.189430890652247            1.991738789958864            0.008214491727883  
         50.310375106977496            1.994307477333905            0.005645729450836  
         50.431319323302752            1.996841913085231            0.003110137189267  
         50.552263539628001            1.999787470932418            0.000163941485435  
         50.673207755953250            1.997813438716866            0.002137897212025  
         50.794151972278499            1.993846618967000            0.006106393772502  
         50.915096188603748            1.994038966072783            0.005916817313109  
         51.036040404928997            1.995882099343089            0.004075400541888  
         51.156984621254246            1.998966995431892            0.000992147474425  
         51.277928837579502            1.999288214973900            0.000672994828728  
         51.398873053904751            1.995070221979977            0.004894236749535  
         51.519817270230000            1.994298796878329            0.005670370439029  
         51.640761486555249            1.996690143044634            0.003283096894559  
         51.761705702880498            1.999142532881305            0.000834258290736  
         51.882649919205747            1.999567453555199            0.000413139360650  
         52.003594135530996            1.995616663500916            0.004368428913822  
         52.124538351856252            1.994062043955825            0.005928712692885  
         52.245482568181501            1.997633083495854            0.002362924716181  
         52.366426784506750            1.999872503211683            0.000127944353954  
         52.487371000831999            1.999323824984307            0.000680928221572  
         52.608315217157248            1.995795450304576            0.004213942706883  
         52.729259433482497            1.994071150903501            0.005943803158575  
         52.850203649807746            1.997770405223765            0.002249617228538  
         52.971147866133002            2.000004349902667            0.000019584984616  
         53.092092082458251            1.998407456890433            0.001619909950367  
         53.213036298783500            1.995778723470367            0.004252002477394  
         53.333980515108749            1.994104887760375            0.005930108630258  
         53.454924731433998            1.997230954672591            0.002807926454923  
         53.575868947759247            1.999973433253807            0.000067664746546  
         53.696813164084496            1.998009366584549            0.002033253988178  
         53.817757380409752            1.995622800453576            0.004420941695433  
         53.938701596735001            1.993867492635990            0.006178077520926  
         54.059645813060250            1.995492058629800            0.004555608632267  
         54.180590029385499            1.999576589263477            0.000471416813727  
         54.301534245710748            1.999164047999988            0.000883213525169  
         54.422478462035997            1.996634501135486            0.003411389986564  
         54.543422678361246            1.993943788354402            0.006100876493798  
         54.664366894686502            1.992637465794475            0.007406981408084  
         54.785311111011751            1.996654113576322            0.003389268790720  
         54.906255327337000            1.999841321276017            0.000199694780972  
         55.027199543662249            1.999368303420723            0.000669525621779  
         55.148143759987498            1.997174445810580            0.002859529409275  
         55.269087976312747            1.992477114029980            0.007553805681020  
         55.390032192637996            1.991926078267108            0.008102322615451  
         55.510976408963252            1.995508799313169            0.004516504807160  
         55.631920625288501            1.997829924770364            0.002191713622231  
         55.752864841613750            1.999914483753508            0.000102450615148  
         55.873809057938999            1.997985234348334            0.002026548619103  
         55.994753274264248            1.993728680888646            0.006278685069115  
         56.115697490589497            1.992528228680470            0.007475258569790  
         56.236641706914746            1.992004267897582            0.007995520254993  
         56.357585923240002            1.994847765433377            0.005148124158161  
         56.478530139565251            1.999322761429547            0.000668301129318  
         56.599474355890500            1.999524779325937            0.000461034540124  
         56.720418572215749            1.998086623832319            0.001894553991854  
         56.841362788540998            1.994533007000146            0.005444196246382  
         56.962307004866247            1.991666722093162            0.008307313337194  
         57.083251221191496            1.994349025108966            0.005622072462136  
         57.204195437516752            1.997383887410126            0.002583392978803  
         57.325139653842001            1.999404390973857            0.000558899673520  
         57.446083870167250            1.999398631935129            0.000561110553510  
         57.567028086492499            1.995588773909547            0.004368271890289  
         57.687972302817748            1.993752616611303            0.006203196157582  
         57.808916519142997            1.994542818475293            0.005411763409852  
         57.929860735468246            1.996432193421380            0.003520603294690  
         58.050804951793502            1.999436743926760            0.000514436823357  
         58.171749168118751            1.998860286446837            0.001089613580995  
         58.292693384444000            1.996168027712578            0.003782119659829  
         58.413637600769249            1.995081118923739            0.004870359742177  
         58.534581817094498            1.995435176176956            0.004517274164038  
         58.655526033419747            1.998211864225636            0.001741538495159  
         58.776470249744996            1.999576317526066            0.000378181502547  
         58.897414466070252            1.997311172185082            0.002645443730219  
         59.018358682395501            1.995782593370891            0.004177566349046  
         59.139302898720750            1.996113338327951            0.003850302394261  
         59.260247115045999            1.998128087369289            0.001838791393416  
         59.381191331371248            1.999550360164928            0.000419850922662  
         59.502135547696497            1.997395682193112            0.002578485418997  
         59.623079764021746            1.995684893389780            0.004294371882045  
         59.744023980347002            1.997121240977763            0.002863154025424  
         59.864968196672251            1.999132360061426            0.000856686555205  
         59.985912412997500            1.999686859376914            0.000306720323417  
         60.106856629322749            1.997261218050187            0.002737201071279  
         60.227800845647998            1.995659100630762            0.004344889665884  
         60.348745061973247            1.997752583449014            0.002256846877945  
         60.469689278298496            1.999818500874793            0.000195649706421  
         60.590633494623752            1.999320896832679            0.000697523760200  
         60.711577710949001            1.997146765458234            0.002875901750560  
         60.832521927274250            1.995718751302157            0.004308695641142  
         60.953466143599499            1.997848490352164            0.002183442031086  
         61.074410359924748            1.999704973702594            0.000330325926500  
         61.195354576249997            1.998645504885793            0.001392476227024  
         61.316298792575246            1.996819112501236            0.003221274034158  
         61.437243008900502            1.995862344683469            0.004180816554540  
         61.558187225225751            1.997346342953766            0.002699412866585  
         61.679131441551000            1.999585386463735            0.000461647712035  
         61.800075657876249            1.998850432615952            0.001196963620428  
         61.921019874201498            1.996960137888802            0.003087166742127  
         62.041964090526747            1.995638817724659            0.004408544280476  
         62.162908306851996            1.996148339829695            0.003899296846507  
         62.283852523177252            1.998739475112540            0.001307422364479  
         62.404796739502501            1.999792067229420            0.000252989470336  
         62.525740955827750            1.998501332765962            0.001541259364096  
         62.646685172152999            1.996583919233611            0.003456010214712  
         62.767629388478248            1.994828543929606            0.005209170399824  
         62.888573604803497            1.996342065012602            0.003693292514356  
         63.009517821128746            1.999037542887445            0.000994591044830  
         63.130462037454002            2.000015052891522            0.000013161919434  
         63.251406253779251            1.999307706744162            0.000716041449897  
         63.372350470104500            1.996729210966358            0.003290183149852  
         63.493294686429749            1.994678257208676            0.005337238666267  
         63.614238902754998            1.995747234487998            0.004264361794018  
         63.735183119080247            1.997324964159830            0.002682367178243  
         63.856127335405496            1.999094089860089            0.000908484929536  
         63.977071551730752            1.999536520541422            0.000460891917522  
         64.098015768056001            1.997726184572602            0.002266306172486  
         64.218959984381243            1.996094161198419            0.003893986460695  
         64.339904200706499            1.995140393476388            0.004843740534246  
         64.460848417031755            1.995977671141017            0.004002485745042  
         64.581792633356997            1.998497023276869            0.001478920566388  
         64.702736849682253            1.999872952473331            0.000098506086204  
         64.823681066007495            1.999350259949375            0.000617135150058  
         64.944625282332751            1.997619441984758            0.002344575404184  
         65.065569498657993            1.995613505468685            0.004347789288895  
         65.186513714983249            1.996472395709965            0.003486561321518  
         65.307457931308505            1.998389385889504            0.001567051837043  
         65.428402147633747            1.999598983265051            0.000354930474670  
         65.549346363959003            1.999264687260828            0.000687355207842  
         65.670290580284245            1.997407256549244            0.002543733554884  
         65.791234796609501            1.996207358569524            0.003743505541481  
         65.912179012934743            1.997366450055126            0.002584531730149  
         66.033123229259999            1.998790772288051            0.001160195533767  
         66.154067445585255            1.999472871868659            0.000478517063673  
         66.275011661910497            1.998275790900393            0.001676842464745  
         66.395955878235753            1.996895138931571            0.003059649746925  
         66.516900094560995            1.997230203196164            0.002727290332545  
         66.637844310886251            1.998806327755806            0.001153771258220  
         66.758788527211493            1.999465570388078            0.000497369997435  
         66.879732743536749            1.998671074719762            0.001295368101064  
         67.000676959862005            1.997124930606624            0.002845744564463  
         67.121621176187247            1.997588625906599            0.002386658069065  
         67.242565392512503            1.998952629879540            0.001027169280708  
         67.363509608837745            1.999369259225570            0.000615076130930  
         67.484453825163001            1.998306766432956            0.001682516217628  
         67.605398041488243            1.997364708831493            0.002629881387852  
         67.726342257813499            1.997718000520593            0.002282011045250  
         67.847286474138755            1.998899778309341            0.001105335278829  
         67.968230690463997            1.998673498584473            0.001336487779286  
         68.089174906789253            1.997657482260562            0.002357445178942  
         68.210119123114495            1.997489593313843            0.002530352203242  
         68.331063339439751            1.998295954460450            0.001728781015579  
         68.452007555764993            1.999036407251066            0.000992540100963  
         68.572951772090249            1.998384461292883            0.001648173573653  
         68.693895988415505            1.997532800026752            0.002503403761758  
         68.814840204740747            1.997677208519191            0.002362353232834  
         68.935784421066003            1.998766091833790            0.001276425246676  
         69.056728637391245            1.999249136060643            0.000795552319631  
         69.177672853716501            1.998716625216504            0.001329564555419  
         69.298617070041743            1.997506069103873            0.002541320637534  
         69.419561286366999            1.997666464745007            0.002381921684377  
         69.540505502692255            1.998501435354224            0.001547425284993  
         69.661449719017497            1.999293563059409            0.000755100373432  
         69.782393935342753            1.998993266760554            0.001054412704667  
         69.903338151667995            1.998059996271924            0.001986321126901  
         70.024282367993251            1.997279102894558            0.002765617082869  
         70.145226584318493            1.997793702438009            0.002249166908932  
         70.266170800643749            1.998498695573826            0.001541829958126  
         70.387115016969005            1.999035626385633            0.001001956368169  
         70.508059233294247            1.998647716532182            0.001386400008668  
         70.629003449619503            1.997852935704033            0.002177523653900  
         70.749947665944745            1.997280151209871            0.002746536808849  
         70.870891882270001            1.997344682896394            0.002678147206650  
         70.991836098595243            1.998090175098149            0.001928516370123  
         71.112780314920499            1.998817546687227            0.001196636186339  
         71.233724531245755            1.999038881379082            0.000970544187139  
         71.354668747570997            1.998514193673183            0.001490457055400  
         71.475612963896253            1.997946279224017            0.002053702311308  
         71.596557180221495            1.997505536832187            0.002489912665394  
         71.717501396546751            1.998179913637275            0.001810997987991  
         71.838445612871993            1.998743283476651            0.001243009760355  
         71.959389829197249            1.999135430452348            0.000846246774154  
         72.080334045522505            1.998695663039158            0.001281585332181  
         72.201278261847747            1.998127323865991            0.001845819636209  
         72.322222478173003            1.997590700428604            0.002378708747037  
         72.443166694498245            1.997799560766516            0.002166362304321  
         72.564110910823501            1.998153691188452            0.001808913731101  
