#             time (fs)      |   total net charge (e)  |   charge (atom_1) (e)   |   charge (atom_2) (e)   |        ...        |   charge (atom_N) (e)   |
          0.000000000000000       -0.000000000000000       -0.000000000000000        0.000000000000000
          0.120944216325250       -0.000000000011736        0.000082548620123       -0.000082548631859
          0.241888432650500       -0.000000000025577        0.000529591384549       -0.000529591410126
          0.362832648975750       -0.000000000043086       -0.000604095479514        0.000604095436428
          0.483776865301000       -0.000000000059741       -0.000598887196420        0.000598887136679
          0.604721081626250       -0.000000000082115       -0.000533286548112        0.000533286465997
          0.725665297951500       -0.000000000098992        0.001847964350356       -0.001847964449348
          0.846609514276750       -0.000000000120330        0.000453603532504       -0.000453603652835
          0.967553730602000       -0.000000000136439       -0.000283629342757        0.000283629206317
          1.088497946927250       -0.000000000155925       -0.002901220470946        0.002901220315020
          1.209442163252500       -0.000000000165482        0.000754285408889       -0.000754285574372
          1.330386379577750       -0.000000000176872        0.001443424886467       -0.001443425063339
          1.451330595903000       -0.000000000182543        0.002889150576268       -0.002889150758812
          1.572274812228250       -0.000000000184497       -0.002769021196405        0.002769021011909
          1.693219028553500       -0.000000000181719       -0.002096228448200        0.002096228266481
          1.814163244878750       -0.000000000172980       -0.001396832740570        0.001396832567590
          1.935107461204000       -0.000000000166984        0.004732501970423       -0.004732502137407
          2.056051677529250       -0.000000000146958        0.001467526466995       -0.001467526613953
          2.176995893854500       -0.000000000133317       -0.001189316166600        0.001189316033283
          2.297940110179750       -0.000000000106200       -0.005534773586950        0.005534773480750
          2.418884326505000       -0.000000000093093        0.000702270857151       -0.000702270950244
          2.539828542830250       -0.000000000064133        0.003762417052357       -0.003762417116490
          2.660772759155500       -0.000000000038464        0.004379006771441       -0.004379006809904
          2.781716975480750       -0.000000000023186       -0.003846395067181        0.003846395043995
          2.902661191806000        0.000000000007524       -0.004913387945171        0.004913387952695
          3.023605408131250        0.000000000033653       -0.001221275752318        0.001221275785971
          3.144549624456500        0.000000000028872        0.006698651955303       -0.006698651926431
          3.265493840781750        0.000000000070042        0.003646912603474       -0.003646912533432
          3.386438057107000        0.000000000067336       -0.002982611219025        0.002982611286362
          3.507382273432250        0.000000000091761       -0.007740186502073        0.007740186593834
          3.628326489757500        0.000000000086345        0.000078758398654       -0.000078758312308
          3.749270706082750        0.000000000092477        0.006554434084603       -0.006554433992126
          3.870214922408000        0.000000000107837        0.005984569810617       -0.005984569702780
          3.991159138733250        0.000000000083618       -0.005086028355507        0.005086028439126
          4.112103355058500        0.000000000102986       -0.007687990475785        0.007687990578771
          4.233047571383750        0.000000000102805       -0.001550168256870        0.001550168359675
          4.353991787709000        0.000000000069240        0.009360861755408       -0.009360861686168
          4.474936004034250        0.000000000092939        0.005353058968215       -0.005353058875276
          4.595880220359500        0.000000000070930       -0.004112175933916        0.004112176004846
          4.716824436684750        0.000000000080865       -0.010808072526770        0.010808072607636
          4.837768653010000        0.000000000064293        0.000102022511527       -0.000102022447234
          4.958712869335250        0.000000000061244        0.008715062233536       -0.008715062172292
          5.079657085660500        0.000000000068740        0.008281523980304       -0.008281523911564
          5.200601301985750        0.000000000060119       -0.006821594605340        0.006821594665460
          5.321545518311000        0.000000000062095       -0.010032170004238        0.010032170066333
          5.442489734636251        0.000000000062816       -0.002237667560894        0.002237667623710
          5.563433950961501        0.000000000076453        0.012105644995639       -0.012105644919187
          5.684378167286750        0.000000000066593        0.006980446031739       -0.006980445965147
          5.805322383612000        0.000000000086150       -0.005212712195532        0.005212712281683
          5.926266599937250        0.000000000071011       -0.013499697351486        0.013499697422497
          6.047210816262500        0.000000000096069       -0.000244645196057        0.000244645292126
          6.168155032587750        0.000000000112422        0.011075474950071       -0.011075474837649
          6.289099248913001        0.000000000070219        0.009944894290425       -0.009944894220206
          6.410043465238251        0.000000000130680       -0.007806706678943        0.007806706809624
          6.530987681563500        0.000000000098499       -0.012695412998381        0.012695413096879
          6.651931897888750        0.000000000081954       -0.002374798449698        0.002374798531652
          6.772876114214000        0.000000000136570        0.013990752700991       -0.013990752564421
          6.893820330539250        0.000000000063630        0.008947424970348       -0.008947424906718
          7.014764546864500        0.000000000118985       -0.006512354481877        0.006512354600862
          7.135708763189751        0.000000000033733       -0.015596916918189        0.015596916951922
          7.256652979515001        0.000000000056785       -0.000838098503440        0.000838098560225
          7.377597195840250        0.000000000074674        0.013238386077220       -0.013238386002546
          7.498541412165500       -0.000000000046784        0.011547106752373       -0.011547106799156
          7.619485628490750        0.000000000026942       -0.008775116740123        0.008775116767065
          7.740429844816000       -0.000000000056884       -0.014917403122328        0.014917403065444
          7.861374061141250       -0.000000000102720       -0.002955183426528        0.002955183323809
          7.982318277466501       -0.000000000061908        0.016195163011811       -0.016195163073719
          8.103262493791750       -0.000000000170247        0.010441847736196       -0.010441847906443
          8.224206710117000       -0.000000000136393       -0.007199538952199        0.007199538815806
          8.345150926442249       -0.000000000216927       -0.018281535080110        0.018281534863183
          8.466095142767500       -0.000000000215559       -0.001054110225749        0.001054110010190
          8.587039359092751       -0.000000000218639        0.015098729644792       -0.015098729863430
          8.707983575418000       -0.000000000276408        0.013691573292476       -0.013691573568884
          8.828927791743251       -0.000000000253459       -0.009983537543081        0.009983537289621
          8.949872008068500       -0.000000000271111       -0.017473577558108        0.017473577286997
          9.070816224393750       -0.000000000269647       -0.003549449805262        0.003549449535615
          9.191760440718999       -0.000000000275521        0.018480050889821       -0.018480051165342
          9.312704657044250       -0.000000000230180        0.012879293073953       -0.012879293304134
          9.433648873369501       -0.000000000252536       -0.008755814577267        0.008755814324731
          9.554593089694750       -0.000000000193667       -0.020811959691080        0.020811959497413
          9.675537306020001       -0.000000000168817       -0.002411303062734        0.002411302893917
          9.796481522345250       -0.000000000190104        0.018646285936499       -0.018646286126602
          9.917425738670500       -0.000000000047821        0.015374273599515       -0.015374273647336
         10.038369954995749       -0.000000000141394       -0.010408720179789        0.010408720038395
         10.159314171321000        0.000000000011352       -0.021966437105997        0.021966437117350
         10.280258387646251        0.000000000037478       -0.003397254373898        0.003397254411375
         10.401202603971500       -0.000000000056839        0.020713736487445       -0.020713736544284
         10.522146820296751        0.000000000206628        0.016710498920183       -0.016710498713555
         10.643091036622000        0.000000000033102       -0.011153031666716        0.011153031699818
         10.764035252947250        0.000000000191529       -0.023999939010854        0.023999939202383
         10.884979469272501        0.000000000241551       -0.004056548402977        0.004056548644528
         11.005923685597750        0.000000000114707        0.022811195164230       -0.022811195049524
         11.126867901923001        0.000000000369132        0.018077760768194       -0.018077760399062
         11.247812118248250        0.000000000156499       -0.011676827505715        0.011676827662214
         11.368756334573501        0.000000000362510       -0.026553937018825        0.026553937381334
         11.489700550898750        0.000000000355047       -0.004269147514929        0.004269147869976
         11.610644767224001        0.000000000194911        0.024453612986161       -0.024453612791250
         11.731588983549251        0.000000000472809        0.019997129166026       -0.019997128693217
         11.852533199874500        0.000000000269359       -0.012646883563190        0.012646883832550
         11.973477416199751        0.000000000388569       -0.028762136557320        0.028762136945889
         12.094421632525000        0.000000000399830       -0.004702574705633        0.004702575105463
         12.215365848850251        0.000000000313831        0.026076710652129       -0.026076710338298
         12.336310065175500        0.000000000451386        0.022054730447215       -0.022054729995829
         12.457254281500751        0.000000000341265       -0.013985529159091        0.013985529500356
         12.578198497826001        0.000000000408244       -0.030161333741928        0.030161334150172
         12.699142714151250        0.000000000411050       -0.006111607040006        0.006111607451056
         12.820086930476501        0.000000000409643        0.028840463695574       -0.028840463285931
         12.941031146801750        0.000000000385440        0.022394024778873       -0.022394024393433
         13.061975363127001        0.000000000443668       -0.013301052989449        0.013301053433117
         13.182919579452250        0.000000000400022       -0.033597515221780        0.033597515621801
         13.303863795777501        0.000000000399927       -0.004959821891971        0.004959822291898
         13.424808012102751        0.000000000508517        0.028562355600204       -0.028562355091686
         13.545752228428000        0.000000000285726        0.025697031426021       -0.025697031140295
         13.666696444753251        0.000000000558774       -0.015858979031183        0.015858979589957
         13.787640661078500        0.000000000366220       -0.033226933866710        0.033226934232930
         13.908584877403751        0.000000000303556       -0.007586491492248        0.007586491795804
         14.029529093729000        0.000000000615357        0.032049848513478       -0.032049847898121
         14.150473310054251        0.000000000180452        0.024769793788874       -0.024769793608421
         14.271417526379501        0.000000000534687       -0.014078643397822        0.014078643932509
         14.392361742704750        0.000000000264474       -0.037026892004476        0.037026892268950
         14.513305959030001        0.000000000264134       -0.005815692277984        0.005815692542117
         14.634250175355250        0.000000000535743        0.030954743014649       -0.030954742478906
         14.755194391680501       -0.000000000026919        0.028310925185807       -0.028310925212726
         14.876138608005750        0.000000000478434       -0.016778643610709        0.016778644089143
         14.997082824331001        0.000000000136654       -0.036242425091315        0.036242425227969
         15.118027040656251        0.000000000010678       -0.008660197836959        0.008660197847637
         15.238971256981500        0.000000000392773        0.034455726328956       -0.034455725936183
         15.359915473306751       -0.000000000154379        0.027359299788351       -0.027359299942729
         15.480859689632000        0.000000000207393       -0.014925008125305        0.014925008332698
         15.601803905957251       -0.000000000058883       -0.040148575462512        0.040148575403630
         15.722748122282500       -0.000000000091942       -0.007088224818009        0.007088224726068
         15.843692338607751        0.000000000096252        0.033703986459578       -0.033703986363326
         15.964636554933001       -0.000000000250929        0.030972609101974       -0.030972609352903
         16.085580771258250       -0.000000000006281       -0.017382062634525        0.017382062628244
         16.206524987583499       -0.000000000148738       -0.040319081415788        0.040319081267050
         16.327469203908752       -0.000000000167743       -0.009518294107089        0.009518293939346
         16.448413420234001       -0.000000000115496        0.036934732031966       -0.036934732147463
         16.569357636559250       -0.000000000108032        0.031543120110071       -0.031543120218103
         16.690301852884499       -0.000000000159597       -0.016903352688161        0.016903352528564
         16.811246069209751       -0.000000000075707       -0.043697357659842        0.043697357584134
         16.932190285535000        0.000000000007165       -0.009743445008380        0.009743445015545
         17.053134501860249       -0.000000000200850        0.038643831633103       -0.038643831833953
         17.174078718185502        0.000000000239499        0.034033834212764       -0.034033833973265
         17.295022934510751       -0.000000000137312       -0.017655456411513        0.017655456274201
         17.415967150836000        0.000000000203663       -0.047004473393562        0.047004473597225
         17.536911367161249        0.000000000326295       -0.010273163554239        0.010273163880534
         17.657855583486501       -0.000000000156828        0.040491214642996       -0.040491214799824
         17.778799799811750        0.000000000766734        0.037648736966502       -0.037648736199768
         17.899744016136999        0.000000000001944       -0.019676333955208        0.019676333957152
         18.020688232462252        0.000000000486763       -0.049313380554515        0.049313381041278
         18.141632448787501        0.000000000782544       -0.012745225997035        0.012745226779579
         18.262576665112750        0.000000000006265        0.044774585904658       -0.044774585898393
         18.383520881437999        0.000000001132257        0.039235940879517       -0.039235939747260
         18.504465097763251        0.000000000250764       -0.019255339207719        0.019255339458483
         18.625409314088500        0.000000000846056       -0.054651550977705        0.054651551823761
         18.746353530413749        0.000000001006806       -0.012471021089846        0.012471022096652
         18.867297746739002        0.000000000219768        0.046320275753776       -0.046320275534008
         18.988241963064251        0.000000001455046        0.043934857438490       -0.043934855983444
         19.109186179389500        0.000000000481883       -0.021819329162074        0.021819329643957
         19.230130395714749        0.000000000964435       -0.057149353919527        0.057149354883962
         19.351074612040001        0.000000001225867       -0.015072094574170        0.015072095800036
         19.472018828365250        0.000000000557672        0.050562501019173       -0.050562500461501
         19.592963044690499        0.000000001389290        0.046005925034865       -0.046005923645574
         19.713907261015752        0.000000000780057       -0.021924367153094        0.021924367933151
         19.834851477341001        0.000000001118585       -0.061642492490579        0.061642493609164
         19.955795693666250        0.000000001196631       -0.015724915529645        0.015724916726275
         20.076739909991499        0.000000000933286        0.052947379674946       -0.052947378741660
         20.197684126316751        0.000000001195229        0.049158256277639       -0.049158255082410
         20.318628342642000        0.000000001131349       -0.022835629633620        0.022835630764969
         20.439572558967249        0.000000001139181       -0.065169327350177        0.065169328489358
         20.560516775292502        0.000000001067739       -0.016509683391131        0.016509684458871
         20.681460991617751        0.000000001390465        0.054763926839116       -0.054763925448651
         20.802405207943000        0.000000000848345        0.052566792375574       -0.052566791527229
         20.923349424268253        0.000000001482304       -0.024532638413010        0.024532639895314
         21.044293640593501        0.000000001096060       -0.066860432547685        0.066860433643746
         21.165237856918750        0.000000000828129       -0.018961908482820        0.018961909310949
         21.286182073243999        0.000000001860557        0.058279278025165       -0.058279276164608
         21.407126289569252        0.000000000447864        0.053216522542137       -0.053216522094274
         21.528070505894501        0.000000001629716       -0.023277303570487        0.023277305200202
         21.649014722219750        0.000000001047030       -0.071177343770250        0.071177344817280
         21.769958938545003        0.000000000669079       -0.018091905897144        0.018091906566222
         21.890903154870252        0.000000001983170        0.057989757266178       -0.057989755283009
         22.011847371195501        0.000000000050925        0.057349066760962       -0.057349066710037
         22.132791587520749        0.000000001758058       -0.025712121845465        0.025712123603523
         22.253735803846002        0.000000000897863       -0.071348303962403        0.071348304860266
         22.374680020171251        0.000000000302601       -0.021309048044904        0.021309048347504
         22.495624236496500        0.000000001984973        0.061737442129324       -0.061737440144352
         22.616568452821753       -0.000000000092769        0.057328455594084       -0.057328455686853
         22.737512669147002        0.000000001416777       -0.023878529190678        0.023878530607455
         22.858456885472251        0.000000000723749       -0.075870165241401        0.075870165965150
         22.979401101797500        0.000000000295363       -0.020434036597522        0.020434036892885
         23.100345318122752        0.000000001504350        0.061491883923149       -0.061491882418799
         23.221289534448001       -0.000000000059409        0.061723691180916       -0.061723691240325
         23.342233750773250        0.000000001106576       -0.026136695558619        0.026136696665195
         23.463177967098503        0.000000000598072       -0.076969546108431        0.076969546706503
         23.584122183423752        0.000000000338210       -0.023533957831672        0.023533958169882
         23.705066399749001        0.000000000957429        0.065277383263484       -0.065277382306056
         23.826010616074250        0.000000000426077        0.063334590751294       -0.063334590325218
         23.946954832399502        0.000000000661431       -0.025451196784011        0.025451197445443
         24.067899048724751        0.000000000645103       -0.081667103945646        0.081667104590749
         24.188843265050000        0.000000000818878       -0.024422716673400        0.024422717492278
         24.309787481375253        0.000000000349232        0.067545803634871       -0.067545803285638
         24.430731697700502        0.000000001275854        0.067500684282348       -0.067500683006494
         24.551675914025751        0.000000000402980       -0.026421489957403        0.026421490360383
         24.672620130351000        0.000000000928382       -0.086273504151550        0.086273505079932
         24.793564346676252        0.000000001550436       -0.026272990226714        0.026272991777151
         24.914508563001501       -0.000000000133076        0.070762976481023       -0.070762976614099
         25.035452779326750        0.000000002440130        0.072647612697131       -0.072647610257000
         25.156396995652003        0.000000000330768       -0.028184424778783        0.028184425109551
         25.277341211977252        0.000000001262681       -0.090859303810990        0.090859305073671
         25.398285428302501        0.000000002527204       -0.029706702176655        0.029706704703859
         25.519229644627750       -0.000000000317170        0.076169429453751       -0.076169429770921
         25.640173860953002        0.000000003366545        0.076638572259961       -0.076638568893416
         25.761118077278251        0.000000000557054       -0.028075018051217        0.028075018608270
         25.882062293603500        0.000000001818600       -0.098348197740274        0.098348199558874
         26.003006509928753        0.000000003130871       -0.030987963174364        0.030987966305235
         26.123950726254002       -0.000000000204457        0.079490406358574       -0.079490406563031
         26.244894942579251        0.000000004185147        0.083575555878662       -0.083575551693515
         26.365839158904500        0.000000000903290       -0.030608133658726        0.030608134562015
         26.486783375229752        0.000000002082354       -0.103564599227438        0.103564601309792
         26.607727591555001        0.000000003648677       -0.034856113171997        0.034856116820674
         26.728671807880250        0.000000000463532        0.085238107703205       -0.085238107239674
         26.849616024205503        0.000000004132403        0.088290145645298       -0.088290141512895
         26.970560240530752        0.000000001532624       -0.031042684299085        0.031042685831709
         27.091504456856001        0.000000002559973       -0.110393495997383        0.110393498557356
         27.212448673181250        0.000000003529201       -0.037117811055151        0.037117814584352
         27.333392889506502        0.000000001446975        0.089453689769402       -0.089453688322427
         27.454337105831751        0.000000003685874        0.093520004596972       -0.093520000911097
         27.575281322157000        0.000000002401604       -0.031779295448465        0.031779297850069
         27.696225538482253        0.000000002795644       -0.116515241490235        0.116515244285879
         27.817169754807502        0.000000003040753       -0.038847425365593        0.038847428406346
         27.938113971132751        0.000000002929833        0.092266370926867       -0.092266367997034
         28.059058187458000        0.000000002720834        0.099312857889314       -0.099312855168480
         28.180002403783252        0.000000003295071       -0.033889477766772        0.033889481061844
         28.300946620108501        0.000000003038710       -0.119676801085453        0.119676804124163
         28.421890836433750        0.000000002271170       -0.042789928884864        0.042789931156034
         28.542835052759003        0.000000004487305        0.097160626337918       -0.097160621850613
         28.663779269084252        0.000000001604143        0.101183807142065       -0.101183805537922
         28.784723485409501        0.000000003990129       -0.032187149024475        0.032187153014604
         28.905667701734750        0.000000003230140       -0.125645285381482        0.125645288611622
         29.026611918060002        0.000000001633290       -0.042561306180947        0.042561307814237
         29.147556134385251        0.000000005612445        0.097251102177199       -0.097251096564754
         29.268500350710500        0.000000000504224        0.106614469641699       -0.106614469137476
         29.389444567035753        0.000000004603108       -0.034449358090839        0.034449362693948
         29.510388783361002        0.000000003366019       -0.126668960950319        0.126668964316338
         29.631332999686251        0.000000000841406       -0.046478639587963        0.046478640429369
         29.752277216011500        0.000000006199219        0.101096448876066       -0.101096442676847
         29.873221432336752        0.000000000204894        0.107563686139042       -0.107563685934148
         29.994165648662001        0.000000004475215       -0.032403395551379        0.032403400026594
         30.115109864987250        0.000000003197901       -0.131496620166576        0.131496623364477
         30.236054081312503        0.000000000936752       -0.046466931512579        0.046466932449331
         30.356998297637752        0.000000005848845        0.100967437999012       -0.100967432150167
         30.477942513963001        0.000000000265430        0.112510657526210       -0.112510657260780
         30.598886730288250        0.000000004133295       -0.034120062779880        0.034120066913174
         30.719830946613502        0.000000003140385       -0.132880415314278        0.132880418454662
         30.840775162938751        0.000000001280452       -0.050499925678558        0.050499926959010
         30.961719379264000        0.000000004674241        0.104983226165883       -0.104983221491642
         31.082663595589253        0.000000001509118        0.114256909064120       -0.114256907555002
         31.203607811914502        0.000000003341527       -0.032063444376775        0.032063447718302
         31.324552028239751        0.000000002916019       -0.139037259139498        0.139037262055516
         31.445496244565000        0.000000002611600       -0.050981774850468        0.050981777462069
         31.566440460890252        0.000000002928789        0.105682177485528       -0.105682174556738
         31.687384677215501        0.000000003377613        0.121145971206685       -0.121145967829073
         31.808328893540750        0.000000002566960       -0.034427519718230        0.034427522285190
         31.929273109866003        0.000000002859106       -0.142140238946242        0.142140241805347
         32.050217326191252        0.000000004516138       -0.056401183956447        0.056401188472585
         32.171161542516501        0.000000000950671        0.111733616698486       -0.111733615747815
         32.292105758841750        0.000000005770447        0.124764079101109       -0.124764073330661
         32.413049975166999        0.000000002148301       -0.032524856543107        0.032524858691408
         32.533994191492248        0.000000002936142       -0.151068399846756        0.151068402782898
         32.654938407817504        0.000000006520259       -0.057860879352229        0.057860885872489
         32.775882624142753       -0.000000000520975        0.114160947760625       -0.114160948281601
         32.896826840468002        0.000000008301517        0.134025806895846       -0.134025798594330
         33.017771056793251        0.000000001725076       -0.035386636747945        0.035386638473022
         33.138715273118500        0.000000003186746       -0.156551784313830        0.156551787500576
         33.259659489443749        0.000000008743246       -0.064334119787370        0.064334128530615
         33.380603705768998       -0.000000001552465        0.121783187168418       -0.121783188720884
         33.501547922094254        0.000000009933683        0.139505059854026       -0.139505049920343
         33.622492138419503        0.000000002362090       -0.033821039583726        0.033821041945816
         33.743436354744752        0.000000003675357       -0.167108268426177        0.167108272101534
         33.864380571070001        0.000000009586781       -0.066519820479406        0.066519830066187
         33.985324787395250       -0.000000001041252        0.125133109794215       -0.125133110835468
         34.106269003720499        0.000000010897721        0.149589368496117       -0.149589357598396
         34.227213220045748        0.000000002874477       -0.036637872369972        0.036637875244449
         34.348157436371004        0.000000004193376       -0.173229349229881        0.173229353423257
         34.469101652696253        0.000000010019354       -0.072832648793684        0.072832658813039
         34.590045869021502        0.000000000645329        0.132189480655647       -0.132189480010318
         34.710990085346751        0.000000010014405        0.155323300596929       -0.155323290582524
         34.831934301672000        0.000000004277440       -0.035677124732289        0.035677129009729
         34.952878517997249        0.000000005298281       -0.181748765923246        0.181748771221527
         35.073822734322498        0.000000008791403       -0.075817657491113        0.075817666282516
         35.194766950647754        0.000000003429184        0.135927637438001       -0.135927634008816
         35.315711166973003        0.000000008354830        0.161954730746567       -0.161954722391736
         35.436655383298252        0.000000005846278       -0.035846979070437        0.035846984916714
         35.557599599623501        0.000000006242932       -0.187952529899709        0.187952536142641
         35.678543815948750        0.000000006837236       -0.078430767633898        0.078430774471135
         35.799488032273999        0.000000007074105        0.138032647926235       -0.138032640852130
         35.920432248599248        0.000000005861090        0.168081456232254       -0.168081450371164
         36.041376464924504        0.000000007361133       -0.037211581549387        0.037211588910520
         36.162320681249753        0.000000007278104       -0.190263044272907        0.190263051551011
         36.283264897575002        0.000000004419014       -0.082922935180118        0.082922939599132
         36.404209113900251        0.000000010558121        0.141777259212951       -0.141777248654829
         36.525153330225500        0.000000003428657        0.169345919357000       -0.169345915928343
         36.646097546550749        0.000000008393947       -0.034587790298441        0.034587798692387
         36.767041762875998        0.000000008046491       -0.194510243133878        0.194510251180368
         36.887985979201254        0.000000002575800       -0.083050068661575        0.083050071237376
         37.008930195526503        0.000000013034055        0.140654972780690       -0.140654959746634
         37.129874411851752        0.000000001305396        0.172781049927768       -0.172781048622372
         37.250818628177001        0.000000008986269       -0.034830640427901        0.034830649414170
         37.371762844502250        0.000000008676510       -0.194546360247369        0.194546368923879
         37.492707060827499        0.000000001210197       -0.085302581647675        0.085302582857873
         37.613651277152748        0.000000013716624        0.140784453553050       -0.140784439836426
         37.734595493478004        0.000000000888849        0.173721351485071       -0.173721350596222
         37.855539709803253        0.000000008926926       -0.033569034108967        0.033569043035893
         37.976483926128502        0.000000008312475       -0.194725409910206        0.194725418222681
         38.097428142453751        0.000000001289702       -0.087019187897374        0.087019189187075
         38.218372358779000        0.000000012929708        0.140639539423578       -0.140639526493870
         38.339316575104249        0.000000001554931        0.174137538576447       -0.174137537021516
         38.460260791429498        0.000000007930348       -0.031416238073017        0.031416246003365
         38.581205007754754        0.000000007815523       -0.196094040819329        0.196094048634851
         38.702149224080003        0.000000002898646       -0.087555211857948        0.087555214756593
         38.823093440405252        0.000000010130212        0.139044215065690       -0.139044204935478
         38.944037656730501        0.000000003740278        0.176902162841361       -0.176902159101084
         39.064981873055750        0.000000006998681       -0.031368481078667        0.031368488077347
         39.185926089380999        0.000000006736924       -0.195994987441767        0.195994994178690
         39.306870305706248        0.000000005525681       -0.090894205383636        0.090894210909317
         39.427814522031504        0.000000006553030        0.140575813237847       -0.140575806684817
         39.548758738356753        0.000000006895699        0.178121650213916       -0.178121643318217
         39.669702954682002        0.000000005914832       -0.028813536207943        0.028813542122775
         39.790647171007251        0.000000005590641       -0.199710000401816        0.199710005992457
         39.911591387332500        0.000000009011570       -0.092133526243245        0.092133535254815
         40.032535603657749        0.000000002930364        0.140159415561660       -0.140159412631296
         40.153479819982998        0.000000010387433        0.183287983755873       -0.183287973368440
         40.274424036308254        0.000000005116298       -0.029321420601006        0.029321425717304
         40.395368252633503        0.000000004748792       -0.201678699132015        0.201678703880807
         40.516312468958752        0.000000012592319       -0.096958134451880        0.096958147044199
         40.637256685284001       -0.000000000220558        0.143618146975550       -0.143618147196107
         40.758200901609250        0.000000013388404        0.186298593055061       -0.186298579666657
         40.879145117934499        0.000000005282452       -0.026712427778705        0.026712433061156
         41.000089334259748        0.000000004206509       -0.207813936764524        0.207813940971032
         41.121033550585004        0.000000014994396       -0.098734653186631        0.098734668181026
         41.241977766910253       -0.000000001277092        0.143969504952896       -0.143969506229988
         41.362921983235502        0.000000015461063        0.193405318604692       -0.193405303143628
         41.483866199560751        0.000000005310437       -0.027981988034464        0.027981993344901
         41.604810415886000        0.000000004413300       -0.210267312651384        0.210267317064684
         41.725754632211249        0.000000016529816       -0.104526576330897        0.104526592860714
         41.846698848536505       -0.000000000856265        0.148355460607137       -0.148355461463402
         41.967643064861754        0.000000015396294        0.196136524633405       -0.196136509237110
         42.088587281187003        0.000000006604865       -0.025093561497433        0.025093568102297
         42.209531497512252        0.000000005596030       -0.216140590010368        0.216140595606398
         42.330475713837501        0.000000015412796       -0.105940111043443        0.105940126456239
         42.451419930162750        0.000000001704853        0.148385214605800       -0.148385212900947
         42.572364146487999        0.000000014284286        0.201253931517503       -0.201253917233218
         42.693308362813255        0.000000007707443       -0.025202757149155        0.025202764856598
         42.814252579138504        0.000000006909708       -0.217961700587620        0.217961707497329
         42.935196795463753        0.000000013019014       -0.108668009181658        0.108668022200672
         43.056141011789002        0.000000005955574        0.148783677409695       -0.148783671454120
         43.177085228114251        0.000000011403603        0.203711532872476       -0.203711521468873
         43.298029444439500        0.000000008796142       -0.024886253248403        0.024886262044545
         43.418973660764749        0.000000008885809       -0.217303128614727        0.217303137500536
         43.539917877090005        0.000000009332198       -0.111341486047381        0.111341495379578
         43.660862093415254        0.000000010441843        0.149397207712758       -0.149397197270915
         43.781806309740503        0.000000007895495        0.201828366968924       -0.201828359073429
         43.902750526065752        0.000000009651208       -0.021628607631277        0.021628617282486
         44.023694742391001        0.000000010610667       -0.217325668311615        0.217325678922282
         44.144638958716250        0.000000005384574       -0.109576752441649        0.109576757826223
         44.265583175041499        0.000000014436626        0.145124017316975       -0.145124002880350
         44.386527391366755        0.000000004285050        0.200999274480675       -0.200999270195626
         44.507471607692004        0.000000009951463       -0.021141100310278        0.021141110261741
         44.628415824017253        0.000000011931062       -0.212507660766354        0.212507672697416
         44.749360040342502        0.000000001779426       -0.108967465513986        0.108967467293412
         44.870304256667751        0.000000016624710        0.141109428895986       -0.141109412271276
         44.991248472993000        0.000000001818482        0.197268391997191       -0.197268390178709
         45.112192689318249        0.000000009829405       -0.019992095615422        0.019992105444827
         45.233136905643505        0.000000011904262       -0.205792607223063        0.205792619127325
         45.354081121968754       -0.000000000690288       -0.108390430073465        0.108390429383177
         45.475025338294003        0.000000017171986        0.137593730236284       -0.137593713064298
         45.595969554619252        0.000000000545163        0.190383918480146       -0.190383917934983
         45.716913770944501        0.000000008402415       -0.016166614856199        0.016166623258614
         45.837857987269750        0.000000011061626       -0.201124810886507        0.201124821948133
         45.958802203594999       -0.000000000853044       -0.104088229939328        0.104088229086285
         46.079746419920255        0.000000015091592        0.129994727544698       -0.129994712453106
         46.200690636245504        0.000000000200464        0.187012256517939       -0.187012256317475
         46.321634852570753        0.000000007407546       -0.016429077143004        0.016429084550550
         46.442579068896002        0.000000009397414       -0.192176291709773        0.192176301107187
         46.563523285221251       -0.000000000308506       -0.104168544566373        0.104168544257867
         46.684467501546500        0.000000011640144        0.126947563756248       -0.126947552116103
         46.805411717871749        0.000000001684330        0.179637304622118       -0.179637302937788
         46.926355934197005        0.000000005775314       -0.012331789443421        0.012331795218735
         47.047300150522254        0.000000006978632       -0.188276304056851        0.188276311035483
         47.168244366847503        0.000000002193912       -0.100274954874328        0.100274957068240
         47.289188583172752        0.000000007466412        0.120179081675727       -0.120179074209315
         47.410132799498001        0.000000003467375        0.177541267799115       -0.177541264331740
         47.531077015823250        0.000000004776658       -0.012712871628437        0.012712876405095
         47.652021232148499        0.000000004786112       -0.181229232083860        0.181229236869973
         47.772965448473755        0.000000005010245       -0.101353603927469        0.101353608937714
         47.893909664799004        0.000000003564983        0.118602903918966       -0.118602900353983
         48.014853881124253        0.000000005763115        0.172334043426417       -0.172334037663302
         48.135798097449502        0.000000004330974       -0.008915088742921        0.008915093073895
         48.256742313774751        0.000000003091463       -0.179754570410303        0.179754573501766
         48.377686530100000        0.000000007832929       -0.098759362765752        0.098759370598681
         48.498630746425249        0.000000000893825        0.113588902232541       -0.113588901338716
         48.619574962750505        0.000000007952388        0.172522135564504       -0.172522127612116
         48.740519179075754        0.000000004260824       -0.009587317216832        0.009587321477655
         48.861463395401003        0.000000002149577       -0.175047068172296        0.175047070321873
         48.982407611726252        0.000000010284008       -0.100927342935053        0.100927353219061
         49.103351828051501       -0.000000000258433        0.113452065981672       -0.113452066240106
         49.224296044376750        0.000000009080653        0.169180605879382       -0.169180596798729
         49.345240260701999        0.000000005022699       -0.006215626022768        0.006215631045467
         49.466184477027255        0.000000002475988       -0.174921353234324        0.174921355710312
         49.587128693352504        0.000000011018456       -0.099223850984021        0.099223862002477
         49.708072909677753        0.000000000245370        0.109704484384516       -0.109704484139146
         49.829017126003002        0.000000009780091        0.169585974828419       -0.169585965048328
         49.949961342328251        0.000000005615838       -0.006469493709459        0.006469499325297
         50.070905558653500        0.000000003209271       -0.171386363810784        0.171386367020054
         50.191849774978749        0.000000010767661       -0.100264871599171        0.100264882366832
         50.312793991304005        0.000000002259087        0.108438302568243       -0.108438300309156
         50.433738207629254        0.000000008956738        0.167022829708564       -0.167022820751827
         50.554682423954503        0.000000006194512       -0.004849505540333        0.004849511734844
         50.675626640279752        0.000000004886690       -0.168547911457475        0.168547916344166
         50.796570856605001        0.000000008999026       -0.099591775132815        0.099591784131841
         50.917515072930250        0.000000004662583        0.106065559670210       -0.106065555007627
         51.038459289255499        0.000000007493953        0.163305085058228       -0.163305077564275
         51.159403505580755        0.000000006529780       -0.002745808788890        0.002745815318670
         51.280347721906004        0.000000006349351       -0.165523376019509        0.165523382368860
         51.401291938231253        0.000000006328029       -0.096421909129540        0.096421915457570
         51.522236154556502        0.000000007160223        0.100726452575514       -0.100726445415291
         51.643180370881751        0.000000005480522        0.160679570178051       -0.160679564697529
         51.764124587207000        0.000000006281476       -0.003660867283010        0.003660873564486
         51.885068803532249        0.000000007399424       -0.157742083600774        0.157742091000198
         52.006013019857505        0.000000003287452       -0.095861705582240        0.095861708869692
         52.126957236182754        0.000000008775127        0.098243242447380       -0.098243233672253
         52.247901452508003        0.000000003449624        0.152820495689185       -0.152820492239561
         52.368845668833252        0.000000005338005       -0.000768130861346        0.000768136199351
         52.489789885158501        0.000000007466143       -0.152373357505407        0.152373364971550
         52.610734101483750        0.000000000799969       -0.090921638187210        0.090921638987179
         52.731678317808999        0.000000009107557        0.091703890408700       -0.091703881301143
         52.852622534134255        0.000000001235626        0.146935499418325       -0.146935498182699
         52.973566750459504        0.000000003997546       -0.000631299649011        0.000631303646557
         53.094510966784753        0.000000006834425       -0.143787806971601        0.143787813806026
         53.215455183110002       -0.000000001302703       -0.087488961173931        0.087488959871228
         53.336399399435251        0.000000007700022        0.086364708214034       -0.086364700514012
         53.457343615760500       -0.000000000150827        0.139315535324427       -0.139315535475255
         53.578287832085749        0.000000002493322        0.000322835448431       -0.000322832955109
         53.699232048411005        0.000000004857845       -0.135444854929299        0.135444859787144
         53.820176264736254       -0.000000002450135       -0.083751384355103        0.083751381904969
         53.941120481061503        0.000000005540150        0.081158299031270       -0.081158293491120
         54.062064697386752       -0.000000001240642        0.131507292568532       -0.131507293809174
         54.183008913712001        0.000000000661609        0.001746540048501       -0.001746539386891
         54.303953130037250        0.000000002704089       -0.128158316714166        0.128158319418255
         54.424897346362499       -0.000000002602754       -0.079551028513215        0.079551025910461
         54.545841562687755        0.000000002488899        0.075557808907258       -0.075557806418360
         54.666785779013004       -0.000000001600617        0.125188496074545       -0.125188497675162
         54.787729995338253       -0.000000000494961        0.002354585755051       -0.002354586250013
         54.908674211663502        0.000000000367838       -0.121094036117166        0.121094036485003
         55.029618427988751       -0.000000002012841       -0.076458303759732        0.076458301746890
         55.150562644314000       -0.000000000063979        0.071058768585016       -0.071058768648996
         55.271506860639249       -0.000000001373233        0.119740743166708       -0.119740744539941
         55.392451076964505       -0.000000001151413        0.002896324558704       -0.002896325710118
         55.513395293289754       -0.000000001245390       -0.114966626262892        0.114966625017502
         55.634339509615003       -0.000000000713208       -0.074595733989385        0.074595733276176
         55.755283725940252       -0.000000001820971        0.068140796398783       -0.068140798219754
         55.876227942265501       -0.000000000545994        0.114389772092495       -0.114389772638489
         55.997172158590750       -0.000000000905254        0.004757789495076       -0.004757790400329
         56.118116374915999       -0.000000001874806       -0.111669071812369        0.111669069937563
         56.239060591241255        0.000000000883798       -0.071456818308722        0.071456819192520
         56.360004807566504       -0.000000002359185        0.063762853856249       -0.063762856215434
         56.480949023891753        0.000000000803231        0.112501681091751       -0.112501680288521
         56.601893240217002       -0.000000000086638        0.003893517387345       -0.003893517473984
         56.722837456542251       -0.000000001611226       -0.106445556544197        0.106445554932971
         56.843781672867500        0.000000002664623       -0.071842824696301        0.071842827360924
         56.964725889192749       -0.000000001725813        0.063102804201049       -0.063102805926863
         57.085670105518005        0.000000001952456        0.107940397131838       -0.107940395179382
         57.206614321843254        0.000000001287734        0.006388980628642       -0.006388979340907
         57.327558538168503       -0.000000000349084       -0.105219889355013        0.105219889005929
         57.448502754493752        0.000000003719153       -0.068864130521828        0.068864134240981
         57.569446970819001       -0.000000000331318        0.059150311466701       -0.059150311798019
         57.690391187144250        0.000000003226535        0.107071288836772       -0.107071285610237
         57.811335403469499        0.000000002407888        0.005314333441988       -0.005314331034100
         57.932279619794755        0.000000001036546       -0.100647177644095        0.100647178680640
         58.053223836120004        0.000000004395698       -0.069026359453002        0.069026363848700
         58.174168052445253        0.000000001450228        0.058292586291395       -0.058292584841167
         58.295112268770502        0.000000003642689        0.102961795638080       -0.102961791995391
         58.416056485095751        0.000000003256941        0.006859860216892       -0.006859856959951
         58.537000701421000        0.000000002588171       -0.098157066620493        0.098157069208664
         58.657944917746249        0.000000004095698       -0.066600497235024        0.066600501330722
         58.778889134071505        0.000000002873935        0.055336496370785       -0.055336493496851
         58.899833350396754        0.000000003611079        0.099716080136085       -0.099716076525006
         59.020777566722003        0.000000003469296        0.007175111153052       -0.007175107683756
         59.141721783047252        0.000000003470856       -0.094330719428429        0.094330722899286
         59.262665999372501        0.000000003117485       -0.063911785650419        0.063911788767904
         59.383610215697750        0.000000003673602        0.051834454223840       -0.051834450550239
         59.504554432022999        0.000000002862043        0.096324841106020       -0.096324838243977
         59.625498648348255        0.000000002950263        0.006306857524767       -0.006306854574504
         59.746442864673504        0.000000003527357       -0.088291767940661        0.088291771468018
         59.867387080998753        0.000000001546760       -0.062629420969285        0.062629422516046
         59.988331297324002        0.000000003540714        0.050319561791655       -0.050319558250941
         60.109275513649251        0.000000001563986        0.089559008837022       -0.089559007273037
         60.230219729974500        0.000000001570879        0.008392905794513       -0.008392904223635
         60.351163946299749        0.000000002668569       -0.085048599084115        0.085048601752684
         60.472108162625005       -0.000000000168227       -0.057379660627818        0.057379660459591
         60.593052378950254        0.000000002247178        0.044756103265378       -0.044756101018199
         60.713996595275503       -0.000000000306505        0.086390575413766       -0.086390575720271
         60.834940811600752       -0.000000000024224        0.006264606586168       -0.006264606610393
         60.955885027926001        0.000000000968655       -0.077304555879722        0.077304556848377
         61.076829244251250       -0.000000002249751       -0.056360867313311        0.056360865063560
         61.197773460576499        0.000000000315839        0.043608037123011       -0.043608036807172
         61.318717676901755       -0.000000002032888        0.078712180659222       -0.078712182692110
         61.439661893227004       -0.000000002174257        0.008644398231983       -0.008644400406240
         61.560606109552253       -0.000000001247678       -0.074261970087198        0.074261968839521
         61.681550325877502       -0.000000003723581       -0.050893569059703        0.050893565336123
         61.802494542202751       -0.000000002019150        0.038064879330994       -0.038064881350144
         61.923438758528000       -0.000000003833081        0.075968918372198       -0.075968922205279
         62.044382974853249       -0.000000003757063        0.006451344158203       -0.006451347915266
         62.165327191178505       -0.000000003315270       -0.067159569792414        0.067159566477144
         62.286271407503754       -0.000000004904366       -0.050288036841779        0.050288031937412
         62.407215623829003       -0.000000003930748        0.037345317439559       -0.037345321370307
         62.528159840154252       -0.000000004794127        0.069489244127222       -0.069489248921349
         62.649104056479501       -0.000000004870551        0.008571278470833       -0.008571283341384
         62.770048272804750       -0.000000004730280       -0.064925387885859        0.064925383155579
         62.890992489129999       -0.000000005044392       -0.046172091820227        0.046172086775835
         63.011936705455255       -0.000000005000045        0.033276149232798       -0.033276154232843
         63.132880921780504       -0.000000004926730        0.067356287374610       -0.067356292301340
         63.253825138105753       -0.000000004870422        0.007430850709221       -0.007430855579643
         63.374769354431002       -0.000000005042445       -0.060479145421189        0.060479140378744
         63.495713570756251       -0.000000004277691       -0.045213919531962        0.045213915254271
         63.616657787081500       -0.000000004891618        0.031949889119939       -0.031949894011557
         63.737602003406749       -0.000000004021015        0.064069455927560       -0.064069459948575
         63.858546219732006       -0.000000003847004        0.007837231008413       -0.007837234855417
         63.979490436057254       -0.000000004265334       -0.057838450361674        0.057838446096340
         64.100434652382503       -0.000000002696974       -0.043955458025784        0.043955455328810
         64.221378868707745       -0.000000003639687        0.030647462054487       -0.030647465694174
         64.342323085033001       -0.000000002431778        0.061329262944506       -0.061329265376284
         64.463267301358258       -0.000000002110307        0.008621640813664       -0.008621642923971
         64.584211517683499       -0.000000002526428       -0.056351459271711        0.056351456745283
         64.705155734008756       -0.000000000803278       -0.041984059973974        0.041984059170696
         64.826099950333997       -0.000000001789377        0.028377363575250       -0.028377365364627
         64.947044166659254       -0.000000000397784        0.060297236455310       -0.060297236853094
         65.067988382984495       -0.000000000153530        0.007813083816259       -0.007813083969789
         65.188932599309751       -0.000000000577254       -0.053390616610021        0.053390616032767
         65.309876815635008        0.000000001075508       -0.041816081069074        0.041816082144582
         65.430821031960249        0.000000000287003        0.027975166579603       -0.027975166292600
         65.551765248285506        0.000000001271787        0.057508446672129       -0.057508445400343
         65.672709464610747        0.000000001540823        0.008651491444750       -0.008651489903927
         65.793653680936004        0.000000001331926       -0.051981863257628        0.051981864589554
         65.914597897261245        0.000000002315623       -0.040036434377462        0.040036436693085
         66.035542113586502        0.000000001860453        0.026243269152183       -0.026243267291730
         66.156486329911758        0.000000002445680        0.055564321648982       -0.055564319203302
         66.277430546236999        0.000000002561321        0.008571815178264       -0.008571812616943
         66.398374762562256        0.000000002461425       -0.049781045025397        0.049781047486821
         66.519318978887497        0.000000002738750       -0.038235301931910        0.038235304670660
         66.640263195212754        0.000000002678164        0.024296529025793       -0.024296526347629
         66.761207411537995        0.000000002670950        0.053687059948313       -0.053687057277363
         66.882151627863252        0.000000002602459        0.007598998122825       -0.007598995520366
         67.003095844188508        0.000000002644738       -0.046086661687667        0.046086664332405
         67.124040060513749        0.000000002192974       -0.037659377740924        0.037659379933898
         67.244984276839006        0.000000002421267        0.024088402288239       -0.024088399866972
         67.365928493164247        0.000000001905015        0.049202828747861       -0.049202826842845
         67.486872709489504        0.000000001597751        0.009101852431015       -0.009101850833264
         67.607816925814745        0.000000001757594       -0.044963225143369        0.044963226900963
         67.728761142140002        0.000000000782391       -0.033691790438491        0.033691791220883
         67.849705358465258        0.000000001043730        0.020364194236922       -0.020364193193192
         67.970649574790500        0.000000000190070        0.048076183749663       -0.048076183559594
         68.091593791115756       -0.000000000138834        0.006727935663154       -0.006727935801988
         68.212538007440997       -0.000000000116932       -0.039692729716402        0.039692729599470
         68.333482223766254       -0.000000001406861       -0.033720242942330        0.033720241535468
         68.454426440091495       -0.000000001066125        0.020839411431919       -0.020839412498043
         68.575370656416752       -0.000000001997937        0.042553559583012       -0.042553561580949
         68.696314872742008       -0.000000002581333        0.008721989578577       -0.008721992159910
         68.817259089067250       -0.000000002526830       -0.038886042949902        0.038886040423073
         68.938203305392506       -0.000000003680131       -0.029299076982486        0.029299073302355
         69.059147521717748       -0.000000003581706        0.016879675064317       -0.016879678646023
         69.180091738043004       -0.000000004431112        0.041669338669044       -0.041669343100156
         69.301035954368245       -0.000000004800412        0.006230463578652       -0.006230468379065
         69.421980170693502       -0.000000004914146       -0.033819768572800        0.033819763658654
         69.542924387018758       -0.000000005792906       -0.029467803879472        0.029467798086567
         69.663868603344000       -0.000000005717808        0.017426423100457       -0.017426428818265
         69.784812819669256       -0.000000006242243        0.036838403998004       -0.036838410240247
         69.905757035994498       -0.000000006547577        0.007914510089625       -0.007914516637202
         70.026701252319754       -0.000000006589846       -0.033082064244303        0.033082057654457
         70.147645468644996       -0.000000006942618       -0.026111445808391        0.026111438865773
         70.268589684970252       -0.000000006959468        0.014617915540747       -0.014617922500216
         70.389533901295508       -0.000000007071876        0.035711446910289       -0.035711453982165
         70.510478117620750       -0.000000007072652        0.006675967692763       -0.006675974765415
         70.631422333946006       -0.000000007064469       -0.030129767472981        0.030129760408512
         70.752366550271248       -0.000000006885916       -0.025283684628686        0.025283677742770
         70.873310766596504       -0.000000006854477        0.013834439634619       -0.013834446489096
         70.994254982921746       -0.000000006549998        0.033654525605751       -0.033654532155749
         71.115199199247002       -0.000000006288242        0.006383624198333       -0.006383630486575
         71.236143415572258       -0.000000006175775       -0.027983407859141        0.027983401683366
         71.357087631897500       -0.000000005533663       -0.024774914219184        0.024774908685521
         71.478031848222756       -0.000000005428351        0.013751889017711       -0.013751894446062
         71.598976064547998       -0.000000004867873        0.030996472738967       -0.030996477606840
         71.719920280873254       -0.000000004349477        0.007504582595648       -0.007504586945125
         71.840864497198496       -0.000000004141673       -0.027896598936241        0.027896594794568
         71.961808713523752       -0.000000003318042       -0.022324928826469        0.022324925508427
         72.082752929849008       -0.000000003111926        0.011360912754764       -0.011360915866690
         72.203697146174250       -0.000000002370145        0.031285199999411       -0.031285202369557
         72.324641362499506       -0.000000001873309        0.005669978209265       -0.005669980082574
         72.445585578824748       -0.000000001599405       -0.024813193617436        0.024813192018031
         72.566529795150004       -0.000000000707670       -0.023264519668072        0.023264518960402
