#  GS molecular orbital populations, spin channel : 1
#          time (fs)            |   population (orb 1)       |    population (orb 2)      |           ...              |    population (orb N)      |
          0.118525331998745            2.000017450911113            0.000000434304868  
          0.239469548323995            2.000018271061994            0.000000034095816  
          0.360413764649245            2.000017782225638            0.000000752597156  
          0.481357980974495            2.000018460901020            0.000000111694741  
          0.602302197299745            2.000017263575493            0.000001155553752  
          0.723246413624995            2.000018077373920            0.000000000457503  
          0.844190629950245            2.000017381614986            0.000000170687169  
          0.965134846275495            2.000016386031778            0.000000462747144  
          1.086079062600745            2.000015885700837            0.000000090141304  
          1.207023278925995            2.000014844005350            0.000000099661967  
          1.327967495251245            2.000011678996964            0.000002084075820  
          1.448911711576495            2.000011748684176            0.000000695904048  
          1.569855927901745            2.000009481199879            0.000001522582075  
          1.690800144226995            2.000009155799159            0.000000301656869  
          1.811744360552245            2.000007657439965            0.000000159206703  
          1.932688576877495            2.000004462868587            0.000001634894152  
          2.053632793202745            2.000004051313480            0.000000271163604  
          2.174577009527995            2.000002159476097            0.000000347688866  
          2.295521225853245            1.999996236206271            0.000004429452170  
          2.416465442178495            1.999997080467242            0.000001735727186  
          2.537409658503745            1.999995973954697            0.000001008571585  
          2.658353874828995            1.999993591984358            0.000001589770488  
          2.779298091154245            1.999991906374706            0.000001515942184  
          2.900242307479495            1.999989282146129            0.000002444712555  
          3.021186523804745            1.999989212269095            0.000000909132001  
          3.142130740129995            1.999986947465355            0.000001665150275  
          3.263074956455245            1.999980462570637            0.000006747199383  
          3.384019172780495            1.999983215551353            0.000002721127404  
          3.504963389105745            1.999984606387693            0.000000205583823  
          3.625907605430995            1.999979964328798            0.000003873548702  
          3.746851821756245            1.999979061219262            0.000003955337619  
          3.867796038081495            1.999980054233844            0.000002318366064  
          3.988740254406745            1.999980056949620            0.000001863767016  
          4.109684470731995            1.999977372278158            0.000004272585773  
          4.230628687057245            1.999973062240475            0.000008486270063  
          4.351572903382495            1.999979067912358            0.000002587061001  
          4.472517119707745            1.999981610031897            0.000000350789987  
          4.593461336032996            1.999975019307761            0.000007425562018  
          4.714405552358246            1.999977411090144            0.000005692904018  
          4.835349768683495            1.999982157858757            0.000001798337148  
          4.956293985008745            1.999981195430272            0.000003795670144  
          5.077238201333995            1.999979028641030            0.000007139309964  
          5.198182417659245            1.999977658062456            0.000009828116841  
          5.319126633984495            1.999987373151120            0.000001588355187  
          5.440070850309746            1.999988623026926            0.000001938935304  
          5.561015066634996            1.999979677262085            0.000012568583581  
          5.681959282960245            1.999988090382142            0.000005918833352  
          5.802903499285495            1.999994502029134            0.000001359855945  
          5.923847715610745            1.999990176086151            0.000007592667646  
          6.044791931935995            1.999989422853801            0.000010250353869  
          6.165736148261245            1.999991344727583            0.000010234807273  
          6.286680364586495            2.000002326628387            0.000001175031884  
          6.407624580911745            1.999999307413551            0.000006079217804  
          6.528568797236995            1.999988796488923            0.000018388493222  
          6.649513013562244            2.000003424918808            0.000005482856892  
          6.770457229887494            2.000008874052645            0.000001694795675  
          6.891401446212745            1.999998491697364            0.000013626541579  
          7.012345662537995            1.999998936079286            0.000014563458205  
          7.133289878863245            2.000005768323198            0.000008976214582  
          7.254234095188495            2.000012975291698            0.000002902889208  
          7.375178311513745            2.000002438941957            0.000014392639400  
          7.496122527838994            1.999993735042891            0.000023833632376  
          7.617066744164244            2.000013661929133            0.000004478728105  
          7.738010960489495            2.000014259565937            0.000004308206792  
          7.858955176814745            1.999995844940149            0.000022940841038  
          7.979899393139995            2.000000434308125            0.000018329817841  
          8.100843609465246            2.000011869604466            0.000006712070344  
          8.221787825790495            2.000009048964727            0.000009212531106  
          8.342732042115745            1.999991782920767            0.000025933340610  
          8.463676258440994            1.999988902513735            0.000028051036167  
          8.584620474766245            2.000013240936777            0.000002831452086  
          8.705564691091494            2.000004560835023            0.000010507109262  
          8.826508907416745            1.999978300563213            0.000035563205908  
          8.947453123741996            1.999994160247053            0.000018331840867  
          9.068397340067245            2.000006447114231            0.000004616036689  
          9.189341556392495            1.999986686042417            0.000022869705005  
          9.310285772717744            1.999970793534474            0.000037088797838  
          9.431229989042995            1.999978348491456            0.000027776056321  
          9.552174205368244            2.000000991086511            0.000003399809303  
          9.673118421693495            1.999982121743847            0.000020488881477  
          9.794062638018746            1.999954612178418            0.000046117134847  
          9.915006854343995            1.999984285507301            0.000014576483352  
         10.035951070669245            1.999992228088958            0.000004860424234  
         10.156895286994494            1.999953706993199            0.000041611226170  
         10.277839503319745            1.999949175114713            0.000044338508151  
         10.398783719644994            1.999971279693934            0.000020544569253  
         10.519727935970245            1.999981374562076            0.000008923417513  
         10.640672152295496            1.999955526324206            0.000033272742517  
         10.761616368620745            1.999939973449563            0.000047373541496  
         10.882560584945995            1.999976440104723            0.000009666618616  
         11.003504801271244            1.999973784516432            0.000011276759326  
         11.124449017596495            1.999925703186305            0.000058376428410  
         11.245393233921744            1.999938576390818            0.000044636764439  
         11.366337450246995            1.999971744586914            0.000010876212217  
         11.487281666572246            1.999963395858778            0.000018849679222  
         11.608225882897495            1.999937345916211            0.000044588758731  
         11.729170099222745            1.999941670428943            0.000040123726350  
         11.850114315547994            1.999975735402149            0.000006234634499  
         11.971058531873245            1.999958051592179            0.000024282669035  
         12.092002748198494            1.999912468220205            0.000070297273856  
         12.212946964523745            1.999946323445283            0.000037066984953  
         12.333891180848996            1.999979269814132            0.000005046372740  
         12.454835397174245            1.999952631865255            0.000032761114832  
         12.575779613499495            1.999936089767134            0.000050404577155  
         12.696723829824744            1.999957809011740            0.000029970337343  
         12.817668046149995            1.999981421348451            0.000007912999142  
         12.938612262475244            1.999949144500313            0.000041810515035  
         13.059556478800495            1.999914299227488            0.000078252597821  
         13.180500695125746            1.999968512872807            0.000025779896017  
         13.301444911450995            1.999990483892726            0.000005739440081  
         13.422389127776245            1.999947670246963            0.000050464474222  
         13.543333344101494            1.999947466867844            0.000052470302926  
         13.664277560426745            1.999981821904739            0.000020002898230  
         13.785221776751994            1.999986061801601            0.000017771010766  
         13.906165993077245            1.999940114758691            0.000065592495824  
         14.027110209402496            1.999925729922125            0.000081669459418  
         14.148054425727745            1.999993609581086            0.000015513867703  
         14.268998642052996            1.999995379252308            0.000015496189880  
         14.389942858378244            1.999940878215370            0.000071522949239  
         14.510887074703495            1.999960958342757            0.000052711534759  
         14.631831291028744            2.000002454290039            0.000012479472049  
         14.752775507353995            1.999976853365537            0.000039319731575  
         14.873719723679246            1.999920911142323            0.000096176440752  
         14.994663940004495            1.999938232821936            0.000079486975067  
         15.115608156329746            2.000010008101968            0.000008341505742  
         15.236552372654995            1.999981566893223            0.000037317928994  
         15.357496588980245            1.999923233532807            0.000095808989120  
         15.478440805305494            1.999971927036469            0.000046999727720  
         15.599385021630745            2.000006858279492            0.000011975448647  
         15.720329237955996            1.999940808711664            0.000077813908060  
         15.841273454281245            1.999893243852477            0.000124751775951  
         15.962217670606496            1.999947305667229            0.000069862817226  
         16.083161886931745            2.000007289347457            0.000009131817298  
         16.204106103256994            1.999945491839667            0.000070007712424  
         16.325050319582246            1.999897428999147            0.000116757604619  
         16.445994535907495            1.999979600812514            0.000033187069456  
         16.566938752232744            1.999987892351530            0.000023622157922  
         16.687882968557997            1.999878812609090            0.000131244230842  
         16.808827184883246            1.999870830778856            0.000137432508454  
         16.929771401208495            1.999956357116080            0.000050171413875  
         17.050715617533744            1.999978788496740            0.000026176267034  
         17.171659833858996            1.999897784016368            0.000105388566836  
         17.292604050184245            1.999882466273909            0.000118693149037  
         17.413548266509494            1.999979800506169            0.000019564294923  
         17.534492482834747            1.999946742956834            0.000050998826290  
         17.655436699159996            1.999816160676282            0.000179742582627  
         17.776380915485245            1.999866269684332            0.000127715185053  
         17.897325131810494            1.999966597607367            0.000025811436734  
         18.018269348135746            1.999932732121007            0.000058262991851  
         18.139213564460995            1.999857377049816            0.000131982625764  
         18.260157780786244            1.999893682488585            0.000094124908482  
         18.381101997111497            1.999970129863552            0.000016580145885  
         18.502046213436746            1.999892921427421            0.000092796352571  
         18.622990429761995            1.999783768164589            0.000200787848018  
         18.743934646087244            1.999884390806078            0.000099240463157  
         18.864878862412496            1.999971054886437            0.000012130770112  
         18.985823078737745            1.999888764814583            0.000094030963658  
         19.106767295062994            1.999843654054375            0.000138612448767  
         19.227711511388247            1.999923721514163            0.000058370873804  
         19.348655727713496            1.999953615527712            0.000028798019700  
         19.469599944038745            1.999845395504619            0.000137309285689  
         19.590544160363994            1.999787913027020            0.000194997016615  
         19.711488376689246            1.999920829074701            0.000062717986219  
         19.832432593014495            1.999967496068854            0.000017101925536  
         19.953376809339744            1.999858093171957            0.000127456062510  
         20.074321025664997            1.999861990203459            0.000124435331421  
         20.195265241990246            1.999957939923722            0.000029807182586  
         20.316209458315495            1.999930623867946            0.000058797339133  
         20.437153674640744            1.999815489935670            0.000175402627945  
         20.558097890965996            1.999816890004877            0.000175397446584  
         20.679042107291245            1.999962094731300            0.000032017256059  
         20.799986323616494            1.999956699290184            0.000039452650960  
         20.920930539941747            1.999839498443881            0.000158394872773  
         21.041874756266996            1.999899364102623            0.000100157536994  
         21.162818972592245            1.999985266941582            0.000016261217216  
         21.283763188917494            1.999895478289305            0.000108180215592  
         21.404707405242746            1.999794887495989            0.000210480904037  
         21.525651621567995            1.999858407518381            0.000148522984272  
         21.646595837893244            1.999992546224323            0.000016289640767  
         21.767540054218497            1.999930167715107            0.000080545640947  
         21.888484270543746            1.999826207378341            0.000185856828826  
         22.009428486868995            1.999939331918971            0.000073919814345  
         22.130372703194244            1.999991835208298            0.000022910693481  
         22.251316919519496            1.999836407882685            0.000179710937647  
         22.372261135844745            1.999774034420547            0.000242832517784  
         22.493205352169994            1.999903018194185            0.000114463193373  
         22.614149568495247            1.999996048720278            0.000022355242950  
         22.735093784820496            1.999877779877200            0.000141265317038  
         22.856038001145745            1.999815049411375            0.000203968267876  
         22.976982217470994            1.999971407225863            0.000047547439486  
         23.097926433796246            1.999961329382097            0.000057851841423  
         23.218870650121495            1.999746740129599            0.000272295168824  
         23.339814866446744            1.999762088506833            0.000256149222120  
         23.460759082771997            1.999943025361661            0.000074514770379  
         23.581703299097246            1.999957348106266            0.000059773314767  
         23.702647515422495            1.999806100428248            0.000210082137114  
         23.823591731747744            1.999817658341622            0.000197035332169  
         23.944535948072996            1.999983503280037            0.000029994654524  
         24.065480164398245            1.999886071678377            0.000126439257506  
         24.186424380723494            1.999650727802872            0.000360222871340  
         24.307368597048747            1.999775098710032            0.000233932298480  
         24.428312813373996            1.999970105704641            0.000037446611883  
         24.549257029699245            1.999878531664422            0.000127656067320  
         24.670201246024494            1.999741028674058            0.000263165243305  
         24.791145462349750            1.999851183183952            0.000150902470459  
         24.912089678674999            1.999963506575934            0.000037064437681  
         25.033033895000248            1.999776312409903            0.000222719338829  
         25.153978111325497            1.999602494444264            0.000394424868909  
         25.274922327650749            1.999815835992840            0.000179147953010  
         25.395866543975998            1.999969007078676            0.000024661349913  
         25.516810760301247            1.999793413714064            0.000198768289083  
         25.637754976626500            1.999715382739667            0.000274837150931  
         25.758699192951749            1.999904245252156            0.000084451202820  
         25.879643409276998            1.999915636316530            0.000072167230058  
         26.000587625602247            1.999668518064152            0.000318095809634  
         26.121531841927499            1.999627799847049            0.000357314776014  
         26.242476058252748            1.999874520782231            0.000109758462300  
         26.363420274577997            1.999934326717170            0.000049628404647  
         26.484364490903250            1.999737246816421            0.000245980362108  
         26.605308707228499            1.999747294892874            0.000235082452301  
         26.726252923553748            1.999946084471614            0.000036238738606  
         26.847197139878997            1.999852348179504            0.000130326105552  
         26.968141356204249            1.999607419310762            0.000375153243830  
         27.089085572529498            1.999702685785490            0.000279822688728  
         27.210029788854747            1.999929931158104            0.000053361765856  
         27.330974005180000            1.999885012223112            0.000099289754054  
         27.451918221505249            1.999719897245045            0.000264905128533  
         27.572862437830498            1.999817727828608            0.000167748792752  
         27.693806654155747            1.999963802384936            0.000023173820910  
         27.814750870480999            1.999782822519802            0.000205736144579  
         27.935695086806248            1.999600720640992            0.000388894948608  
         28.056639303131497            1.999793901970443            0.000196998066632  
         28.177583519456750            1.999963510259847            0.000029422873682  
         28.298527735781999            1.999835979114806            0.000158892292404  
         28.419471952107248            1.999731643196682            0.000264574199815  
         28.540416168432497            1.999894547341400            0.000103284538981  
         28.661360384757749            1.999954278292428            0.000045828207698  
         28.782304601082998            1.999706759865179            0.000295379803529  
         28.903248817408247            1.999626796902983            0.000376746399500  
         29.024193033733500            1.999879583414689            0.000125626725156  
         29.145137250058749            1.999964365451056            0.000043063871922  
         29.266081466383998            1.999782724414152            0.000226505687286  
         29.387025682709247            1.999759475157705            0.000250849564434  
         29.507969899034499            1.999954487544901            0.000057238892860  
         29.628914115359748            1.999906491440664            0.000107106308696  
         29.749858331684997            1.999619642498291            0.000395246948785  
         29.870802548010250            1.999666822323502            0.000348659403755  
         29.991746764335499            1.999947960695560            0.000068470831271  
         30.112690980660748            1.999921117054603            0.000096610956084  
         30.233635196985997            1.999717200740997            0.000301072706843  
         30.354579413311249            1.999801878328696            0.000216269289580  
         30.475523629636498            1.999979321732163            0.000039176988223  
         30.596467845961747            1.999804472489513            0.000214619151806  
         30.717412062287000            1.999535588416136            0.000483211239808  
         30.838356278612249            1.999719446342730            0.000298559304584  
         30.959300494937498            1.999984002344622            0.000033790051878  
         31.080244711262747            1.999832060761543            0.000185562081721  
         31.201188927587999            1.999653663629233            0.000362826083544  
         31.322133143913248            1.999860779935652            0.000154297430448  
         31.443077360238497            1.999955312049481            0.000059038123877  
         31.564021576563750            1.999651727649408            0.000361777067941  
         31.684965792888999            1.999497173879111            0.000514531350489  
         31.805910009214248            1.999790140013268            0.000219808500217  
         31.926854225539497            1.999966483292263            0.000042414428980  
         32.047798441864749            1.999725074370650            0.000282395419074  
         32.168742658189998            1.999633321402895            0.000371892468600  
         32.289686874515247            1.999918069721968            0.000085263388176  
         32.410631090840496            1.999883000364953            0.000119105875976  
         32.531575307165745            1.999499865814274            0.000500492407863  
         32.652519523491002            1.999535130576134            0.000462875255154  
         32.773463739816250            1.999871844264665            0.000124471660246  
         32.894407956141499            1.999894350491220            0.000100787671277  
         33.015352172466748            1.999644331317462            0.000348927520316  
         33.136296388791997            1.999689494193833            0.000301590946251  
         33.257240605117246            1.999943343122478            0.000046471828188  
         33.378184821442495            1.999777484965005            0.000211369818721  
         33.499129037767752            1.999429934766976            0.000557252959795  
         33.620073254093001            1.999632922761220            0.000352634452635  
         33.741017470418250            1.999933749891762            0.000051151806892  
         33.861961686743498            1.999807818972482            0.000176523154664  
         33.982905903068747            1.999622845870837            0.000360222444046  
         34.103850119393996            1.999793504026315            0.000188633341606  
         34.224794335719245            1.999931992542320            0.000050231618597  
         34.345738552044502            1.999672895024560            0.000309296902008  
         34.466682768369751            1.999461922535676            0.000519644793618  
         34.587626984695000            1.999755807028054            0.000225713105490  
         34.708571201020249            1.999953204978098            0.000029145712607  
         34.829515417345497            1.999743705419935            0.000239189849969  
         34.950459633670746            1.999667273514820            0.000315661148027  
         35.071403849995995            1.999890010016451            0.000093674907534  
         35.192348066321252            1.999893155528350            0.000092062405730  
         35.313292282646501            1.999605133705609            0.000381187505621  
         35.434236498971750            1.999551262226018            0.000435765109889  
         35.555180715296999            1.999868238288101            0.000120259481157  
         35.676124931622248            1.999939427803584            0.000051104453284  
         35.797069147947497            1.999707656410983            0.000284362957243  
         35.918013364272745            1.999749024655409            0.000244133539124  
         36.038957580598002            1.999954492324638            0.000040549370046  
         36.159901796923251            1.999831856971929            0.000165505499514  
         36.280846013248500            1.999574074173127            0.000424952538940  
         36.401790229573749            1.999655988126349            0.000344383273440  
         36.522734445898998            1.999947560876592            0.000054865026330  
         36.643678662224247            1.999901767554498            0.000102937898913  
         36.764622878549496            1.999690271795664            0.000315934547834  
         36.885567094874752            1.999834974484340            0.000172434830366  
         37.006511311200001            1.999980351347283            0.000028926948451  
         37.127455527525250            1.999745700559664            0.000265543603171  
         37.248399743850499            1.999561221061953            0.000451112537540  
         37.369343960175748            1.999758813018186            0.000254356892374  
         37.490288176500997            1.999982180912677            0.000032471925430  
         37.611232392826246            1.999837134822878            0.000178881093434  
         37.732176609151502            1.999687483870067            0.000328925283537  
         37.853120825476751            1.999906601524472            0.000110064655156  
         37.974065041802000            1.999958201367832            0.000059345363359  
         38.095009258127249            1.999635089102643            0.000383068068912  
         38.215953474452498            1.999565876625409            0.000451921495862  
         38.336897690777747            1.999853976473433            0.000163484084584  
         38.457841907102996            1.999963244814415            0.000054464350097  
         38.578786123428252            1.999750358077691            0.000267107138849  
         38.699730339753501            1.999711455555725            0.000304848606467  
         38.820674556078750            1.999951673413523            0.000063728213513  
         38.941618772403999            1.999879814029387            0.000135196640173  
         39.062562988729248            1.999529860714496            0.000484126708547  
         39.183507205054497            1.999604375803207            0.000407871907295  
         39.304451421379746            1.999929984742383            0.000080984527463  
         39.425395637705002            1.999896500336963            0.000113552881630  
         39.546339854030251            1.999669874515511            0.000338497094949  
         39.667284070355500            1.999775687368667            0.000230535481728  
         39.788228286680749            1.999960168248656            0.000044576467535  
         39.909172503005998            1.999756052501495            0.000247415259738  
         40.030116719331247            1.999487643358534            0.000513761552573  
         40.151060935656496            1.999685054124267            0.000314170544520  
         40.272005151981752            1.999963172688737            0.000034627719083  
         40.392949368307001            1.999815963929288            0.000180379997806  
         40.513893584632250            1.999641753343266            0.000352407594025  
         40.634837800957499            1.999858033234327            0.000134155769949  
         40.755782017282748            1.999934227236166            0.000056781695699  
         40.876726233607997            1.999636904953064            0.000352737441732  
         40.997670449933246            1.999530841721698            0.000456855404702  
         41.118614666258502            1.999793197531013            0.000193064819291  
         41.239558882583751            1.999946986574321            0.000038547583971  
         41.360503098909000            1.999758366595695            0.000226067311954  
         41.481447315234249            1.999690052987796            0.000292913369878  
         41.602391531559498            1.999920907445111            0.000061320771677  
         41.723335747884747            1.999883987178575            0.000098086290322  
         41.844279964209996            1.999581304426568            0.000400197255064  
         41.965224180535252            1.999631061937695            0.000349704270653  
         42.086168396860501            1.999889643883239            0.000091210237245  
         42.207112613185750            1.999909472794455            0.000071889184594  
         42.328056829510999            1.999743740704895            0.000237632117610  
         42.449001045836248            1.999780969543972            0.000200439865391  
         42.569945262161497            1.999954035748647            0.000028268589769  
         42.690889478486746            1.999829963028591            0.000153486646095  
         42.811833694812002            1.999593517730884            0.000390609571347  
         42.932777911137251            1.999749675341021            0.000235262929147  
         43.053722127462500            1.999950747184286            0.000035771527825  
         43.174666343787749            1.999875271647965            0.000112923975294  
         43.295610560112998            1.999768979421600            0.000220381449932  
         43.416554776438247            1.999871134759439            0.000119583260004  
         43.537498992763496            1.999961361277787            0.000031406386155  
         43.658443209088752            1.999786660486582            0.000208100054973  
         43.779387425414001            1.999643102300471            0.000353147578538  
         43.900331641739250            1.999855850407865            0.000142077771077  
         44.021275858064499            1.999978590353681            0.000021557171283  
         44.142220074389748            1.999848958020960            0.000153215257839  
         44.263164290714997            1.999812358652981            0.000191272405542  
         44.384108507040246            1.999941480227041            0.000063786541795  
         44.505052723365502            1.999944526383703            0.000062828391649  
         44.625996939690751            1.999749051280363            0.000260054450423  
         44.746941156016000            1.999705228924539            0.000305053434111  
         44.867885372341249            1.999935332349979            0.000076299289555  
         44.988829588666498            1.999975533669903            0.000037754668042  
         45.109773804991747            1.999824134206625            0.000190349510657  
         45.230718021316996            1.999858741049445            0.000156340088791  
         45.351662237642252            1.999983095253457            0.000032782182440  
         45.472606453967501            1.999898536575825            0.000118373213908  
         45.593550670292750            1.999715447593833            0.000301915782604  
         45.714494886617999            1.999768508605296            0.000248784819899  
         45.835439102943248            1.999982896818922            0.000034581004865  
         45.956383319268497            1.999942265366724            0.000075483892093  
         46.077327535593746            1.999799885745387            0.000217489632446  
         46.198271751919002            1.999904588847464            0.000111995489009  
         46.319215968244251            1.999989596910116            0.000026513165938  
         46.440160184569500            1.999824156920461            0.000191490901592  
         46.561104400894749            1.999701253130341            0.000313265843196  
         46.682048617219998            1.999832466384190            0.000180695002917  
         46.802992833545247            1.999991807198856            0.000020369866662  
         46.923937049870496            1.999891045707360            0.000120003038176  
         47.044881266195752            1.999793053081900            0.000216257478876  
         47.165825482521001            1.999942255053334            0.000065303472770  
         47.286769698846250            1.999962110522343            0.000044084262862  
         47.407713915171499            1.999748124387123            0.000256501238346  
         47.528658131496748            1.999721212886928            0.000281355880761  
         47.649602347821997            1.999895669620752            0.000105036645005  
         47.770546564147246            1.999964835849657            0.000034377872844  
         47.891490780472502            1.999844733637375            0.000152678998349  
         48.012434996797751            1.999822160311128            0.000173141160644  
         48.133379213123000            1.999960478153442            0.000033104933926  
         48.254323429448249            1.999911426293434            0.000080745095286  
         48.375267645773498            1.999713480665346            0.000276979726049  
         48.496211862098747            1.999772275877806            0.000216370378238  
         48.617156078423996            1.999943690523513            0.000043638635085  
         48.738100294749252            1.999926419899575            0.000059823647144  
         48.859044511074501            1.999825995168036            0.000158861212987  
         48.979988727399750            1.999875860024394            0.000107700429934  
         49.100932943724999            1.999960943152191            0.000021903677893  
         49.221877160050248            1.999861736734082            0.000120538220829  
         49.342821376375497            1.999732683528638            0.000248795529073  
         49.463765592700746            1.999840991718215            0.000139943952915  
         49.584709809026002            1.999966692792201            0.000014247606979  
         49.705654025351251            1.999900561165649            0.000080451325258  
         49.826598241676500            1.999845034645362            0.000135876429045  
         49.947542458001749            1.999927880841635            0.000053273027175  
         50.068486674326998            1.999952568198589            0.000029349313150  
         50.189430890652247            1.999838863948769            0.000143808345586  
         50.310375106977496            1.999783711002349            0.000199602985845  
         50.431319323302752            1.999909150557808            0.000075184044863  
         50.552263539628001            1.999975136520353            0.000010618192149  
         50.673207755953250            1.999894089134288            0.000093008983279  
         50.794151972278499            1.999889294381803            0.000099044924727  
         50.915096188603748            1.999967857890631            0.000022069023757  
         51.036040404928997            1.999942094006349            0.000049734236332  
         51.156984621254246            1.999844761404325            0.000148812736781  
         51.277928837579502            1.999843320935682            0.000151884470239  
         51.398873053904751            1.999963804561908            0.000033319776191  
         51.519817270230000            1.999979220371321            0.000019990058843  
         51.640761486555249            1.999901899859487            0.000099159022824  
         51.761705702880498            1.999938056733790            0.000064694864498  
         51.882649919205747            1.999994527796319            0.000010121412295  
         52.003594135530996            1.999930157093796            0.000076462022660  
         52.124538351856252            1.999862633570199            0.000145633520116  
         52.245482568181501            1.999899256230829            0.000110465377453  
         52.366426784506750            1.999998262645266            0.000013054683337  
         52.487371000831999            1.999976723541155            0.000036129122777  
         52.608315217157248            1.999915254521859            0.000098742881280  
         52.729259433482497            1.999976281803898            0.000038651002914  
         52.850203649807746            2.000003665232075            0.000012287351040  
         52.971147866133002            1.999912090104139            0.000104753782511  
         53.092092082458251            1.999879829031574            0.000137476086232  
         53.213036298783500            1.999944226532124            0.000073347375074  
         53.333980515108749            2.000008243018481            0.000009661863968  
         53.454924731433998            1.999963656439663            0.000054356671052  
         53.575868947759247            1.999927737975505            0.000089957071994  
         53.696813164084496            1.999996945995506            0.000020300734767  
         53.817757380409752            1.999991394913918            0.000025445015773  
         53.938701596735001            1.999887473846839            0.000128716063989  
         54.059645813060250            1.999896456446676            0.000118710288619  
         54.180590029385499            1.999973325305647            0.000040765467056  
         54.301534245710748            1.999993908948505            0.000019148290289  
         54.422478462035997            1.999944648456898            0.000067100207188  
         54.543422678361246            1.999940108694001            0.000070052009072  
         54.664366894686502            1.999997188305657            0.000011439113083  
         54.785311111011751            1.999962041815344            0.000045087407105  
         54.906255327337000            1.999869579033149            0.000135816266158  
         55.027199543662249            1.999913885165228            0.000089627066917  
         55.148143759987498            1.999985562432315            0.000016199627022  
         55.269087976312747            1.999966753029039            0.000033296992662  
         55.390032192637996            1.999929384506772            0.000068759200742  
         55.510976408963252            1.999954472010487            0.000041751386751  
         55.631920625288501            1.999981924025096            0.000012599135167  
         55.752864841613750            1.999928494551436            0.000064367662082  
         55.873809057938999            1.999873066347814            0.000118029175002  
         55.994753274264248            1.999931796561037            0.000057653597100  
         56.115697490589497            1.999982941209863            0.000005114460291  
         56.236641706914746            1.999945464830328            0.000041246760872  
         56.357585923240002            1.999927396683231            0.000057948835525  
         56.478530139565251            1.999966652235938            0.000017548874242  
         56.599474355890500            1.999964196737923            0.000019146707586  
         56.720418572215749            1.999908992181307            0.000073555323928  
         56.841362788540998            1.999895390999954            0.000086423933196  
         56.962307004866247            1.999951229787736            0.000030144627623  
         57.083251221191496            1.999975625058673            0.000005572486837  
         57.204195437516752            1.999940096101750            0.000040995691410  
         57.325139653842001            1.999941898897879            0.000039208157639  
         57.446083870167250            1.999976088026154            0.000005342117215  
         57.567028086492499            1.999954512076450            0.000027487597937  
         57.687972302817748            1.999914030924264            0.000068603204398  
         57.808916519142997            1.999926407150809            0.000057001757549  
         57.929860735468246            1.999971972238265            0.000012500135435  
         58.050804951793502            1.999976248375760            0.000009464093249  
         58.171749168118751            1.999950247540539            0.000036742984292  
         58.292693384444000            1.999967098339103            0.000021294169059  
         58.413637600769249            1.999987443479407            0.000002574714408  
         58.534581817094498            1.999956121498058            0.000035635954895  
         58.655526033419747            1.999937906921939            0.000055575803311  
         58.776470249744996            1.999959265126485            0.000036010992240  
         58.897414466070252            1.999992493521821            0.000004719482844  
         59.018358682395501            1.999986616445347            0.000012545556898  
         59.139302898720750            1.999969741341268            0.000031287412897  
         59.260247115045999            1.999993633861602            0.000009262611821  
         59.381191331371248            2.000000022272940            0.000004788085786  
         59.502135547696497            1.999965053089297            0.000041602562296  
         59.623079764021746            1.999965983487495            0.000042363879813  
         59.744023980347002            1.999988487550481            0.000021478976891  
         59.864968196672251            2.000007859242625            0.000003691958002  
         59.985912412997500            1.999998024702451            0.000014951410855  
         60.106856629322749            1.999989620216077            0.000024570798143  
         60.227800845647998            2.000011777235351            0.000003508804860  
         60.348745061973247            2.000006541126035            0.000009735724286  
         60.469689278298496            1.999973159490235            0.000043902448819  
         60.590633494623752            1.999986333688282            0.000031274540528  
         60.711577710949001            2.000006852649838            0.000011153400129  
         60.832521927274250            2.000011907628144            0.000006359639933  
         60.953466143599499            2.000002340900277            0.000015946856124  
         61.074410359924748            2.000001032443388            0.000017042780269  
         61.195354576249997            2.000015229682604            0.000002496434635  
         61.316298792575246            2.000002165330312            0.000015061027051  
         61.437243008900502            1.999974320667344            0.000042183801882  
         61.558187225225751            1.999994928028318            0.000020660933434  
         61.679131441551000            2.000009962068165            0.000004599977055  
         61.800075657876249            2.000003174461393            0.000010232208435  
         61.921019874201498            1.999998044376044            0.000014018316178  
         62.041964090526747            2.000001070080051            0.000009518770236  
         62.162908306851996            2.000004031866556            0.000005028101336  
         62.283852523177252            1.999989200532103            0.000018237308002  
         62.404796739502501            1.999970643499623            0.000035054665369  
         62.525740955827750            1.999992238489620            0.000011670970291  
         62.646685172152999            2.000000793070207            0.000001324007112  
         62.767629388478248            1.999988279598739            0.000012009485600  
         62.888573604803497            1.999988205582959            0.000010213840519  
         63.009517821128746            1.999993234868306            0.000003346606099  
         63.130462037454002            1.999986427911138            0.000008379651399  
         63.251406253779251            1.999974579410422            0.000018478543216  
         63.372350470104500            1.999967958779705            0.000023392686037  
         63.493294686429749            1.999983888081357            0.000005866246086  
         63.614238902754998            1.999987392589008            0.000000876985439  
         63.735183119080247            1.999976928218439            0.000009945190301  
         63.856127335405496            1.999979454802022            0.000006138571588  
         63.977071551730752            1.999983894050446            0.000000585458689  
         64.098015768056001            1.999973835486847            0.000009693414678  
         64.218959984381243            1.999967316452363            0.000015399647771  
         64.339904200706499            1.999969421326220            0.000012651478494  
         64.460848417031755            1.999979062845651            0.000002571304950  
         64.581792633356997            1.999979977128976            0.000001400233092  
         64.702736849682253            1.999974880836398            0.000006409286543  
         64.823681066007495            1.999978679608478            0.000002718495694  
         64.944625282332751            1.999981203324289            0.000000510856840  
         65.065569498657993            1.999972979992364            0.000009237011865  
         65.186513714983249            1.999972975847504            0.000009912795933  
         65.307457931308505            1.999977537658472            0.000006206532470  
         65.428402147633747            1.999983705021985            0.000001080050877  
         65.549346363959003            1.999984809350114            0.000001168632752  
         65.670290580284245            1.999983639572205            0.000003669740788  
         65.791234796609501            1.999987894787810            0.000000888288774  
         65.912179012934743            1.999989501576936            0.000000882806316  
         66.033123229259999            1.999984164693652            0.000007919413122  
         66.154067445585255            1.999989120515974            0.000004740557001  
         66.275011661910497            1.999992607909819            0.000003100855529  
         66.395955878235753            1.999996988706319            0.000000620275088  
         66.516900094560995            1.999999029508069            0.000000497926989  
         66.637844310886251            1.999999608185958            0.000001837695880  
         66.758788527211493            2.000002820630539            0.000000532598859  
         66.879732743536749            2.000004189937694            0.000001035968568  
         67.000676959862005            2.000001334579546            0.000005703269776  
         67.121621176187247            2.000007011101311            0.000001758666665  
         67.242565392512503            2.000008907018199            0.000001501999436  
         67.363509608837745            2.000011504368689            0.000000433502389  
         67.484453825163001            2.000013207179337            0.000000126222130  
         67.605398041488243            2.000013895161203            0.000000689154507  
         67.726342257813499            2.000014926204908            0.000000756039658  
         67.847286474138755            2.000015652110634            0.000000961089380  
         67.968230690463997            2.000014197721167            0.000003169090403  
         68.089174906789253            2.000017428493955            0.000000508536536  
         68.210119123114495            2.000017605490910            0.000000714948463  
         68.331063339439751            2.000018268003033            0.000000245602999  
         68.452007555764993            2.000018436062357            0.000000077308143  
         68.572951772090249            2.000018079639823            0.000000242934821  
         68.693895988415505            2.000017010822964            0.000000934336713  
         68.814840204740747            2.000016990267465            0.000000394196790  
         68.935784421066003            2.000015340962485            0.000001306578011  
         69.056728637391245            2.000015670962199            0.000000072010176  
         69.177672853716501            2.000014209929040            0.000000470571835  
         69.298617070041743            2.000013370824300            0.000000100778623  
         69.419561286366999            2.000011495572124            0.000000633289330  
         69.540505502692255            2.000010574595237            0.000000091640333  
         69.661449719017497            2.000008335097958            0.000000763443291  
         69.782393935342753            2.000007401240414            0.000000040358666  
         69.903338151667995            2.000005437378537            0.000000274291915  
         70.024282367993251            2.000003826570324            0.000000099430926  
         70.145226584318493            2.000001284794847            0.000000817845947  
         70.266170800643749            2.000000033655455            0.000000224863703  
         70.387115016969005            1.999996667579176            0.000001744280519  
         70.508059233294247            1.999996484330631            0.000000097324426  
         70.629003449619503            1.999994584843692            0.000000200150870  
         70.749947665944745            1.999992286519029            0.000000752400421  
         70.870891882270001            1.999991272463986            0.000000088396686  
         70.991836098595243            1.999989675690738            0.000000093406105  
         71.112780314920499            1.999986321266701            0.000001958166703  
         71.233724531245755            1.999985761012735            0.000001142341372  
         71.354668747570997            1.999983235427574            0.000002422289368  
         71.475612963896253            1.999984210711647            0.000000348117665  
         71.596557180221495            1.999983491960118            0.000000121122311  
         71.717501396546751            1.999980646956797            0.000002182765298  
         71.838445612871993            1.999981770412429            0.000000451945962  
         71.959389829197249            1.999981720677590            0.000000078596798  
         72.080334045522505            1.999977717041614            0.000003844433514  
         72.201278261847747            1.999979008135885            0.000002500608150  
         72.322222478173003            1.999979305958883            0.000002345001819  
         72.443166694498245            1.999981143533891            0.000000846769608  
         72.564110910823501            1.999981385899930            0.000001125880551  
