#             time (fs)      |   total net charge (e)  |   charge (atom_1) (e)   |   charge (atom_2) (e)   |        ...        |   charge (atom_N) (e)   |
          0.000000000000000       -0.000000000000000       -0.000000000000000        0.000000000000000
          0.120944216325250        0.000000084566861       -0.213817677747650        0.213817762314511
          0.241888432650500       -0.000000067153978        0.076781472860602       -0.076781540014581
          0.362832648975750       -0.000000299074376        0.156142598920415       -0.156142897994790
          0.483776865301000       -0.000000241768963       -0.077283540420297        0.077283298651335
          0.604721081626250       -0.000000195979154       -0.204558781799512        0.204558585820357
          0.725665297951500       -0.000000223099954        0.246196064127569       -0.246196287227523
          0.846609514276750       -0.000000315360245       -0.013653576107726        0.013653260747482
          0.967553730602000       -0.000000301743281       -0.081236776065398        0.081236474322117
          1.088497946927250       -0.000000291710594       -0.140277562498578        0.140277270787984
          1.209442163252500       -0.000000287499422        0.316992550985406       -0.316992838484828
          1.330386379577750       -0.000000274216697       -0.159613943902751        0.159613669686054
          1.451330595903000       -0.000000297358840       -0.077988572791222        0.077988275432381
          1.572274812228250       -0.000000341866290        0.010253626675445       -0.010253968541736
          1.693219028553500       -0.000000228531464        0.229168563065707       -0.229168791597171
          1.814163244878750       -0.000000211419564       -0.218998448889391        0.218998237469827
          1.935107461204000       -0.000000303696282       -0.054922201235272        0.054921897538990
          2.056051677529250       -0.000000451224336        0.157603965477120       -0.157604416701456
          2.176995893854500       -0.000000302531072        0.067174492853858       -0.067174795384930
          2.297940110179750       -0.000000186599021       -0.233343980996414        0.233343794397393
          2.418884326505000       -0.000000360841087        0.048369517112128       -0.048369877953215
          2.539828542830250       -0.000000596886811        0.188093331852699       -0.188093928739510
          2.660772759155500       -0.000000665124475       -0.070722678666394        0.070722013541920
          2.781716975480750       -0.000000431967875       -0.220737997373143        0.220737565405269
          2.902661191806000       -0.000000552276797        0.216942005373862       -0.216942557650659
          3.023605408131250       -0.000000775258762        0.067387138607220       -0.067387913865983
          3.144549624456500       -0.000001106557686       -0.131832304430591        0.131831197872905
          3.265493840781750       -0.000001113303876       -0.166091574805391        0.166090461501515
          3.386438057107000       -0.000001135962780        0.354373941490280       -0.354375077453060
          3.507382273432250       -0.000001186729409       -0.124808754599484        0.124807567870075
          3.628326489757500       -0.000001324610121       -0.149254724175493        0.149253399565372
          3.749270706082750       -0.000001666377157        0.017648872533978       -0.017650538911135
          3.870214922408000       -0.000001912127251        0.272221321426535       -0.272223233553786
          3.991159138733250       -0.000002117445214       -0.178169035921411        0.178166918476197
          4.112103355058500       -0.000002068562803       -0.216156292002150        0.216154223439347
          4.233047571383750       -0.000002223766501        0.323503746635742       -0.323505970402243
          4.353991787709000       -0.000002363038058       -0.010016796535522        0.010014433497465
          4.474936004034250       -0.000002585204929       -0.174592876558042        0.174590291353112
          4.595880220359500       -0.000002784456753       -0.082626854099431        0.082624069642678
          4.716824436684750       -0.000002943325531        0.314100659489317       -0.314103602814847
          4.837768653010000       -0.000003036239720       -0.064468939457212        0.064465903217491
          4.958712869335250       -0.000003069589539       -0.329811335214726        0.329808265625186
          5.079657085660500       -0.000003156959794        0.281450830934766       -0.281453987894560
          5.200601301985750       -0.000003200702988        0.093778517476916       -0.093781718179903
          5.321545518311000       -0.000003246163599       -0.173579944022523        0.173576697858923
          5.442489734636251       -0.000003234796016       -0.131312046760061        0.131308811964046
          5.563433950961501       -0.000003156944157        0.237038646914147       -0.237041803858304
          5.684378167286750       -0.000003083475813        0.106067596824190       -0.106070680300003
          5.805322383612000       -0.000002986977222       -0.384279160682805        0.384276173705584
          5.926266599937250       -0.000002858953014        0.170575365530871       -0.170578224483884
          6.047210816262500       -0.000002726013170        0.185958663261258       -0.185961389274429
          6.168155032587750       -0.000002425810565       -0.143519846836935        0.143517421026370
          6.289099248913001       -0.000002072183120       -0.146449033707588        0.146446961524467
          6.410043465238251       -0.000001622182950        0.124245327189736       -0.124246949372686
          6.530987681563500       -0.000001318888100        0.218914989208272       -0.218916308096372
          6.651931897888750       -0.000000917484117       -0.342021901051456        0.342020983567339
          6.772876114214000       -0.000000584216149        0.058328080686054       -0.058328664902203
          6.893820330539250       -0.000000111248941        0.177513380786502       -0.177513492035442
          7.014764546864500        0.000000600179435       -0.026062537889431        0.026063138068867
          7.135708763189751        0.000001355871490       -0.191469143265095        0.191470499136585
          7.256652979515001        0.000002021377316        0.061393880711330       -0.061391859334014
          7.377597195840250        0.000002427146169        0.233415411911871       -0.233412984765702
          7.498541412165500        0.000003079585896       -0.247650652647084        0.247653732232980
          7.619485628490750        0.000003795460687        0.002584033065012       -0.002580237604326
          7.740429844816000        0.000004697662312        0.068675768950234       -0.068671071287922
          7.861374061141250        0.000005395650433        0.152348936907890       -0.152343541257457
          7.982318277466501        0.000006002445939       -0.295723270403974        0.295729272849913
          8.103262493791750        0.000006608631725        0.138497994807028       -0.138491386175303
          8.224206710117000        0.000007332480607        0.046764259061071       -0.046756926580463
          8.345150926442249        0.000008113859752        0.044914191005351       -0.044906077145599
          8.466095142767500        0.000008627630982       -0.247191102478180        0.247199730109162
          8.587039359092751        0.000009138622947        0.222916033479714       -0.222906894856767
          8.707983575418000        0.000009676919936       -0.013960315248561        0.013969992168496
          8.828927791743251        0.000010256672565       -0.045244009996293        0.045254266668858
          8.949872008068500        0.000010567149476       -0.110194603143520        0.110205170292996
          9.070816224393750        0.000010839382304        0.181754543230200       -0.181743703847896
          9.191760440718999        0.000011164533952       -0.008980060207850        0.008991224741802
          9.312704657044250        0.000011416185119       -0.170323180716676        0.170334596901796
          9.433648873369501        0.000011523952444        0.118541594545907       -0.118530070593463
          9.554593089694750        0.000011576697539        0.018125924360356       -0.018114347662816
          9.675537306020001        0.000011586540065        0.031300803006780       -0.031289216466716
          9.796481522345250        0.000011542593256       -0.209039309604079        0.209050852197335
          9.917425738670500        0.000011448402224        0.226569278303515       -0.226557829901291
         10.038369954995749        0.000011262954303       -0.044114908792741        0.044126171747044
         10.159314171321000        0.000010992753535       -0.062993030778703        0.063004023532239
         10.280258387646251        0.000010812195546       -0.042945202912846        0.042956015108392
         10.401202603971500        0.000010621971027        0.138521186338195       -0.138510564367169
         10.522146820296751        0.000010229034564       -0.017296964799911        0.017307193834475
         10.643091036622000        0.000009825210950       -0.161603349216232        0.161613174427181
         10.764035252947250        0.000009549689047        0.132560621876612       -0.132551072187565
         10.884979469272501        0.000009368355254        0.031352721572280       -0.031343353217026
         11.005923685597750        0.000008950631954       -0.039087781771920        0.039096732403873
         11.126867901923001        0.000008533326777       -0.137306692744052        0.137315226070830
         11.247812118248250        0.000008233310453        0.206609624168300       -0.206601390857847
         11.368756334573501        0.000008114641290       -0.047292233351399        0.047300347992689
         11.489700550898750        0.000007901591009       -0.087603105987593        0.087611007578602
         11.610644767224001        0.000007538295022       -0.014804829480088        0.014812367775109
         11.731588983549251        0.000007256283522        0.163105356164355       -0.163098099880833
         11.852533199874500        0.000007145086655       -0.075630027035903        0.075637172122558
         11.973477416199751        0.000007197172503       -0.143291824361434        0.143299021533937
         12.094421632525000        0.000007087143311        0.171649491618962       -0.171642404475651
         12.215365848850251        0.000006947824404       -0.000689688663681        0.000696636488085
         12.336310065175500        0.000006829001854       -0.044482134852142        0.044488963853996
         12.457254281500751        0.000006850155538       -0.144186724035245        0.144193574190782
         12.578198497826001        0.000006903343400        0.264494146660195       -0.264487243316795
         12.699142714151250        0.000006987821185       -0.104122300922937        0.104129288744121
         12.820086930476501        0.000007067075980       -0.106077399807248        0.106084466883227
         12.941031146801750        0.000007070628167        0.069503548962128       -0.069496478333961
         13.061975363127001        0.000007086151854        0.086110779904022       -0.086103693752168
         13.182919579452250        0.000007120751350       -0.031277453610516        0.031284574361866
         13.303863795777501        0.000007175238640       -0.197342746252562        0.197349921491201
         13.424808012102751        0.000007202667385        0.250789905027241       -0.250782702359856
         13.545752228428000        0.000007212321848       -0.042925873708836        0.042933086030684
         13.666696444753251        0.000007193996453       -0.111611998070405        0.111619192066857
         13.787640661078500        0.000007160313976        0.015946960337917       -0.015939800023941
         13.908584877403751        0.000007100308953        0.095293588682535       -0.095286488373582
         14.029529093729000        0.000006976507918        0.030121572428422       -0.030114595920504
         14.150473310054251        0.000006768361243       -0.230609727606802        0.230616495968045
         14.271417526379501        0.000006548123885        0.204275192351707       -0.204268644227823
         14.392361742704750        0.000006270831150       -0.003472862859366        0.003479133690516
         14.513305959030001        0.000006023886482       -0.062579132558108        0.062585156444590
         14.634250175355250        0.000005763425627       -0.063000622473118        0.063006385898746
         14.755194391680501        0.000005438159988        0.110357671783083       -0.110352233623095
         14.876138608005750        0.000004943324254        0.049143821833761       -0.049138878509506
         14.997082824331001        0.000004397587176       -0.195809101010298        0.195813498597473
         15.118027040656251        0.000003933350102        0.134793828894523       -0.134789895544422
         15.238971256981500        0.000003484046458       -0.007496550377904        0.007500034424362
         15.359915473306751        0.000003010195670        0.044452272735078       -0.044449262539408
         15.480859689632000        0.000002396285644       -0.186022311319039        0.186024707604683
         15.601803905957251        0.000001767589842        0.202172236281171       -0.202170468691329
         15.722748122282500        0.000001152210103       -0.077622786320715        0.077623938530818
         15.843692338607751        0.000000647002814        0.023714948276820       -0.023714301274007
         15.964636554933001        0.000000119337909       -0.124327694053153        0.124327813391062
         16.085580771258250       -0.000000480609301        0.207391107566928       -0.207391588176229
         16.206524987583499       -0.000001051016661       -0.140934492338347        0.140933441321686
         16.327469203908752       -0.000001510281282        0.039612668786159       -0.039614179067441
         16.448413420234001       -0.000001925923182       -0.062449844841750        0.062447918918568
         16.569357636559250       -0.000002413140031        0.148137859226747       -0.148140272366778
         16.690301852884499       -0.000002811077758       -0.125988688200568        0.125985877122810
         16.811246069209751       -0.000003088073679       -0.004545006457940        0.004541918384260
         16.932190285535000       -0.000003339275372        0.080126639350018       -0.080129978625391
         17.053134501860249       -0.000003598601491       -0.043892001537527        0.043888402936036
         17.174078718185502       -0.000003757116713        0.023595687910865       -0.023599445027578
         17.295022934510751       -0.000003835849630       -0.105847445549717        0.105843609700087
         17.415967150836000       -0.000003876301427        0.185799427426474       -0.185803303727901
         17.536911367161249       -0.000003856792093       -0.139674677186613        0.139670820394521
         17.657855583486501       -0.000003796702787        0.024729662812653       -0.024733459515440
         17.778799799811750       -0.000003689079521        0.014708466527543       -0.014712155607065
         17.899744016136999       -0.000003485221963        0.021236470897485       -0.021239956119448
         18.020688232462252       -0.000003269618718       -0.003254755424400        0.003251485805682
         18.141632448787501       -0.000003072586900       -0.102161130121904        0.102158057535004
         18.262576665112750       -0.000002811951305        0.170026283676276       -0.170029095627582
         18.383520881437999       -0.000002481852647       -0.123199197241359        0.123196715388712
         18.504465097763251       -0.000002192435711        0.059523077893253       -0.059525270328964
         18.625409314088500       -0.000001930361537       -0.092722264682205        0.092720334320668
         18.746353530413749       -0.000001593268541        0.166229093184849       -0.166230686453390
         18.867297746739002       -0.000001251241921       -0.151885080925719        0.151883829683798
         18.988241963064251       -0.000000972173645        0.066581477158362       -0.066582449332007
         19.109186179389500       -0.000000748518339       -0.048311517774554        0.048310769256216
         19.230130395714749       -0.000000475408160        0.127022741030104       -0.127023216438264
         19.351074612040001       -0.000000192185889       -0.173077850515746        0.173077658329857
         19.472018828365250        0.000000041518883        0.112390173319493       -0.112390131800610
         19.592963044690499        0.000000201944517       -0.049209534715204        0.049209736659721
         19.713907261015752        0.000000316301802        0.091454365377438       -0.091454049075637
         19.834851477341001        0.000000435551123       -0.165120912151224        0.165121347702347
         19.955795693666250        0.000000558927270        0.133987131372646       -0.133986572445376
         20.076739909991499        0.000000676020176       -0.024575457008849        0.024576133029025
         20.197684126316751        0.000000709080804       -0.018335012677775        0.018335721758579
         20.318628342642000        0.000000686738966       -0.027629436181303        0.027630122920269
         20.439572558967249        0.000000660314213        0.027388548034529       -0.027387887720316
         20.560516775292502        0.000000660351141        0.078617364269654       -0.078616703918513
         20.681460991617751        0.000000655182168       -0.166795449386163        0.166796104568331
         20.802405207943000        0.000000635105303        0.128566213692101       -0.128565578586798
         20.923349424268253        0.000000608282057       -0.042590619152249        0.042591227434306
         21.044293640593501        0.000000574999677        0.038172395944851       -0.038171820945174
         21.165237856918750        0.000000555059356       -0.080695837053963        0.080696392113319
         21.286182073243999        0.000000556158761        0.039037668096672       -0.039037111937911
         21.407126289569252        0.000000572225253        0.084328401545896       -0.084327829320644
         21.528070505894501        0.000000609349399       -0.149609634751840        0.149610244101239
         21.649014722219750        0.000000676705730        0.102159088241557       -0.102158411535826
         21.769958938545003        0.000000781427453       -0.050120339592339        0.050121121019792
         21.890903154870252        0.000000932516977        0.077160370746658       -0.077159438229682
         22.011847371195501        0.000001122828543       -0.108663874422278        0.108664997250821
         22.132791587520749        0.000001330352477        0.048407563349404       -0.048406232996927
         22.253735803846002        0.000001554255998        0.055607936729215       -0.055606382473217
         22.374680020171251        0.000001848266938       -0.089851744088745        0.089853592355683
         22.495624236496500        0.000002211143155        0.055856580284946       -0.055854369141791
         22.616568452821753        0.000002614927234       -0.055329659766721        0.055332274693955
         22.737512669147002        0.000003021941168        0.116567105998805       -0.116564084057637
         22.858456885472251        0.000003441213281       -0.155161759028401        0.155165200241682
         22.979401101797500        0.000003891172883        0.121008439181431       -0.121004548008548
         23.100345318122752        0.000004390769256       -0.078278202920295        0.078282593689551
         23.221289534448001        0.000004935202399        0.095938715245719       -0.095933780043321
         23.342233750773250        0.000005469871350       -0.139168981233822        0.139174451105172
         23.463177967098503        0.000005980847322        0.136397367805650       -0.136391386958328
         23.584122183423752        0.000006494396786       -0.097774457741786        0.097780952138572
         23.705066399749001        0.000007039032870        0.091119228919613       -0.091112189886743
         23.826010616074250        0.000007559875952       -0.127128457108888        0.127136016984841
         23.946954832399502        0.000008029038909        0.145208182135907       -0.145200153096998
         24.067899048724751        0.000008475658683       -0.113465840522974        0.113474316181657
         24.188843265050000        0.000008909706363        0.072570547364676       -0.072561637658313
         24.309787481375253        0.000009281056298       -0.060644371594670        0.060653652650967
         24.430731697700502        0.000009582043240        0.050859781722056       -0.050850199678816
         24.551675914025751        0.000009850352243       -0.001656591639408        0.001666441991651
         24.672620130351000        0.000010073556169       -0.070416571764733        0.070426645320902
         24.793564346676252        0.000010227313815        0.113211322849519       -0.113201095535704
         24.914508563001501        0.000010320182239       -0.113954552102265        0.113964872284504
         25.035452779326750        0.000010356715601        0.105020755850915       -0.105010399135314
         25.156396995652003        0.000010332653807       -0.101404542106299        0.101414874760106
         25.277341211977252        0.000010254676234        0.077939590276354       -0.077929335600119
         25.398285428302501        0.000010118923860       -0.019076684756469        0.019086803680330
         25.519229644627750        0.000009930609811       -0.046219020979787        0.046228951589598
         25.640173860953002        0.000009708895052        0.082310675860715       -0.082300966965662
         25.761118077278251        0.000009447809504       -0.093653258383164        0.093662706192668
         25.882062293603500        0.000009136889861        0.107390181708923       -0.107381044819062
         26.003006509928753        0.000008803080217       -0.125984886276115        0.125993689356332
         26.123950726254002        0.000008459172844        0.127822267716329       -0.127813808543484
         26.244894942579251        0.000008096285935       -0.108281363173954        0.108289459459889
         26.365839158904500        0.000007719537096        0.090469733186099       -0.090462013649003
         26.486783375229752        0.000007355904928       -0.090066175451686        0.090073531356614
         26.607727591555001        0.000007008338974        0.094961127438126       -0.094954119099152
         26.728671807880250        0.000006666831693       -0.090028112734089        0.090034779565783
         26.849616024205503        0.000006335214464        0.082461293388891       -0.082454958174427
         26.970560240530752        0.000006032005236       -0.087199777111470        0.087205809116706
         27.091504456856001        0.000005762853359        0.101651307883781       -0.101645545030422
         27.212448673181250        0.000005524061386       -0.111194304477828        0.111199828539214
         27.333392889506502        0.000005313304068        0.111741423798011       -0.111736110493943
         27.454337105831751        0.000005134408677       -0.110190294843775        0.110195429252452
         27.575281322157000        0.000004988074366        0.107591085970718       -0.107586097896352
         27.696225538482253        0.000004872954279       -0.096082976660366        0.096087849614645
         27.817169754807502        0.000004785599090        0.071873767309318       -0.071868981710228
         27.938113971132751        0.000004721746629       -0.038439672263341        0.038444394009970
         28.059058187458000        0.000004680266079       -0.001118655424690        0.001123335690769
         28.180002403783252        0.000004660339860        0.043867388925904       -0.043862728586044
         28.300946620108501        0.000004658349506       -0.080500606092085        0.080505264441591
         28.421890836433750        0.000004668028210        0.101069474060229       -0.101064806032019
         28.542835052759003        0.000004683388498       -0.105934774846713        0.105939458235211
         28.663779269084252        0.000004697945468        0.099683772297235       -0.099679074351767
         28.784723485409501        0.000004706285166       -0.076956309184382        0.076961015469548
         28.905667701734750        0.000004704351119        0.030934903452085       -0.030930199100967
         29.026611918060002        0.000004687422802        0.025596224515567       -0.025591537092765
         29.147556134385251        0.000004651085678       -0.066986918164188        0.066991569249866
         29.268500350710500        0.000004590740360        0.086383407002587       -0.086378816262227
         29.389444567035753        0.000004498810662       -0.100022029408758        0.100026528219420
         29.510388783361002        0.000004370163759        0.112956734347515       -0.112952364183756
         29.631332999686251        0.000004203807111       -0.104690957869685        0.104695161676796
         29.752277216011500        0.000003997799414        0.064520113472654       -0.064516115673240
         29.873221432336752        0.000003756213684       -0.017801350186789        0.017805106400473
         29.994165648662001        0.000003486083161       -0.006958464246028        0.006961950329189
         30.115109864987250        0.000003180756783        0.020240367756628       -0.020237186999845
         30.236054081312503        0.000002822611506       -0.050311688119321        0.050314510730827
         30.356998297637752        0.000002411841312        0.090988529273939       -0.090986117432627
         30.477942513963001        0.000001972223424       -0.107908001309469        0.107909973532893
         30.598886730288250        0.000001518671860        0.095978806166321       -0.095977287494460
         30.719830946613502        0.000001043620680       -0.091309234643054        0.091310278263734
         30.840775162938751        0.000000533242944        0.113167051539325       -0.113166518296381
         30.961719379264000       -0.000000004611479       -0.131661272560837        0.131661267949358
         31.082663595589253       -0.000000537544705        0.117734223393942       -0.117734760938646
         31.203607811914502       -0.000001051185554       -0.093236820850109        0.093235769664555
         31.324552028239751       -0.000001561877631        0.095371786134684       -0.095373348012315
         31.445496244565000       -0.000002084856767       -0.112172487624905        0.112170402768138
         31.566440460890252       -0.000002577766315        0.098423631543219       -0.098426209309533
         31.687384677215501       -0.000003014631336       -0.048716804922019        0.048713790290683
         31.808328893540750       -0.000003421737660        0.006672239725819       -0.006675661463480
         31.929273109866003       -0.000003815969085        0.007260218562059       -0.007264034531144
         32.050217326191252       -0.000004148385151       -0.028868414085680        0.028864265700529
         32.171161542516501       -0.000004401092413        0.085208355760028       -0.085212756852442
         32.292105758841750       -0.000004604456133       -0.138216079765244        0.138211475309111
         32.413049975166999       -0.000004751741414        0.135505119073610       -0.135509870815024
         32.533994191492248       -0.000004828860456       -0.089922694254601        0.089917865394145
         32.654938407817504       -0.000004844620806        0.056890633585725       -0.056895478206531
         32.775882624142753       -0.000004790577565       -0.044030733656360        0.044025943078795
         32.896826840468002       -0.000004668718587        0.003751864725005       -0.003756533443592
         33.017771056793251       -0.000004500706977        0.075344199293922       -0.075348700000898
         33.138715273118500       -0.000004267851377       -0.131935225719929        0.131930957868552
         33.259659489443749       -0.000003964680859        0.121811741933118       -0.121815706613977
         33.380603705768998       -0.000003637330292       -0.089678752950853        0.089675115620561
         33.501547922094254       -0.000003279648617        0.098887074159622       -0.098890353808238
         33.622492138419503       -0.000002843237549       -0.126999060134222        0.126996216896673
         33.743436354744752       -0.000002384865285        0.104351923505183       -0.104354308370468
         33.864380571070001       -0.000001953495516       -0.037845399082561        0.037843445587044
         33.985324787395250       -0.000001505883340        0.011953376943972       -0.011954882827312
         34.106269003720499       -0.000000980300579       -0.052025332144542        0.052024351843963
         34.227213220045748       -0.000000458390422        0.077470171768707       -0.077470630159128
         34.348157436371004       -0.000000016126606       -0.033972335174003        0.033972319047397
         34.469101652696253        0.000000387643144       -0.008720455839851        0.008720843482995
         34.590045869021502        0.000000830998739       -0.032182959545560        0.032183790544299
         34.710990085346751        0.000001299717208        0.107871989503430       -0.107870689786223
         34.831934301672000        0.000001695452464       -0.110505243004238        0.110506938456702
         34.952878517997249        0.000002017018084        0.053381825319936       -0.053379808301852
         35.073822734322498        0.000002295289724       -0.055044647447417        0.055046942737141
         35.194766950647754        0.000002573981223        0.136576217779750       -0.136573643798526
         35.315711166973003        0.000002832538980       -0.172335398109757        0.172338230648736
         35.436655383298252        0.000003070060656        0.092710357759464       -0.092707287698808
         35.557599599623501        0.000003251332579       -0.004800904083665        0.004804155416244
         35.678543815948750        0.000003354676774        0.018992572961940       -0.018989218285165
         35.799488032273999        0.000003423075901       -0.060294534856923        0.060297957932824
         35.920432248599248        0.000003489412821       -0.007031199755928        0.007034689168750
         36.041376464924504        0.000003554659022        0.139247176685934       -0.139243622026912
         36.162320681249753        0.000003591393676       -0.168477734382489        0.168481325776165
         36.283264897575002        0.000003610986972        0.073250941264134       -0.073247330277162
         36.404209113900251        0.000003613361989       -0.014567604643181        0.014571218005170
         36.525153330225500        0.000003612820432        0.067223326990762       -0.067219714170330
         36.646097546550749        0.000003620033154       -0.093469332713215        0.093472952746369
         36.767041762875998        0.000003624338595       -0.018677289737401        0.018680914075995
         36.887985979201254        0.000003625909892        0.153138777056363       -0.153135151146471
         37.008930195526503        0.000003654755919       -0.145238076544424        0.145241731300343
         37.129874411851752        0.000003709344238        0.047408361028531       -0.047404651684293
         37.250818628177001        0.000003812677796       -0.038611511299558        0.038615323977354
         37.371762844502250        0.000003949796405        0.124172155144419       -0.124168205348015
         37.492707060827499        0.000004102373147       -0.130413743216457        0.130417845589605
         37.613651277152748        0.000004222637106        0.002737064016141       -0.002732841379035
         37.734595493478004        0.000004392467855        0.097487337769508       -0.097482945301653
         37.855539709803253        0.000004678078834       -0.055554529974936        0.055559208053769
         37.976483926128502        0.000005031536437       -0.011120816687509        0.011125848223946
         38.097428142453751        0.000005370487939       -0.046599592511568        0.046604962999507
         38.218372358779000        0.000005653412497        0.159810257605919       -0.159804604193423
         38.339316575104249        0.000005994446984       -0.161183268192701        0.161189262639685
         38.460260791429498        0.000006411574519        0.063890035159380       -0.063883623584861
         38.581205007754754        0.000006905135008       -0.039111692265978        0.039118597400985
         38.702149224080003        0.000007338615674        0.130967445309281       -0.130960106693606
         38.823093440405252        0.000007728184693       -0.186067139814764        0.186074867999456
         38.944037656730501        0.000008162574332        0.111007490502992       -0.110999327928659
         39.064981873055750        0.000008665833499       -0.024046048998092        0.024054714831591
         39.185926089380999        0.000009116461268        0.055945610290870       -0.055936493829602
         39.306870305706248        0.000009445618677       -0.129395293612879        0.129404739231556
         39.427814522031504        0.000009816503872        0.088699615997652       -0.088689799493780
         39.548758738356753        0.000010217987481        0.043320857988213       -0.043310640000731
         39.669702954682002        0.000010533181166       -0.100281517256004        0.100292050437170
         39.790647171007251        0.000010731437762        0.046480678854989       -0.046469947417227
         39.911591387332500        0.000010935151877       -0.028040127009425        0.028051062161303
         40.032535603657749        0.000011102801425        0.122557410915403       -0.122546308113977
         40.153479819982998        0.000011183243291       -0.197760813047787        0.197771996291078
         40.274424036308254        0.000011198842018        0.125348269798464       -0.125337070956446
         40.395368252633503        0.000011143124773        0.006182735358430       -0.006171592233658
         40.516312468958752        0.000011031811441       -0.028393631404641        0.028404663216083
         40.637256685284001        0.000010903138003       -0.031888086152477        0.031898989290480
         40.758200901609250        0.000010659267361        0.004132648236998       -0.004121988969637
         40.879145117934499        0.000010326860463        0.133427481887422       -0.133417155026959
         41.000089334259748        0.000009999786597       -0.200399490874962        0.200409490661559
         41.121033550585004        0.000009649031462        0.111067778096392       -0.111058129064930
         41.241977766910253        0.000009160074845       -0.024258391638738        0.024267551713583
         41.362921983235502        0.000008654582317        0.091043723558147       -0.091035068975830
         41.483866199560751        0.000008249061422       -0.197370707352383        0.197378956413805
         41.604810415886000        0.000007747884740        0.151169278879350       -0.151161530994610
         41.725754632211249        0.000007134624510       -0.009514617365473        0.009521751989982
         41.846698848536505        0.000006515699912        0.002382075158756       -0.002375559458844
         41.967643064861754        0.000006097566428       -0.146657981056139        0.146664078622566
         42.088587281187003        0.000005646538014        0.204683903007201       -0.204678256469187
         42.209531497512252        0.000005097814620       -0.075754143758261        0.075759241572881
         42.330475713837501        0.000004497223518       -0.021563427000437        0.021567924223955
         42.451419930162750        0.000004013131032       -0.093590942082829        0.093594955213861
         42.572364146487999        0.000003660689869        0.242898933054932       -0.242895272365063
         42.693308362813255        0.000003317355994       -0.172336570048866        0.172339887404861
         42.814252579138504        0.000003004832890       -0.021060240163532        0.021063244996422
         42.935196795463753        0.000002588655819        0.035698760819362       -0.035696172163543
         43.056141011789002        0.000002226681212        0.125597330754062       -0.125595104072850
         43.177085228114251        0.000001943556986       -0.141012144975577        0.141014088532563
         43.298029444439500        0.000001827341498       -0.086361909147214        0.086363736488713
         43.418973660764749        0.000001704603156        0.245062936947589       -0.245061232344433
         43.539917877090005        0.000001554870107       -0.116418414538522        0.116419969408629
         43.660862093415254        0.000001425403094       -0.058859588195715        0.058861013598810
         43.781806309740503        0.000001312569622       -0.022476950599940        0.022478263169561
         43.902750526065752        0.000001252315184        0.204487055771092       -0.204485803455908
         44.023694742391001        0.000001224991514       -0.127440386300480        0.127441611291994
         44.144638958716250        0.000001227882357       -0.156062816976523        0.156064044858880
         44.265583175041499        0.000001223429255        0.247850892031847       -0.247849668602593
         44.386527391366755        0.000001228219259       -0.049161262836135        0.049162491055394
         44.507471607692004        0.000001248401703       -0.079055088912859        0.079056337314561
         44.628415824017253        0.000001275868672       -0.077191012062956        0.077192287931628
         44.749360040342502        0.000001298280784        0.221482949185000       -0.221481650904216
         44.870304256667751        0.000001272350803       -0.054183314647413        0.054184586998216
         44.991248472993000        0.000001176873474       -0.214998329706723        0.214999506580198
         45.112192689318249        0.000001162150446        0.206608567088257       -0.206607404937811
         45.233136905643505        0.000001141292094        0.011580808986247       -0.011579667694153
         45.354081121968754        0.000001160037751       -0.045112205276101        0.045113365313852
         45.475025338294003        0.000001084184746       -0.163785267715779        0.163786351900525
         45.595969554619252        0.000000966824192        0.247141666165459       -0.247140699341267
         45.716913770944501        0.000000700244424       -0.038231317453827        0.038232017698251
         45.837857987269750        0.000000466391177       -0.154972284180501        0.154972750571678
         45.958802203594999        0.000000415958898        0.059014667448136       -0.059014251489238
         46.079746419920255        0.000000354339517        0.118091610923852       -0.118091256584335
         46.200690636245504        0.000000149074034       -0.043925458223065        0.043925607297099
         46.321634852570753       -0.000000307909901       -0.181203119847881        0.181202811937979
         46.442579068896002       -0.000000578273547        0.206594861924460       -0.206595440198007
         46.563523285221251       -0.000000742803626       -0.010254376206769        0.010253633403143
         46.684467501546500       -0.000000865892601       -0.068771916846914        0.068771050954313
         46.805411717871749       -0.000001245774677       -0.100296835800886        0.100295590026209
         46.926355934197005       -0.000001652731529        0.229568463836361       -0.229570116567890
         47.047300150522254       -0.000001858581211       -0.098169594912951        0.098167736331740
         47.168244366847503       -0.000001986339896       -0.088443190668292        0.088441204328396
         47.289188583172752       -0.000002229877697        0.042241527967393       -0.042243757845089
         47.410132799498001       -0.000002609474176        0.124104884580151       -0.124107494054327
         47.531077015823250       -0.000002768446216       -0.095724617698892        0.095721849252676
         47.652021232148499       -0.000002857097514       -0.125138040638264        0.125135183540750
         47.772965448473755       -0.000002987831277        0.215300179394244       -0.215303167225520
         47.893909664799004       -0.000003141670136       -0.070347960574109        0.070344818903973
         48.014853881124253       -0.000003190733099       -0.032954063231512        0.032950872498413
         48.135798097449502       -0.000003206226187       -0.104262688085035        0.104259481858848
         48.256742313774751       -0.000003186303862        0.260051905985124       -0.260055092288986
         48.377686530100000       -0.000003122581569       -0.162699635047443        0.162696512465874
         48.498630746425249       -0.000003065255669       -0.058687774902579        0.058684709646910
         48.619574962750505       -0.000002971988880        0.072238795796258       -0.072241767785138
         48.740519179075754       -0.000002678747778        0.101331979125929       -0.101334657873707
         48.861463395401003       -0.000002460957456       -0.125372180054847        0.125369719097391
         48.982407611726252       -0.000002339245507       -0.095616053997392        0.095613714751885
         49.103351828051501       -0.000002146521643        0.233848133313668       -0.233850279835311
         49.224296044376750       -0.000001706029225       -0.083146436224616        0.083144730195392
         49.345240260701999       -0.000001310452755       -0.090006365638637        0.090005055185882
         49.466184477027255       -0.000001169969154       -0.026551977124661        0.026550807155507
         49.587128693352504       -0.000000913896810        0.256369918432162       -0.256370832328972
         49.708072909677753       -0.000000522613730       -0.214063324171006        0.214062801557276
         49.829017126003002        0.000000057001040       -0.044740038397141        0.044740095398181
         49.949961342328251        0.000000263377035        0.097820632569676       -0.097820369192641
         50.070905558653500        0.000000414289174        0.145617391319370       -0.145616977030196
         50.191849774978749        0.000000605700441       -0.259558651450907        0.259559257151348
         50.312793991304005        0.000001116626071        0.011782160200087       -0.011781043574016
         50.433738207629254        0.000001585950322        0.233291882554088       -0.233290296603766
         50.554682423954503        0.000001714431779       -0.100579666243763        0.100581380675541
         50.675626640279752        0.000001786133483       -0.154369662139001        0.154371448272485
         50.796570856605001        0.000001846648779        0.049580995691147       -0.049579149042368
         50.917515072930250        0.000002146980254        0.290772781382530       -0.290770634402276
         51.038459289255499        0.000002318003520       -0.318565406237197        0.318567724240718
         51.159403505580755        0.000002626052723       -0.032750480139633        0.032753106192356
         51.280347721906004        0.000002699635957        0.215570370248703       -0.215567670612747
         51.401291938231253        0.000002670380627        0.034773213809876       -0.034770543429249
         51.522236154556502        0.000002610955712       -0.234253115829278        0.234255726784990
         51.643180370881751        0.000002623849834       -0.032764278239508        0.032766902089342
         51.764124587207000        0.000002688629093        0.381464361313629       -0.381461672684536
         51.885068803532249        0.000002697845840       -0.247008644233209        0.247011342079049
         52.006013019857505        0.000002774722842       -0.179276433143286        0.179279207866128
         52.126957236182754        0.000002718330103        0.245329289737707       -0.245326571407604
         52.247901452508003        0.000002684129397        0.091382164387091       -0.091379480257694
         52.368845668833252        0.000002651319356       -0.193602238957210        0.193604890276565
         52.489789885158501        0.000002648836211       -0.162264493007237        0.162267141843448
         52.610734101483750        0.000002662765589        0.387875616173391       -0.387872953407802
         52.731678317808999        0.000002676672547       -0.069742969772692        0.069745646445238
         52.852622534134255        0.000002685982619       -0.334179070779545        0.334181756762164
         52.973566750459504        0.000002758140340        0.233427255714573       -0.233424497574233
         53.094510966784753        0.000002839886885        0.139586857476894       -0.139584017590010
         53.215455183110002        0.000003047364373       -0.131790953853236        0.131794001217610
         53.336399399435251        0.000003266061295       -0.225684294391960        0.225687560453255
         53.457343615760500        0.000003585306181        0.282697503316185       -0.282693918010004
         53.578287832085749        0.000003741084945        0.118501344050702       -0.118497602965757
         53.699232048411005        0.000003995026697       -0.381699332490334        0.381703327517031
         53.820176264736254        0.000004328463242        0.135883077072426       -0.135878748609184
         53.941120481061503        0.000004741098850        0.173548988371845       -0.173544247272994
         54.062064697386752        0.000005398397612       -0.035707526846534        0.035712925244147
         54.183008913712001        0.000006050293199       -0.276076823075689        0.276082873368888
         54.303953130037250        0.000006729176540        0.192787684919692       -0.192780955743152
         54.424897346362499        0.000007081419899        0.191024776968853       -0.191017695548954
         54.545841562687755        0.000007746567012       -0.296840572523216        0.296848319090228
         54.666785779013004        0.000008508740067        0.009890460848698       -0.009881952108631
         54.787729995338253        0.000009499149865        0.146090911277038       -0.146081412127173
         54.908674211663502        0.000010368789628        0.106804026096306       -0.106793657306678
         55.029618427988751        0.000011111656900       -0.350009220089150        0.350020331746050
         55.150562644314000        0.000011852728039        0.194693982177796       -0.194682129449757
         55.271506860639249        0.000012600459026        0.090745894443311       -0.090733293984285
         55.392451076964505        0.000013669072367       -0.034115775273740        0.034129444346108
         55.513395293289754        0.000014541894740       -0.256206522269432        0.256221064164172
         55.634339509615003        0.000015332678874        0.293576926144531       -0.293561593465657
         55.755283725940252        0.000015912261144       -0.027349895753398        0.027365808014542
         55.876227942265501        0.000016724371276       -0.095344868156976        0.095361592528252
         55.997172158590750        0.000017489918439       -0.129944955372381        0.129962445290820
         56.118116374915999        0.000018065420358        0.324046852193683       -0.324028786773325
         56.239060591241255        0.000018526299222       -0.172953787052987        0.172972313352209
         56.360004807566504        0.000018977680291       -0.068838561673861        0.068857539354151
         56.480949023891753        0.000019410298481        0.002859555780531       -0.002840145482050
         56.601893240217002        0.000019628195104        0.242855843705680       -0.242836215510576
         56.722837456542251        0.000019783661880       -0.241121937682357        0.241141721344236
         56.843781672867500        0.000019847117228       -0.032107678119730        0.032127525236958
         56.964725889192749        0.000019822287801        0.152979301229747       -0.152959478941946
         57.085670105518005        0.000019731391313        0.041422754127248       -0.041403022735936
         57.206614321843254        0.000019548682659       -0.187456088011371        0.187475636694029
         57.327558538168503        0.000019167071726       -0.000403645901876        0.000422812973602
         57.448502754493752        0.000018740407144        0.246891669729006       -0.246872929321862
         57.569446970819001        0.000018330172247       -0.169797299632353        0.169815629804600
         57.690391187144250        0.000017930700977       -0.079299064814831        0.079316995515807
         57.811335403469499        0.000017196374827        0.065453735321637       -0.065436538946811
         57.932279619794755        0.000016516694663        0.210359111719581       -0.210342595024918
         58.053223836120004        0.000015872186888       -0.295227758942519        0.295243631129407
         58.174168052445253        0.000015344109804        0.046664479673886       -0.046649135564083
         58.295112268770502        0.000014558587208        0.126941701953911       -0.126927143366703
         58.416056485095751        0.000013667502134        0.070988006542384       -0.070974339040250
         58.537000701421000        0.000012953549176       -0.306049737186591        0.306062690735767
         58.657944917746249        0.000012363636956        0.167093404087692       -0.167081040450736
         58.778889134071505        0.000011901078944        0.143853243996483       -0.143841342917539
         58.899833350396754        0.000011038418180       -0.133851663381451        0.133862701799630
         59.020777566722003        0.000010270099262       -0.158776471574885        0.158786741674147
         59.141721783047252        0.000009586586920        0.200221162934893       -0.200211576347974
         59.262665999372501        0.000009321838862        0.135623903919524       -0.135614582080663
         59.383610215697750        0.000008949125356       -0.342060077830188        0.342069026955544
         59.504554432022999        0.000008465710043        0.107074047627824       -0.107065581917781
         59.625498648348255        0.000007982205061        0.158601165494858       -0.158593183289797
         59.746442864673504        0.000007528258638        0.006027933769356       -0.006020405510719
         59.867387080998753        0.000007267638586       -0.314082329369345        0.314089597007931
         59.988331297324002        0.000007044668667        0.202514903049142       -0.202507858380475
         60.109275513649251        0.000007047006230        0.215685256485226       -0.215678209478996
         60.230219729974500        0.000006872122574       -0.319902536525407        0.319909408647982
         60.351163946299749        0.000006740110664       -0.008431040114739        0.008437780225403
         60.472108162625005        0.000006590031280        0.184371965971086       -0.184365375939805
         60.593052378950254        0.000006514171017        0.095749679137935       -0.095743164966917
         60.713996595275503        0.000006472969782       -0.327482721410117        0.327489194379899
         60.834940811600752        0.000006476268573        0.055945681471413       -0.055939205202840
         60.955885027926001        0.000006505637308        0.345956448610341       -0.345949942973033
         61.076829244251250        0.000006501162755       -0.279369889693923        0.279376390856678
         61.197773460576499        0.000006504854288       -0.109714862833604        0.109721367687892
         61.318717676901755        0.000006504087051        0.180006328798558       -0.179999824711507
         61.439661893227004        0.000006497035339        0.135649905376452       -0.135643408341113
         61.560606109552253        0.000006497040907       -0.232625801142142        0.232632298183049
         61.681550325877502        0.000006394278404       -0.121266164611296        0.121272558889701
         61.802494542202751        0.000006268975038        0.389676487414503       -0.389670218439465
         61.923438758528000        0.000006142528707       -0.158735192339441        0.158741334868147
         62.044382974853249        0.000005964787389       -0.196599881925495        0.196605846712884
         62.165327191178505        0.000005902503491        0.139489155887726       -0.139483253384235
         62.286271407503754        0.000005779853843        0.153019144184366       -0.153013364330523
         62.407215623829003        0.000005631637107       -0.119256855856806        0.119262487493913
         62.528159840154252        0.000005200942482       -0.227160211136082        0.227165412078564
         62.649104056479501        0.000004838691089        0.340858949549891       -0.340854110858802
         62.770048272804750        0.000004383738522       -0.055375873994694        0.055380257733216
         62.890992489129999        0.000004032477374       -0.164992287652038        0.164996320129412
         63.011936705455255        0.000003812995213       -0.001534085826374        0.001537898821588
         63.132880921780504        0.000003509523042        0.216946382524557       -0.216942873001515
         63.253825138105753        0.000003006935051       -0.079876407108563        0.079879414043615
         63.374769354431002        0.000002240927779       -0.210299034874970        0.210301275802749
         63.495713570756251        0.000001797723094        0.214374391632105       -0.214372593909011
         63.616657787081500        0.000001435414139        0.029910846803270       -0.029909411389132
         63.737602003406749        0.000001127730777       -0.088524306210767        0.088525433941544
         63.858546219732006        0.000000485465255       -0.137566840949668        0.137567326414923
         63.979490436057254       -0.000000139753454        0.273598394592602       -0.273598534346056
         64.100434652382503       -0.000000567646096       -0.107636197134978        0.107635629488882
         64.221378868707745       -0.000000863790094       -0.077486940774915        0.077486076984821
         64.342323085033001       -0.000001252757303       -0.014611966572597        0.014610713815294
         64.463267301358258       -0.000001833814443        0.203978589341450       -0.203980423155893
         64.584211517683499       -0.000002170674298       -0.157364119891031        0.157361949216733
         64.705155734008756       -0.000002376710135       -0.070250586327355        0.070248209617220
         64.826099950333997       -0.000002597538716        0.136255370449448       -0.136257967988164
         64.947044166659254       -0.000002944984012        0.013901052102631       -0.013903997086644
         65.067988382984495       -0.000003126769477       -0.077980719833633        0.077977593064156
         65.188932599309751       -0.000003201529664       -0.096237063709773        0.096233862180109
         65.309876815635008       -0.000003283199974        0.255326869297860       -0.255330152497834
         65.430821031960249       -0.000003325684151       -0.166979230737179        0.166975905053028
         65.551765248285506       -0.000003315843995       -0.007704344282552        0.007701028438557
         65.672709464610747       -0.000003284597546       -0.014267694337780        0.014264409740234
         65.793653680936004       -0.000003152449826        0.166251763509201       -0.166254915959027
         65.914597897261245       -0.000003003096472       -0.154623273353757        0.154620270257285
         66.035542113586502       -0.000002907547179       -0.051613721245929        0.051610813698750
         66.156486329911758       -0.000002788240273        0.159287046269491       -0.159289834509764
         66.277430546236999       -0.000002475131895       -0.037844420069873        0.037841944937978
         66.398374762562256       -0.000002191070226       -0.069317200622938        0.069315009552712
         66.519318978887497       -0.000002084358384       -0.052215632529389        0.052213548171005
         66.640263195212754       -0.000001917269032        0.225383493859103       -0.225385411128135
         66.761207411537995       -0.000001624176036       -0.176387453599972        0.176385829423936
         66.882151627863252       -0.000001275504546       -0.006410571578615        0.006409296074069
         67.003095844188508       -0.000001180436213        0.013443899415449       -0.013445079851661
         67.124040060513749       -0.000001079880828        0.171787846910186       -0.171788926791014
         67.244984276839006       -0.000000913620736       -0.235132717821402        0.235131804200666
         67.365928493164247       -0.000000599989924        0.057783457625016       -0.057784057614940
         67.486872709489504       -0.000000427717699        0.083477835597482       -0.083478263315181
         67.607816925814745       -0.000000461687352        0.029563937646008       -0.029564399333360
         67.728761142140002       -0.000000499891329       -0.180751680271183        0.180751180379854
         67.849705358465258       -0.000000430101649        0.075807946378179       -0.075808376479828
         67.970649574790500       -0.000000239524861        0.159811592251735       -0.159811831776597
         68.091593791115756       -0.000000233411021       -0.183059449453852        0.183059216042831
         68.212538007440997       -0.000000288677941       -0.001933627796520        0.001933339118580
         68.333482223766254       -0.000000404289936        0.046267229507252       -0.046267633797188
         68.454426440091495       -0.000000463496719        0.151650284908913       -0.151650748405632
         68.575370656416752       -0.000000518316458       -0.263829849736348        0.263829331419890
         68.696314872742008       -0.000000529554519        0.078604654589936       -0.078605184144455
         68.817259089067250       -0.000000553178966        0.145119838866745       -0.145120392045710
         68.938203305392506       -0.000000647505982       -0.099294457471906        0.099293809965924
         69.059147521717748       -0.000000723924548       -0.068920347394921        0.068919623470373
         69.180091738043004       -0.000000772584770        0.015171152954506       -0.015171925539276
         69.301035954368245       -0.000000786855325        0.209557068363743       -0.209557855219068
         69.421980170693502       -0.000000782370286       -0.240924753372368        0.240923971002082
         69.542924387018758       -0.000000766269085        0.007659736231334       -0.007660502500419
         69.663868603344000       -0.000000717878590        0.152625552091223       -0.152626269969814
         69.784812819669256       -0.000000603725176       -0.045822092718661        0.045821488993486
         69.905757035994498       -0.000000427082574       -0.073993171339739        0.073992744257165
         70.026701252319754       -0.000000220279394       -0.049134110954160        0.049133890674766
         70.147645468644996       -0.000000014917347        0.239135753593307       -0.239135768510654
         70.268589684970252        0.000000232247193       -0.191758002793985        0.191758235041178
         70.389533901295508        0.000000470152572       -0.023220522791328        0.023220992943900
         70.510478117620750        0.000000863071010        0.087253565092635       -0.087252702021624
         70.631422333946006        0.000001368975098        0.045202876009383       -0.045201507034285
         70.752366550271248        0.000001922375571       -0.092123787074533        0.092125709450104
         70.873310766596504        0.000002368211826       -0.069379573894349        0.069381942106175
         70.994254982921746        0.000002813498127        0.208955804846095       -0.208952991347968
         71.115199199247002        0.000003382217168       -0.136368410192050        0.136371792409218
         71.236143415572258        0.000004041117434        0.005520256067411       -0.005516214949978
         71.357087631897500        0.000004758813218       -0.047406638332488        0.047411397145706
         71.478031848222756        0.000005367809792        0.191067168096772       -0.191061800286981
         71.598976064547998        0.000005965632290       -0.202396835574195        0.202402801206485
         71.719920280873254        0.000006578396946        0.074340873333180       -0.074334294936233
         71.840864497198496        0.000007305770561       -0.024036019249952        0.024043325020513
         71.961808713523752        0.000007966136506        0.128411560410992       -0.128403594274486
         72.082752929849008        0.000008514267332       -0.206558076291218        0.206566590558550
         72.203697146174250        0.000009062800759        0.128699529685826       -0.128690466885067
         72.324641362499506        0.000009655853320       -0.017860262394590        0.017869918247910
         72.445585578824748        0.000010168096116        0.034426873934771       -0.034416705838655
         72.566529795150004        0.000010518541676       -0.110011775210124        0.110022293751800
