#             time (fs)      |   total net charge (e)  |   charge (atom_1) (e)   |   charge (atom_2) (e)   |        ...        |   charge (atom_N) (e)   |
          0.000000000000000       -0.000000000000000       -0.000000000000000        0.000000000000000
          0.120944216325250        0.000000005043751       -0.117521548412931        0.117521553456681
          0.241888432650500       -0.000000003564702        0.039361479688178       -0.039361483252881
          0.362832648975750       -0.000000016717409        0.099118069365581       -0.099118086082990
          0.483776865301000       -0.000000014774223       -0.064019293086703        0.064019278312480
          0.604721081626250       -0.000000012501845       -0.092767954084960        0.092767941583115
          0.725665297951500       -0.000000012919345        0.118432225140978       -0.118432238060323
          0.846609514276750       -0.000000016326692        0.021869050301916       -0.021869066628608
          0.967553730602000       -0.000000015844843       -0.090081698387368        0.090081682542525
          1.088497946927250       -0.000000016579505       -0.033559149282771        0.033559132703266
          1.209442163252500       -0.000000017191638        0.151039768651414       -0.151039785843052
          1.330386379577750       -0.000000013128149       -0.074421481841674        0.074421468713524
          1.451330595903000       -0.000000004458940       -0.064385224969524        0.064385220510584
          1.572274812228250       -0.000000009128284        0.030920534051809       -0.030920543180093
          1.693219028553500       -0.000000011043263        0.124976789278846       -0.124976800322110
          1.814163244878750       -0.000000008539204       -0.149470349519998        0.149470340980794
          1.935107461204000        0.000000008458521        0.004995301793562       -0.004995293335041
          2.056051677529250        0.000000008449729        0.067956775648862       -0.067956767199132
          2.176995893854500        0.000000000479959        0.054728201223696       -0.054728200743737
          2.297940110179750        0.000000001147692       -0.172213807513273        0.172213808660965
          2.418884326505000        0.000000013945705        0.090850937075829       -0.090850923130124
          2.539828542830250        0.000000028926066        0.055939900552685       -0.055939871626619
          2.660772759155500        0.000000015829976       -0.025448676774550        0.025448692604527
          2.781716975480750        0.000000012386165       -0.132646728848002        0.132646741234167
          2.902661191806000        0.000000014866857        0.155484376962901       -0.155484362096044
          3.023605408131250        0.000000036204583       -0.002156553113342        0.002156589317925
          3.144549624456500        0.000000034547536       -0.077982309395662        0.077982343943197
          3.265493840781750        0.000000022224217       -0.045604629836117        0.045604652060333
          3.386438057107000        0.000000017588766        0.164783188102284       -0.164783170513518
          3.507382273432250        0.000000026900892       -0.076674015896258        0.076674042797149
          3.628326489757500        0.000000042022086       -0.080664148191790        0.080664190213877
          3.749270706082750        0.000000031305340        0.054434755055068       -0.054434723749728
          3.870214922408000        0.000000022985346        0.105261216193266       -0.105261193207920
          3.991159138733250        0.000000018946495       -0.125086912017076        0.125086930963571
          4.112103355058500        0.000000030463567       -0.038091248519791        0.038091278983358
          4.233047571383750        0.000000031990123        0.126295568118821       -0.126295536128698
          4.353991787709000        0.000000025965582       -0.004214242089708        0.004214268055289
          4.474936004034250        0.000000021870362       -0.115125360004558        0.115125381874920
          4.595880220359500        0.000000022300660        0.022464213558387       -0.022464191257727
          4.716824436684750        0.000000023808768        0.140631356698526       -0.140631332889758
          4.837768653010000        0.000000023441815       -0.116714166707649        0.116714190149464
          4.958712869335250        0.000000024766500       -0.044312950972420        0.044312975738920
          5.079657085660500        0.000000029608672        0.066165831355304       -0.066165801746632
          5.200601301985750        0.000000027120616        0.095586730891855       -0.095586703771239
          5.321545518311000        0.000000025504241       -0.181617662994926        0.181617688499167
          5.442489734636251        0.000000027992638        0.057398652456806       -0.057398624464168
          5.563433950961501        0.000000037446722        0.066222451644325       -0.066222414197603
          5.684378167286750        0.000000048198095        0.019073923019037       -0.019073874820942
          5.805322383612000        0.000000045586329       -0.174047010309223        0.174047055895552
          5.926266599937250        0.000000048409546        0.145756844724779       -0.145756796315233
          6.047210816262500        0.000000050504994        0.016727247872873       -0.016727197367879
          6.168155032587750        0.000000072166425       -0.044610881079924        0.044610953246350
          6.289099248913001        0.000000082593435       -0.106783119811304        0.106783202404739
          6.410043465238251        0.000000088415356        0.186065061157775       -0.186064972742419
          6.530987681563500        0.000000087926605       -0.063368324550703        0.063368412477307
          6.651931897888750        0.000000100097960       -0.058901073271432        0.058901173369392
          6.772876114214000        0.000000126445419       -0.019799127162619        0.019799253608038
          6.893820330539250        0.000000137083995        0.167022165799194       -0.167022028715200
          7.014764546864500        0.000000144213106       -0.139948459203679        0.139948603416785
          7.135708763189751        0.000000144872616       -0.015246367513244        0.015246512385860
          7.256652979515001        0.000000170279376        0.042335216077548       -0.042335045798171
          7.377597195840250        0.000000187839017        0.102674405475562       -0.102674217636545
          7.498541412165500        0.000000197990216       -0.180062256084066        0.180062454074282
          7.619485628490750        0.000000200534223        0.064471436811786       -0.064471236277563
          7.740429844816000        0.000000212750527        0.051839263315886       -0.051839050565359
          7.861374061141250        0.000000232074428        0.023924897047519       -0.023924664973091
          7.982318277466501        0.000000239101490       -0.166222921990101        0.166223161091591
          8.103262493791750        0.000000244437799        0.141376805743384       -0.141376561305586
          8.224206710117000        0.000000248234084        0.008404407849429       -0.008404159615345
          8.345150926442249        0.000000257614543       -0.035717153341805        0.035717410956348
          8.466095142767500        0.000000261110453       -0.103815255782456        0.103815516892909
          8.587039359092751        0.000000262336909        0.178544237512354       -0.178543975175445
          8.707983575418000        0.000000261501990       -0.064233420116755        0.064233681618745
          8.828927791743251        0.000000257442947       -0.052478544017128        0.052478801460075
          8.949872008068500        0.000000251380973       -0.019336346447343        0.019336597828317
          9.070816224393750        0.000000249735696        0.157998607894085       -0.157998358158389
          9.191760440718999        0.000000241814522       -0.131851413500949        0.131851655315471
          9.312704657044250        0.000000228039283       -0.019858034739048        0.019858262778331
          9.433648873369501        0.000000205956096        0.049636293769341       -0.049636087813245
          9.554593089694750        0.000000198609284        0.089054796200410       -0.089054597591127
          9.675537306020001        0.000000189375940       -0.164440860265902        0.164441049641842
          9.796481522345250        0.000000167073676        0.048667655183553       -0.048667488109877
          9.917425738670500        0.000000134691323        0.070222850549037       -0.070222715857714
         10.038369954995749        0.000000110007741        0.003461537204654       -0.003461427196914
         10.159314171321000        0.000000104620030       -0.147335682482475        0.147335787102505
         10.280258387646251        0.000000079618611        0.123381536593490       -0.123381456974879
         10.401202603971500        0.000000046399385        0.030327042325760       -0.030326995926375
         10.522146820296751        0.000000005941321       -0.058826053741215        0.058826059682536
         10.643091036622000       -0.000000007471506       -0.087523401248930        0.087523393777423
         10.764035252947250       -0.000000023931950        0.169620336733886       -0.169620360665836
         10.884979469272501       -0.000000053310745       -0.053508872810431        0.053508819499687
         11.005923685597750       -0.000000090661499       -0.067122711856488        0.067122621194990
         11.126867901923001       -0.000000120471428       -0.011516149958393        0.011516029486966
         11.247812118248250       -0.000000131260386        0.163532265172188       -0.163532396432574
         11.368756334573501       -0.000000152261815       -0.141453153862312        0.141453001600497
         11.489700550898750       -0.000000173915999       -0.016321200658798        0.016321026742798
         11.610644767224001       -0.000000203432142        0.046331987411290       -0.046332190843433
         11.731588983549251       -0.000000218401054        0.104084944988249       -0.104085163389303
         11.852533199874500       -0.000000229976031       -0.187931498971956        0.187931268995925
         11.973477416199751       -0.000000239507452        0.067031140793201       -0.067031380300653
         12.094421632525000       -0.000000250968823        0.060415276396707       -0.060415527365530
         12.215365848850251       -0.000000261409627        0.014784159200228       -0.014784420609854
         12.336310065175500       -0.000000264772804       -0.165012357442689        0.165012092669885
         12.457254281500751       -0.000000265569744        0.137823164069075       -0.137823429638819
         12.578198497826001       -0.000000265140807        0.027364212957783       -0.027364478098590
         12.699142714151250       -0.000000260149704       -0.064993596474235        0.064993336324531
         12.820086930476501       -0.000000249573098       -0.079248576761187        0.079248327188089
         12.941031146801750       -0.000000235698876        0.157811426646582       -0.157811662345459
         13.061975363127001       -0.000000228457747       -0.032699623203585        0.032699394745837
         13.182919579452250       -0.000000218636032       -0.098788947630895        0.098788728994863
         13.303863795777501       -0.000000192383234        0.029828215684979       -0.029828408068213
         13.424808012102751       -0.000000162089229        0.115114869811543       -0.115115031900772
         13.545752228428000       -0.000000135604945       -0.087376564650252        0.087376429045307
         13.666696444753251       -0.000000128333144       -0.074341458508551        0.074341330175406
         13.787640661078500       -0.000000100421612        0.111770684230279       -0.111770784651891
         13.908584877403751       -0.000000060275290        0.028319549734168       -0.028319610009457
         14.029529093729000       -0.000000015730983       -0.106951828516249        0.106951812785266
         14.150473310054251        0.000000004600897       -0.010074927945373        0.010074932546271
         14.271417526379501        0.000000020472968        0.133198085210101       -0.133198064737133
         14.392361742704750        0.000000060974477       -0.064270865893317        0.064270926867794
         14.513305959030001        0.000000106983382       -0.078686732721886        0.078686839705268
         14.634250175355250        0.000000146325711        0.057634897342715       -0.057634751017004
         14.755194391680501        0.000000156458428        0.091607235600546       -0.091607079142119
         14.876138608005750        0.000000184988613       -0.123122433606818        0.123122618595431
         14.997082824331001        0.000000223884214       -0.014728230365798        0.014728454250012
         15.118027040656251        0.000000264527697        0.095161054006490       -0.095160789478793
         15.238971256981500        0.000000281228896        0.010865817632512       -0.010865536403616
         15.359915473306751        0.000000292873022       -0.123805720129530        0.123806013002552
         15.480859689632000        0.000000320097846        0.053862712103112       -0.053862392005265
         15.601803905957251        0.000000347098815        0.087687502557357       -0.087687155458543
         15.722748122282500        0.000000365312209       -0.072690847133630        0.072691212445839
         15.843692338607751        0.000000368792651       -0.066380384020301        0.066380752812952
         15.964636554933001        0.000000379231554        0.093477138362354       -0.093476759130799
         16.085580771258250        0.000000389352768        0.043146895095205       -0.043146505742436
         16.206524987583499        0.000000395432411       -0.124752389278540        0.124752784710950
         16.327469203908752        0.000000395633655        0.024687923855955       -0.024687528222300
         16.448413420234001        0.000000394471392        0.084179404645975       -0.084179010174583
         16.569357636559250        0.000000386581673       -0.014748461501899        0.014748848083573
         16.690301852884499        0.000000376743514       -0.125382869887551        0.125383246631065
         16.811246069209751        0.000000367025837        0.111138358262350       -0.111137991236514
         16.932190285535000        0.000000362433698        0.027817530589194       -0.027817168155496
         17.053134501860249        0.000000342026030       -0.056980457371820        0.056980799397849
         17.174078718185502        0.000000317354339       -0.077561737726642        0.077562055080982
         17.295022934510751        0.000000296177866        0.157557440514702       -0.157557144336836
         17.415967150836000        0.000000285157110       -0.054079832694804        0.054080117851914
         17.536911367161249        0.000000266667898       -0.060048423493644        0.060048690161542
         17.657855583486501        0.000000229071626       -0.006551675412636        0.006551904484262
         17.778799799811750        0.000000201253707        0.146103505681671       -0.146103304427964
         17.899744016136999        0.000000179925109       -0.128647720236010        0.128647900161119
         18.020688232462252        0.000000169504714       -0.017623810188141        0.017623979692855
         18.141632448787501        0.000000133235799        0.051930697388166       -0.051930564152367
         18.262576665112750        0.000000098360968        0.082958487373615       -0.082958389012647
         18.383520881437999        0.000000072141582       -0.162659206005801        0.162659278147383
         18.504465097763251        0.000000061297196        0.052587522759192       -0.052587461461996
         18.625409314088500        0.000000044331254        0.069655423049111       -0.069655378717856
         18.746353530413749        0.000000008124734       -0.005170865647102        0.005170873771836
         18.867297746739002       -0.000000017867266       -0.135748913474051        0.135748895606785
         18.988241963064251       -0.000000034590895        0.114354333509093       -0.114354368099988
         19.109186179389500       -0.000000036557477        0.041169026984678       -0.041169063542155
         19.230130395714749       -0.000000056644977       -0.081935154732674        0.081935098087697
         19.351074612040001       -0.000000078412841       -0.052304042576520        0.052303964163679
         19.472018828365250       -0.000000093867122        0.130607960018122       -0.130608053885244
         19.592963044690499       -0.000000096924590       -0.013522105528031        0.013522008603440
         19.713907261015752       -0.000000099227491       -0.116485316308102        0.116485217080611
         19.834851477341001       -0.000000108761711        0.055621018705806       -0.055621127467517
         19.955795693666250       -0.000000114250430        0.084807784408631       -0.084807898659060
         20.076739909991499       -0.000000115259914       -0.061245000408414        0.061244885148501
         20.197684126316751       -0.000000115282921       -0.097915890277793        0.097915774994872
         20.318628342642000       -0.000000114153685        0.140989769809007       -0.140989883962692
         20.439572558967249       -0.000000109579021       -0.007089609577666        0.007089499998645
         20.560516775292502       -0.000000099591706       -0.073030784655203        0.073030685063497
         20.681460991617751       -0.000000094360938       -0.040992922911227        0.040992828550289
         20.802405207943000       -0.000000093867924        0.167422884216971       -0.167422978084895
         20.923349424268253       -0.000000085548568       -0.104833669472947        0.104833583924379
         21.044293640593501       -0.000000072686252       -0.037498383477343        0.037498310791091
         21.165237856918750       -0.000000052887339        0.020192939261838       -0.020192992149177
         21.286182073243999       -0.000000049819486        0.130006358797115       -0.130006408616601
         21.407126289569252       -0.000000043621712       -0.167548943258206        0.167548899636494
         21.528070505894501       -0.000000036556749        0.033681101862199       -0.033681138418947
         21.649014722219750       -0.000000015529187        0.049007650024964       -0.049007665554151
         21.769958938545003        0.000000001213019        0.055880503053361       -0.055880501840343
         21.890903154870252        0.000000004482236       -0.173944570571917        0.173944575054154
         22.011847371195501        0.000000009101530        0.111681470733600       -0.111681461632070
         22.132791587520749        0.000000016789527        0.026819543502257       -0.026819526712730
         22.253735803846002        0.000000040507540       -0.013044771625186        0.013044812132726
         22.374680020171251        0.000000046147214       -0.128677727618729        0.128677773765943
         22.495624236496500        0.000000049162253        0.164232832878319       -0.164232783716066
         22.616568452821753        0.000000049136775       -0.036748781174856        0.036748830311631
         22.737512669147002        0.000000063734839       -0.042724571479317        0.042724635214155
         22.858456885472251        0.000000074832716       -0.056521655083739        0.056521729916455
         22.979401101797500        0.000000073431510        0.169335232073585       -0.169335158642074
         23.100345318122752        0.000000073732690       -0.110392367697484        0.110392441430174
         23.221289534448001        0.000000077395170       -0.022560000187862        0.022560077583032
         23.342233750773250        0.000000087301154        0.010728483862267       -0.010728396561113
         23.463177967098503        0.000000085319988        0.124100907554107       -0.124100822234119
         23.584122183423752        0.000000084417538       -0.157533644056487        0.157533728474025
         23.705066399749001        0.000000084910843        0.032716875569853       -0.032716790659010
         23.826010616074250        0.000000087337464        0.047124594085932       -0.047124506748468
         23.946954832399502        0.000000087295312        0.046234006213031       -0.046233918917719
         24.067899048724751        0.000000087930444       -0.153863302174956        0.153863390105400
         24.188843265050000        0.000000087718841        0.093724385875081       -0.093724298156240
         24.309787481375253        0.000000085072722        0.040364771837437       -0.040364686764715
         24.430731697700502        0.000000081819015       -0.032050816106048        0.032050897925063
         24.551675914025751        0.000000089316598       -0.099164216700253        0.099164306016851
         24.672620130351000        0.000000092691286        0.131225340937309       -0.131225248246023
         24.793564346676252        0.000000088296048       -0.004951468115748        0.004951556411796
         24.914508563001501        0.000000080288686       -0.076566599140516        0.076566679429202
         25.035452779326750        0.000000087827798       -0.017100827681605        0.017100915509403
         25.156396995652003        0.000000103738261        0.127318868738844       -0.127318765000583
         25.277341211977252        0.000000100700754       -0.068170165906225        0.068170266606979
         25.398285428302501        0.000000092767324       -0.066721472438510        0.066721565205834
         25.519229644627750        0.000000090973345        0.056013930104475       -0.056013839131130
         25.640173860953002        0.000000114828123        0.082071823683117       -0.082071708854993
         25.761118077278251        0.000000122739664       -0.119690210969941        0.119690333709605
         25.882062293603500        0.000000117530639       -0.006049572392314        0.006049689922953
         26.003006509928753        0.000000110211939        0.086292534086435       -0.086292423874497
         26.123950726254002        0.000000124211229        0.014914424781201       -0.014914300569973
         26.244894942579251        0.000000146021148       -0.134362666979310        0.134362813000458
         26.365839158904500        0.000000146906409        0.078502949324734       -0.078502802418325
         26.486783375229752        0.000000143279576        0.056977217867080       -0.056977074587504
         26.607727591555001        0.000000142592414       -0.042340670557928        0.042340813150341
         26.728671807880250        0.000000161627905       -0.104636876288579        0.104637037916484
         26.849616024205503        0.000000171009821        0.147728070978180       -0.147727899968359
         26.970560240530752        0.000000173469006       -0.021036628946510        0.021036802415516
         27.091504456856001        0.000000171045758       -0.060464542815900        0.060464713861659
         27.212448673181250        0.000000175599305       -0.044399923659006        0.044400099258312
         27.333392889506502        0.000000183745328        0.167806481288113       -0.167806297542785
         27.454337105831751        0.000000187391729       -0.110815756769346        0.110815944161074
         27.575281322157000        0.000000189138644       -0.029200655577751        0.029200844716395
         27.696225538482253        0.000000188853842        0.017911931739967       -0.017911742886125
         27.817169754807502        0.000000188645374        0.127635670175959       -0.127635481530585
         27.938113971132751        0.000000187233028       -0.167609136191022        0.167609323424050
         28.059058187458000        0.000000184212338        0.035862099752051       -0.035861915539713
         28.180002403783252        0.000000182968324        0.051964388265947       -0.051964205297622
         28.300946620108501        0.000000182733099        0.046342869160007       -0.046342686426908
         28.421890836433750        0.000000177432979       -0.163816547363310        0.163816724796289
         28.542835052759003        0.000000167680457        0.102612843219147       -0.102612675538690
         28.663779269084252        0.000000153928345        0.040560544557005       -0.040560390628660
         28.784723485409501        0.000000154501663       -0.035148165188452        0.035148319690115
         28.905667701734750        0.000000152311610       -0.103291718528841        0.103291870840451
         29.026611918060002        0.000000144820168        0.139943917381687       -0.139943772561519
         29.147556134385251        0.000000120445708       -0.010309390521672        0.010309510967380
         29.268500350710500        0.000000107803030       -0.076517867075158        0.076517974878187
         29.389444567035753        0.000000110130834       -0.017352311812493        0.017352421943328
         29.510388783361002        0.000000107585305        0.131582543196628       -0.131582435611323
         29.631332999686251        0.000000090165765       -0.074975559333026        0.074975649498791
         29.752277216011500        0.000000061839901       -0.060014823781656        0.060014885621557
         29.873221432336752        0.000000060038129        0.052758766935274       -0.052758706897145
         29.994165648662001        0.000000060803036        0.082853854166767       -0.082853793363731
         30.115109864987250        0.000000054922363       -0.122439595807145        0.122439650729508
         30.236054081312503        0.000000028530142        0.003306847621191       -0.003306819091049
         30.356998297637752        0.000000015649694        0.075646184676725       -0.075646169027031
         30.477942513963001        0.000000018494143        0.017934070708283       -0.017934052214140
         30.598886730288250        0.000000016865979       -0.131886906198086        0.131886923064065
         30.719830946613502        0.000000004429516        0.082732165095342       -0.082732160665826
         30.840775162938751       -0.000000011454415        0.042643273593392       -0.042643285047807
         30.961719379264000       -0.000000010623675       -0.032547231259087        0.032547220635412
         31.082663595589253       -0.000000010632289       -0.101113598192019        0.101113587559730
         31.203607811914502       -0.000000014150497        0.142634269017096       -0.142634283167594
         31.324552028239751       -0.000000020904751       -0.029712537792449        0.029712516887697
         31.445496244565000       -0.000000021920096       -0.046134267075842        0.046134245155746
         31.566440460890252       -0.000000021440217       -0.045278735196581        0.045278713756363
         31.687384677215501       -0.000000021337724        0.156862399788678       -0.156862421126402
         31.808328893540750       -0.000000019616384       -0.108363777452967        0.108363757836584
         31.929273109866003       -0.000000016211822       -0.017129111229119        0.017129095017296
         32.050217326191252       -0.000000018148690        0.009847249265258       -0.009847267413948
         32.171161542516501       -0.000000015235231        0.120327162664575       -0.120327177899806
         32.292105758841750       -0.000000009452835       -0.159520008384687        0.159519998931851
         32.413049975166999       -0.000000001259856        0.043298050457454       -0.043298051717310
         32.533994191492248       -0.000000003054621        0.036850511366548       -0.036850514421169
         32.654938407817504       -0.000000003611507        0.052186479412562       -0.052186483024069
         32.775882624142753        0.000000007242205       -0.163133107856702        0.163133115098906
         32.896826840468002        0.000000015687292        0.111982300285893       -0.111982284598602
         33.017771056793251        0.000000019250572        0.018618882116330       -0.018618862865758
         33.138715273118500        0.000000010957618       -0.013128738657556        0.013128749615174
         33.259659489443749        0.000000020649315       -0.119964789846397        0.119964810495711
         33.380603705768998        0.000000030271116        0.160766373986077       -0.160766343714962
         33.501547922094254        0.000000037600855       -0.040777944701726        0.040777982302581
         33.622492138419503        0.000000030520548       -0.042519069477431        0.042519099997979
         33.743436354744752        0.000000027596390       -0.050075217001236        0.050075244597626
         33.864380571070001        0.000000037338648        0.166548188179506       -0.166548150840858
         33.985324787395250        0.000000043541030       -0.114632687109343        0.114632730650372
         34.106269003720499        0.000000046441813       -0.020987695321905        0.020987741763718
         34.227213220045748        0.000000035744118        0.015893138470730       -0.015893102726612
         34.348157436371004        0.000000036887621        0.122254150569363       -0.122254113681742
         34.469101652696253        0.000000039543206       -0.164515802624233        0.164515842167440
         34.590045869021502        0.000000046210387        0.038958217614300       -0.038958171403912
         34.710990085346751        0.000000043015563        0.050097006342239       -0.050096963326676
         34.831934301672000        0.000000036636174        0.042242376293405       -0.042242339657231
         34.952878517997249        0.000000035383094       -0.159461937050120        0.159461972433214
         35.073822734322498        0.000000036885359        0.102734496551424       -0.102734459666066
         35.194766950647754        0.000000039377484        0.040862442104310       -0.040862402726826
         35.315711166973003        0.000000036938391       -0.041489213526532        0.041489250464923
         35.436655383298252        0.000000036531118       -0.094208615074313        0.094208651605431
         35.557599599623501        0.000000037511094        0.132936590690645       -0.132936553179551
         35.678543815948750        0.000000035640400       -0.001711242685536        0.001711278325936
         35.799488032273999        0.000000035161917       -0.092935940350662        0.092935975512579
         35.920432248599248        0.000000041102556        0.004974047543816       -0.004974006441260
         36.041376464924504        0.000000049515185        0.109668142819794       -0.109668093304609
         36.162320681249753        0.000000052391790       -0.051809567494323        0.051809619886113
         36.283264897575002        0.000000044985690       -0.091724190055381        0.091724235041071
         36.404209113900251        0.000000052357166        0.093699058373386       -0.093699006016220
         36.525153330225500        0.000000067036656        0.039997189586007       -0.039997122549351
         36.646097546550749        0.000000084447149       -0.080278503030656        0.080278587477804
         36.767041762875998        0.000000081059329       -0.045120724971660        0.045120806030990
         36.887985979201254        0.000000080216971        0.134780068048853       -0.134779987831882
         37.008930195526503        0.000000096452227       -0.046882773839438        0.046882870291666
         37.129874411851752        0.000000119837329       -0.068276819297697        0.068276939135026
         37.250818628177001        0.000000134967884        0.017415137286816       -0.017415002318932
         37.371762844502250        0.000000129213501        0.116422127539144       -0.116421998325643
         37.492707060827499        0.000000141270313       -0.114565481974602        0.114565623244914
         37.613651277152748        0.000000162483421       -0.018085214860577        0.018085377343999
         37.734595493478004        0.000000188631068        0.062015414617923       -0.062015225986854
         37.855539709803253        0.000000191316369        0.053238831192742       -0.053238639876372
         37.976483926128502        0.000000194432341       -0.135114422404767        0.135114616837108
         38.097428142453751        0.000000212301505        0.046843979641784       -0.046843767340279
         38.218372358779000        0.000000234747053        0.068505388015629       -0.068505153268576
         38.339316575104249        0.000000247857760       -0.024784224734094        0.024784472591854
         38.460260791429498        0.000000246406347       -0.099622243994145        0.099622490400492
         38.581205007754754        0.000000256804668        0.094031724380094       -0.094031467575426
         38.702149224080003        0.000000270383749        0.038489609914286       -0.038489339530537
         38.823093440405252        0.000000281612816       -0.085825327253524        0.085825608866340
         38.944037656730501        0.000000282269959       -0.021874746544780        0.021875028814739
         39.064981873055750        0.000000284295350        0.098627503221138       -0.098627218925788
         39.185926089380999        0.000000286755225       -0.009329428724438        0.009329715479663
         39.306870305706248        0.000000286655763       -0.106999324608049        0.106999611263812
         39.427814522031504        0.000000284621753        0.066562283562135       -0.066561998940382
         39.548758738356753        0.000000284222064        0.055466860806141       -0.055466576584076
         39.669702954682002        0.000000274933776       -0.049855626259933        0.049855901193709
         39.790647171007251        0.000000261573793       -0.082369399898266        0.082369661472059
         39.911591387332500        0.000000248784040        0.129477896584708       -0.129477647800667
         40.032535603657749        0.000000244879800       -0.019608543923858        0.019608788803658
         40.153479819982998        0.000000231690043       -0.060973868807743        0.060974100497786
         40.274424036308254        0.000000204413454       -0.026536421159653        0.026536625573107
         40.395368252633503        0.000000181373173        0.142134351782615       -0.142134170409443
         40.516312468958752        0.000000166223971       -0.097675787667377        0.097675953891348
         40.637256685284001        0.000000156415182       -0.031901693594137        0.031901850009319
         40.758200901609250        0.000000121867237        0.030769815524264       -0.030769693657027
         40.879145117934499        0.000000089607558        0.101824604870981       -0.101824515263423
         41.000089334259748        0.000000063624772       -0.147243404442453        0.147243468067224
         41.121033550585004        0.000000052375666        0.029300522598429       -0.029300470222763
         41.241977766910253        0.000000026786535        0.059178399707804       -0.059178372921269
         41.362921983235502       -0.000000013019657        0.027723168068127       -0.027723181087784
         41.483866199560751       -0.000000043612728       -0.144968919085340        0.144968875472612
         41.604810415886000       -0.000000063270642        0.095221499151603       -0.095221562422245
         41.725754632211249       -0.000000074117852        0.044423037701956       -0.044423111819808
         41.846698848536505       -0.000000107094616       -0.048107844116836        0.048107737022220
         41.967643064861754       -0.000000137842353       -0.086202749023479        0.086202611181126
         42.088587281187003       -0.000000161463849        0.130048201531163       -0.130048362995013
         42.209531497512252       -0.000000169313833       -0.002948485047082        0.002948315733248
         42.330475713837501       -0.000000182713981       -0.094261901529996        0.094261718816015
         42.451419930162750       -0.000000204781735        0.009180953903579       -0.009181158685314
         42.572364146487999       -0.000000221155447        0.108569663565359       -0.108569884720806
         42.693308362813255       -0.000000229439653       -0.053792601605288        0.053792372165635
         42.814252579138504       -0.000000231712155       -0.093893446232098        0.093893214519943
         42.935196795463753       -0.000000237402816        0.101811998808263       -0.101812236211079
         43.056141011789002       -0.000000239692937        0.032947145828456       -0.032947385521393
         43.177085228114251       -0.000000236293320       -0.076953422551870        0.076953186258550
         43.298029444439500       -0.000000233090137       -0.052575355791606        0.052575122701469
         43.418973660764749       -0.000000228803314        0.151357882413136       -0.151358111216450
         43.539917877090005       -0.000000218179637       -0.065527814759426        0.065527596579789
         43.660862093415254       -0.000000200737236       -0.055099947387991        0.055099746650754
         43.781806309740503       -0.000000180579351        0.004066598216507       -0.004066778795859
         43.902750526065752       -0.000000170684216        0.139501798326688       -0.139501969010903
         44.023694742391001       -0.000000153128253       -0.144130513854305        0.144130360726052
         44.144638958716250       -0.000000131091042        0.007037353421409       -0.007037484512451
         44.265583175041499       -0.000000096042821        0.041866186253621       -0.041866282296442
         44.386527391366755       -0.000000070664012        0.080003785099012       -0.080003855763024
         44.507471607692004       -0.000000050712922       -0.172473699267493        0.172473648554572
         44.628415824017253       -0.000000027170436        0.085351766975566       -0.085351794146002
         44.749360040342502        0.000000004872108        0.035989195462780       -0.035989190590671
         44.870304256667751        0.000000046345829        0.009241251646430       -0.009241205300601
         44.991248472993000        0.000000070013237       -0.145344361347042        0.145344431360279
         45.112192689318249        0.000000094720460        0.148160715189590       -0.148160620469130
         45.233136905643505        0.000000117998810       -0.014413867737489        0.014413985736298
         45.354081121968754        0.000000157851049       -0.034800900798660        0.034801058649710
         45.475025338294003        0.000000187647352       -0.081108939740396        0.081109127387749
         45.595969554619252        0.000000207562296        0.169855220594683       -0.169855013032387
         45.716913770944501        0.000000227084373       -0.085870172402187        0.085870399486560
         45.837857987269750        0.000000252441078       -0.032002007657366        0.032002260098444
         45.958802203594999        0.000000281452002       -0.010292338673449        0.010292620125451
         46.079746419920255        0.000000294215164        0.140988486213267       -0.140988191998103
         46.200690636245504        0.000000307380742       -0.143246526116115        0.143246833496857
         46.321634852570753        0.000000320108116        0.011978689483932       -0.011978369375816
         46.442579068896002        0.000000336243265        0.038397810013466       -0.038397473770201
         46.563523285221251        0.000000343353233        0.072071220498979       -0.072070877145746
         46.684467501546500        0.000000346791492       -0.156893265858182        0.156893612649675
         46.805411717871749        0.000000348963470        0.071904287176241       -0.071903938212771
         46.926355934197005        0.000000348440714        0.047865832209678       -0.047865483768964
         47.047300150522254        0.000000345361938       -0.009710451543170        0.009710796905108
         47.168244366847503        0.000000343976261       -0.117257847833033        0.117258191809294
         47.289188583172752        0.000000336565397        0.117384188660026       -0.117383852094630
         47.410132799498001        0.000000322302511        0.016835867526582       -0.016835545224070
         47.531077015823250        0.000000304295121       -0.070100182968261        0.070100487263382
         47.652021232148499        0.000000297786954       -0.039922502961657        0.039922800748611
         47.772965448473755        0.000000290328715        0.126056910791753       -0.126056620463038
         47.893909664799004        0.000000265938314       -0.039844013344326        0.039844279282639
         48.014853881124253        0.000000237217335       -0.082281600167702        0.082281837385037
         48.135798097449502        0.000000217669519        0.041977356358145       -0.041977138688627
         48.256742313774751        0.000000216214862        0.091583787852919       -0.091583571638057
         48.377686530100000        0.000000192491595       -0.095481139349954        0.095481331841549
         48.498630746425249        0.000000159423919       -0.040198875452271        0.040199034876190
         48.619574962750505        0.000000128171600        0.092082798677018       -0.092082670505419
         48.740519179075754        0.000000122523785        0.026955419495758       -0.026955296971973
         48.861463395401003        0.000000113550632       -0.122464818892069        0.122464932442702
         48.982407611726252        0.000000082808905        0.037746901407352       -0.037746818598448
         49.103351828051501        0.000000051287209        0.085533482479340       -0.085533431192131
         49.224296044376750        0.000000032456856       -0.038763854161439        0.038763886618294
         49.345240260701999        0.000000034171430       -0.106645430114525        0.106645464285954
         49.466184477027255        0.000000017038022        0.116362889610005       -0.116362872571983
         49.587128693352504       -0.000000005789285        0.021257642501461       -0.021257648290746
         49.708072909677753       -0.000000028001720       -0.072340215786975        0.072340187785255
         49.829017126003002       -0.000000031850400       -0.055537725398227        0.055537693547827
         49.949961342328251       -0.000000034283110        0.158865940298548       -0.158865974581658
         50.070905558653500       -0.000000045001880       -0.073505655554443        0.073505610552562
         50.191849774978749       -0.000000056220087       -0.053854663148658        0.053854606928571
         50.312793991304005       -0.000000063732042        0.005775986336796       -0.005776050068838
         50.433738207629254       -0.000000063919597        0.144252833083451       -0.144252897003049
         50.554682423954503       -0.000000065669656       -0.153520630084523        0.153520564414867
         50.675626640279752       -0.000000066655166        0.009973723968337       -0.009973790623502
         50.796570856605001       -0.000000065898416        0.046823919632434       -0.046823985530851
         50.917515072930250       -0.000000063776526        0.078849484270875       -0.078849548047402
         51.038459289255499       -0.000000062385205       -0.179388626298982        0.179388563913777
         51.159403505580755       -0.000000061172683        0.088349679492151       -0.088349740664833
         51.280347721906004       -0.000000058036992        0.046030476899104       -0.046030534936096
         51.401291938231253       -0.000000046183647       -0.004715622531808        0.004715576348161
         51.522236154556502       -0.000000039460557       -0.139717026655905        0.139716987195348
         51.643180370881751       -0.000000034999875        0.144343058617473       -0.144343093617348
         51.764124587207000       -0.000000039906619        0.002343488451082       -0.002343528357701
         51.885068803532249       -0.000000029254582       -0.063423252669907        0.063423223415326
         52.006013019857505       -0.000000012831790       -0.056461087067821        0.056461074236032
         52.126957236182754       -0.000000002154669        0.153400261234384       -0.153400263389053
         52.247901452508003       -0.000000006394268       -0.063626485376182        0.063626478981914
         52.368845668833252       -0.000000012247376       -0.068062173967295        0.068062161719919
         52.489789885158501        0.000000006212976        0.028368553860614       -0.028368547647638
         52.610734101483750        0.000000020838635        0.113243896025513       -0.113243875186878
         52.731678317808999        0.000000026369035       -0.120555757095035        0.120555783464070
         52.852622534134255        0.000000011208517       -0.018365874608050        0.018365885816567
         52.973566750459504        0.000000016871440        0.074826199453563       -0.074826182582123
         53.094510966784753        0.000000032630007        0.044139936428891       -0.044139903798884
         53.215455183110002        0.000000041494250       -0.142264129923491        0.142264171417742
         53.336399399435251        0.000000033490469        0.060312028933650       -0.060311995443181
         53.457343615760500        0.000000025058511        0.063018300144308       -0.063018275085797
         53.578287832085749        0.000000036251276       -0.021165054829373        0.021165091080649
         53.699232048411005        0.000000042598671       -0.120006742979822        0.120006785578493
         53.820176264736254        0.000000042097547        0.131469882098422       -0.131469840000874
         53.941120481061503        0.000000033501481        0.000215189256409       -0.000215155754929
         54.062064697386752        0.000000035930464       -0.053134388026349        0.053134423956813
         54.183008913712001        0.000000039605212       -0.065019943949544        0.065019983554757
         54.303953130037250        0.000000039567677        0.163224222314271       -0.163224182746594
         54.424897346362499        0.000000037937107       -0.083995067139019        0.083995105076127
         54.545841562687755        0.000000037976136       -0.038139434660535        0.038139472636672
         54.666785779013004        0.000000037020076       -0.002237053610632        0.002237090630708
         54.787729995338253        0.000000037759865        0.141553058877484       -0.141553021117619
         54.908674211663502        0.000000039793339       -0.151972159188409        0.151972198981749
         55.029618427988751        0.000000044337936        0.017519049026914       -0.017519004688978
         55.150562644314000        0.000000040322917        0.039083812411132       -0.039083772088215
         55.271506860639249        0.000000040346756        0.077384323753943       -0.077384283407187
         55.392451076964505        0.000000047783832       -0.174895038015185        0.174895085799018
         55.513395293289754        0.000000055007478        0.091810806933239       -0.091810751925761
         55.634339509615003        0.000000055958124        0.036387089670024       -0.036387033711900
         55.755283725940252        0.000000049600045        0.002380859684207       -0.002380810084162
         55.876227942265501        0.000000062527992       -0.144532327963581        0.144532390491573
         55.997172158590750        0.000000072693590        0.154814917847596       -0.154814845154006
         56.118116374915999        0.000000081462723       -0.014282917566564        0.014282999029286
         56.239060591241255        0.000000074072077       -0.045739558484705        0.045739632556782
         56.360004807566504        0.000000080146564       -0.075593393995152        0.075593474141716
         56.480949023891753        0.000000096167825        0.178582499948054       -0.178582403780228
         56.601893240217002        0.000000108009797       -0.092596583068287        0.092596691078084
         56.722837456542251        0.000000112197570       -0.041745652529566        0.041745764727136
         56.843781672867500        0.000000106633816        0.001161167087199       -0.001161060453384
         56.964725889192749        0.000000119649002        0.148812573125382       -0.148812453476380
         57.085670105518005        0.000000130665005       -0.160419512465871        0.160419643130876
         57.206614321843254        0.000000145063381        0.012571676223973       -0.012571531160592
         57.327558538168503        0.000000142906168        0.052234756162373       -0.052234613256205
         57.448502754493752        0.000000143669728        0.072981151667073       -0.072981007997345
         57.569446970819001        0.000000150161656       -0.179129175115259        0.179129325276915
         57.690391187144250        0.000000160591960        0.086889245995909       -0.086889085403949
         57.811335403469499        0.000000168807398        0.057181625567117       -0.057181456759719
         57.932279619794755        0.000000166065719       -0.020361562754441        0.020361728820160
         58.053223836120004        0.000000166687866       -0.130534844409875        0.130535011097741
         58.174168052445253        0.000000168361291        0.138107327685569       -0.138107159324278
         58.295112268770502        0.000000171540886        0.019221032881565       -0.019220861340679
         58.416056485095751        0.000000171354974       -0.092045950916988        0.092046122271962
         58.537000701421000        0.000000171481077       -0.030117076355068        0.030117247836146
         58.657944917746249        0.000000171994519        0.134319727355661       -0.134319555361142
         58.778889134071505        0.000000166798341       -0.037381789775166        0.037381956573507
         58.899833350396754        0.000000156384325       -0.111598933789223        0.111599090173548
         59.020777566722003        0.000000156007246        0.078167361010530       -0.078167205003284
         59.141721783047252        0.000000158027946        0.071684208213331       -0.071684050185385
         59.262665999372501        0.000000159033882       -0.079950368662009        0.079950527695891
         59.383610215697750        0.000000138933866       -0.075349171426673        0.075349310360538
         59.504554432022999        0.000000127033110        0.146541818676506       -0.146541691643397
         59.625498648348255        0.000000126788563       -0.024516290151362        0.024516416939925
         59.746442864673504        0.000000132554241       -0.081819057209493        0.081819189763734
         59.867387080998753        0.000000124177174       -0.008616750988352        0.008616875165526
         59.988331297324002        0.000000098921944        0.150137279910208       -0.150137180988264
         60.109275513649251        0.000000092881729       -0.114154089561472        0.114154182443201
         60.230219729974500        0.000000093364004       -0.035819963478423        0.035820056842427
         60.351163946299749        0.000000100144784        0.049295065019054       -0.049294964874270
         60.472108162625005        0.000000078921045        0.096340861725177       -0.096340782804132
         60.593052378950254        0.000000064004118       -0.161502242479852        0.161502306483970
         60.713996595275503        0.000000061218236        0.040100864844021       -0.040100803625785
         60.834940811600752        0.000000068202575        0.067090899823632       -0.067090831621057
         60.955885027926001        0.000000063980077        0.015723523208573       -0.015723459228495
         61.076829244251250        0.000000044520854       -0.148972177950378        0.148972222471232
         61.197773460576499        0.000000041246391        0.111271304227555       -0.111271262981165
         61.318717676901755        0.000000043726659        0.037540449925470       -0.037540406198812
         61.439661893227004        0.000000048849346       -0.054919434698238        0.054919483547584
         61.560606109552253        0.000000037037966       -0.082711143350333        0.082711180388299
         61.681550325877502        0.000000031804537        0.143254681041288       -0.143254649236751
         61.802494542202751        0.000000033330672       -0.021466259319715        0.021466292650387
         61.923438758528000        0.000000036200961       -0.087482583510725        0.087482619711686
         62.044382974853249        0.000000034493207        0.010093934074677       -0.010093899581470
         62.165327191178505        0.000000033411790        0.118481720395782       -0.118481686983993
         62.286271407503754        0.000000033473872       -0.078991318500620        0.078991351974492
         62.407215623829003        0.000000031837637       -0.071423725336718        0.071423757174355
         62.528159840154252        0.000000030009611        0.091284854107526       -0.091284824097915
         62.649104056479501        0.000000037510233        0.045052856889243       -0.045052819379010
         62.770048272804750        0.000000040406586       -0.106050355988086        0.106050396394672
         62.890992489129999        0.000000033434957       -0.016691997641280        0.016692031076237
         63.011936705455255        0.000000026163601        0.126841266697028       -0.126841240533427
         63.132880921780504        0.000000031771614       -0.047185132405884        0.047185164177497
         63.253825138105753        0.000000045894008       -0.086827743699072        0.086827789593080
         63.374769354431002        0.000000035263320        0.049646596250113       -0.049646560986793
         63.495713570756251        0.000000023127213        0.102101389680135       -0.102101366552922
         63.616657787081500        0.000000016902968       -0.119591737957524        0.119591754860492
         63.737602003406749        0.000000035360007       -0.025707931620465        0.025707966980472
         63.858546219732006        0.000000033881413        0.094262566797508       -0.094262532916094
         63.979490436057254        0.000000015527764        0.028659852634831       -0.028659837107067
         64.100434652382503        0.000000000692791       -0.139410422334321        0.139410423027111
         64.221378868707745        0.000000005417331        0.051718312324240       -0.051718306906909
         64.342323085033001        0.000000019708549        0.094123454810095       -0.094123435101546
         64.463267301358258        0.000000002836569       -0.061038236227212        0.061038239063782
         64.584211517683499       -0.000000014958213       -0.093189319644072        0.093189304685859
         64.705155734008756       -0.000000027268127        0.107251360443537       -0.107251387711664
         64.826099950333997       -0.000000014656214        0.050114703374477       -0.050114718030692
         64.947044166659254       -0.000000016712913       -0.127717846318548        0.127717829605635
         65.067988382984495       -0.000000032187163        0.004305788969770       -0.004305821156933
         65.188932599309751       -0.000000047271341        0.107906233347867       -0.107906280619208
         65.309876815635008       -0.000000050261553       -0.013041793521081        0.013041743259528
         65.430821031960249       -0.000000044806034       -0.142611904895792        0.142611860089758
         65.551765248285506       -0.000000051285324        0.111996511335143       -0.111996562620468
         65.672709464610747       -0.000000058070961        0.045938221489939       -0.045938279560900
         65.793653680936004       -0.000000063455696       -0.060689017017115        0.060688953561420
         65.914597897261245       -0.000000063223200       -0.101005068037158        0.101005004813958
         66.035542113586502       -0.000000063569542        0.180105622166015       -0.180105685735557
         66.156486329911758       -0.000000063299201       -0.052617467531205        0.052617404232004
         66.277430546236999       -0.000000059846918       -0.065798985434510        0.065798925587592
         66.398374762562256       -0.000000053728029       -0.025111627583830        0.025111573855801
         66.519318978887497       -0.000000051897679        0.177398663364761       -0.177398715262440
         66.640263195212754       -0.000000047395298       -0.141733682772623        0.141733635377326
         66.761207411537995       -0.000000043432509       -0.022334108800346        0.022334065367837
         66.882151627863252       -0.000000025186565        0.044727945284506       -0.044727970471071
         67.003095844188508       -0.000000011083190        0.109221635491220       -0.109221646574410
         67.124040060513749        0.000000001090088       -0.182058601970389        0.182058603060477
         67.244984276839006        0.000000004323080        0.051613948341744       -0.051613944018664
         67.365928493164247        0.000000017919060        0.070090281954215       -0.070090264035154
         67.486872709489504        0.000000048765830        0.013776338674087       -0.013776289908257
         67.607816925814745        0.000000071656805       -0.159567899602391        0.159567971259196
         67.728761142140002        0.000000086786843        0.123428899819016       -0.123428813032173
         67.849705358465258        0.000000088557953        0.036767753486241       -0.036767664928288
         67.970649574790500        0.000000119582346       -0.059739162608093        0.059739282190439
         68.091593791115756        0.000000152466169       -0.089274938400765        0.089275090866934
         68.212538007440997        0.000000179141547        0.161628695089653       -0.161628515948106
         68.333482223766254        0.000000184562478       -0.038477367852269        0.038477552414748
         68.454426440091495        0.000000199573756       -0.076624351354194        0.076624550927951
         68.575370656416752        0.000000234911135       -0.006323121341844        0.006323356252979
         68.696314872742008        0.000000261922408        0.150249348846753       -0.150249086924345
         68.817259089067250        0.000000277894370       -0.119598233567055        0.119598511461426
         68.938203305392506        0.000000282205873       -0.031447141509796        0.031447423715669
         69.059147521717748        0.000000306073108        0.051067797073819       -0.051067491000711
         69.180091738043004        0.000000327480536        0.095867333307453       -0.095867005826916
         69.301035954368245        0.000000341845187       -0.169380395411680        0.169380737256868
         69.421980170693502        0.000000346146843        0.052503405545140       -0.052503059398297
         69.542924387018758        0.000000353841465        0.058399720179023       -0.058399366337557
         69.663868603344000        0.000000363455854        0.023317353518764       -0.023316990062910
         69.784812819669256        0.000000367664444       -0.165234712264198        0.165235079928642
         69.905757035994498        0.000000367992942        0.135880208740513       -0.135879840747570
         70.026701252319754        0.000000365930010        0.014061436965445       -0.014061071035435
         70.147645468644996        0.000000357699768       -0.035312255533070        0.035312613232839
         70.268589684970252        0.000000349865488       -0.109119666140547        0.109120016006035
         70.389533901295508        0.000000341313158        0.181371625775959       -0.181371284462801
         70.510478117620750        0.000000330449393       -0.062284668917731        0.062284999367124
         70.631422333946006        0.000000309184905       -0.052398684148258        0.052398993333163
         70.752366550271248        0.000000283291136       -0.027499760891690        0.027500044182827
         70.873310766596504        0.000000269306789        0.169843468712852       -0.169843199406063
         70.994254982921746        0.000000248189751       -0.138874529442274        0.138874777632025
         71.115199199247002        0.000000222463192       -0.016388088590866        0.016388311054058
         71.236143415572258        0.000000179662683        0.040031920727349       -0.040031741064666
         71.357087631897500        0.000000155418326        0.107925576697849       -0.107925421279523
         71.478031848222756        0.000000132257411       -0.183121034455207        0.183121166712618
         71.598976064547998        0.000000103711172        0.060195597841958       -0.060195494130786
         71.719920280873254        0.000000061214186        0.059110465888490       -0.059110404674304
         71.840864497198496        0.000000018861582        0.024109726566474       -0.024109707704892
         71.961808713523752       -0.000000002781761       -0.173686304854078        0.173686302072317
         72.082752929849008       -0.000000031620819        0.142906977470725       -0.142907009091544
         72.203697146174250       -0.000000060332566        0.018736364743148       -0.018736425075714
         72.324641362499506       -0.000000106650092       -0.043995033456982        0.043994926806890
         72.445585578824748       -0.000000135407043       -0.110438459891820        0.110438324484777
         72.566529795150004       -0.000000159255177        0.189116217758228       -0.189116377013405
