#             time (fs)      |   total net charge (e)  |   charge (atom_1) (e)   |   charge (atom_2) (e)   |        ...        |   charge (atom_N) (e)   |
          0.000000000000000       -0.000000000000000       -0.000000000000000        0.000000000000000
          0.120944216325250        0.000000000008956        0.000033862797449       -0.000033862788494
          0.241888432650500        0.000000000010302        0.000109035902432       -0.000109035892130
          0.362832648975750        0.000000000004334        0.000258233086228       -0.000258233081894
          0.483776865301000       -0.000000000008725        0.000355187696016       -0.000355187704741
          0.604721081626250       -0.000000000027897        0.000393268526945       -0.000393268554842
          0.725665297951500       -0.000000000052390        0.000402574835349       -0.000402574887739
          0.846609514276750       -0.000000000081346        0.000138402011952       -0.000138402093299
          0.967553730602000       -0.000000000112770        0.000058398129514       -0.000058398242284
          1.088497946927250       -0.000000000146896       -0.000514778573639        0.000514778426743
          1.209442163252500       -0.000000000179969       -0.000496160450127        0.000496160270158
          1.330386379577750       -0.000000000213834       -0.001187035627848        0.001187035414014
          1.451330595903000       -0.000000000243655       -0.000781580708642        0.000781580464987
          1.572274812228250       -0.000000000272126       -0.001349272444610        0.001349272172484
          1.693219028553500       -0.000000000294926       -0.000381783528633        0.000381783233707
          1.814163244878750       -0.000000000314079       -0.000741824039778        0.000741823725700
          1.935107461204000       -0.000000000326776        0.000669812223390       -0.000669812550165
          2.056051677529250       -0.000000000333992        0.000345449432106       -0.000345449766098
          2.176995893854500       -0.000000000334530        0.001797301122953       -0.001797301457483
          2.297940110179750       -0.000000000328779        0.001184301915765       -0.001184302244544
          2.418884326505000       -0.000000000317310        0.002209133769393       -0.002209134086703
          2.539828542830250       -0.000000000299175        0.001086151938088       -0.001086152237262
          2.660772759155500       -0.000000000277479        0.001456993329699       -0.001456993607178
          2.781716975480750       -0.000000000248938       -0.000067669262456        0.000067669013518
          2.902661191806000       -0.000000000219416       -0.000165903280576        0.000165903061160
          3.023605408131250       -0.000000000184597       -0.001638518975098        0.001638518790500
          3.144549624456500       -0.000000000151067       -0.001709347477033        0.001709347325966
          3.265493840781750       -0.000000000115859       -0.002574013032620        0.002574012916761
          3.386438057107000       -0.000000000083321       -0.002138295707301        0.002138295623980
          3.507382273432250       -0.000000000052585       -0.002100661450128        0.002100661397543
          3.628326489757500       -0.000000000025647       -0.001040904759597        0.001040904733949
          3.749270706082750       -0.000000000002877       -0.000309241515382        0.000309241512505
          3.870214922408000        0.000000000013657        0.001013222246490       -0.001013222232833
          3.991159138733250        0.000000000024065        0.001792741265612       -0.001792741241547
          4.112103355058500        0.000000000025514        0.002751477883621       -0.002751477858107
          4.233047571383750        0.000000000020312        0.002855649696263       -0.002855649675952
          4.353991787709000        0.000000000005838        0.002985177484887       -0.002985177479049
          4.474936004034250       -0.000000000013455        0.002057076985915       -0.002057076999370
          4.595880220359500       -0.000000000040685        0.001415027264806       -0.001415027305492
          4.716824436684750       -0.000000000070248       -0.000295685004521        0.000295684934273
          4.837768653010000       -0.000000000106749       -0.001084910268265        0.001084910161516
          4.958712869335250       -0.000000000143177       -0.002854741898566        0.002854741755389
          5.079657085660500       -0.000000000183969       -0.002937754511666        0.002937754327697
          5.200601301985750       -0.000000000221370       -0.004012378554928        0.004012378333558
          5.321545518311000       -0.000000000257749       -0.002840568747814        0.002840568490065
          5.442489734636251       -0.000000000287733       -0.002918459890392        0.002918459602658
          5.563433950961501       -0.000000000312079       -0.000646312771839        0.000646312459760
          5.684378167286750       -0.000000000328661       -0.000092916199890        0.000092915871229
          5.805322383612000       -0.000000000337635        0.002430243004565       -0.002430243342200
          5.926266599937250       -0.000000000337750        0.002793181680699       -0.002793182018449
          6.047210816262500       -0.000000000329054        0.004472620170988       -0.004472620500042
          6.168155032587750       -0.000000000311636        0.003897551180411       -0.003897551492046
          6.289099248913001       -0.000000000285780        0.004037625017881       -0.004037625303662
          6.410043465238251       -0.000000000254872        0.002381747401989       -0.002381747656860
          6.530987681563500       -0.000000000218780        0.001132255935123       -0.001132256153903
          6.651931897888750       -0.000000000181223       -0.000958168507778        0.000958168326555
          6.772876114214000       -0.000000000141872       -0.002652558280529        0.002652558138657
          6.893820330539250       -0.000000000101456       -0.004061795940638        0.004061795839183
          7.014764546864500       -0.000000000062429       -0.005017515666728        0.005017515604300
          7.135708763189751       -0.000000000024878       -0.004832639876024        0.004832639851146
          7.256652979515001        0.000000000006112       -0.004371605881351        0.004371605887463
          7.377597195840250        0.000000000029594       -0.002505518591546        0.002505518621140
          7.498541412165500        0.000000000043662       -0.000921437371729        0.000921437415391
          7.619485628490750        0.000000000049253        0.001727561899169       -0.001727561849916
          7.740429844816000        0.000000000047967        0.003306144752523       -0.003306144704556
          7.861374061141250        0.000000000042994        0.005314606350080       -0.005314606307086
          7.982318277466501        0.000000000031268        0.005627000454568       -0.005627000423299
          8.103262493791750        0.000000000017530        0.005889719242517       -0.005889719224988
          8.224206710117000       -0.000000000007244        0.004395126181837       -0.004395126189081
          8.345150926442249       -0.000000000034648        0.002832815931145       -0.002832815965793
          8.466095142767500       -0.000000000070470        0.000159031001556       -0.000159031072025
          8.587039359092751       -0.000000000106080       -0.002185106040085        0.002185105934005
          8.707983575418000       -0.000000000139966       -0.004527734408092        0.004527734268126
          8.828927791743251       -0.000000000172014       -0.006115425616067        0.006115425444053
          8.949872008068500       -0.000000000197810       -0.006628548126287        0.006628547928477
          9.070816224393750       -0.000000000223419       -0.006417531714769        0.006417531491350
          9.191760440718999       -0.000000000244543       -0.004572906237728        0.004572905993184
          9.312704657044250       -0.000000000262910       -0.002738474670384        0.002738474407474
          9.433648873369501       -0.000000000275777        0.000625676284106       -0.000625676559883
          9.554593089694750       -0.000000000281415        0.002731535498735       -0.002731535780150
          9.675537306020001       -0.000000000279726        0.005869383871885       -0.005869384151612
          9.796481522345250       -0.000000000272419        0.006541055574748       -0.006541055847167
          9.917425738670500       -0.000000000259185        0.007863766275220       -0.007863766534405
         10.038369954995749       -0.000000000241295        0.006148107044654       -0.006148107285949
         10.159314171321000       -0.000000000218977        0.005228304554693       -0.005228304773670
         10.280258387646251       -0.000000000187260        0.001599425912941       -0.001599426100201
         10.401202603971500       -0.000000000154917       -0.000537014906309        0.000537014751391
         10.522146820296751       -0.000000000113968       -0.004392983988516        0.004392983874547
         10.643091036622000       -0.000000000079656       -0.005898559525890        0.005898559446234
         10.764035252947250       -0.000000000044454       -0.008089443155464        0.008089443111010
         10.884979469272501       -0.000000000015658       -0.007470410121911        0.007470410106253
         11.005923685597750        0.000000000011602       -0.007075882539108        0.007075882550710
         11.126867901923001        0.000000000039750       -0.004164469403516        0.004164469443266
         11.247812118248250        0.000000000065558       -0.001837315160927        0.001837315226485
         11.368756334573501        0.000000000089523        0.002065767568792       -0.002065767479269
         11.489700550898750        0.000000000103776        0.004466685485434       -0.004466685381658
         11.610644767224001        0.000000000105885        0.007385622010672       -0.007385621904788
         11.731588983549251        0.000000000097008        0.007921497950980       -0.007921497853972
         11.852533199874500        0.000000000076293        0.008448193736796       -0.008448193660504
         11.973477416199751        0.000000000055441        0.006292843423352       -0.006292843367911
         12.094421632525000        0.000000000027809        0.004496671940442       -0.004496671912633
         12.215365848850251        0.000000000005393        0.000456661855125       -0.000456661849733
         12.336310065175500       -0.000000000027413       -0.002114548161895        0.002114548134482
         12.457254281500751       -0.000000000059132       -0.006073730605662        0.006073730546530
         12.578198497826001       -0.000000000101144       -0.007320698595216        0.007320698494071
         12.699142714151250       -0.000000000140663       -0.009261017178304        0.009261017037640
         12.820086930476501       -0.000000000178271       -0.007835084072738        0.007835083894467
         12.941031146801750       -0.000000000208362       -0.007023499023241        0.007023498814880
         13.061975363127001       -0.000000000229212       -0.003206135583282        0.003206135354070
         13.182919579452250       -0.000000000243392       -0.000566772775022        0.000566772531629
         13.303863795777501       -0.000000000250286        0.003821765644598       -0.003821765894885
         13.424808012102751       -0.000000000249838        0.006263043234353       -0.006263043484191
         13.545752228428000       -0.000000000240277        0.008902245296957       -0.008902245537234
         13.666696444753251       -0.000000000220362        0.009267605227407       -0.009267605447770
         13.787640661078500       -0.000000000190804        0.008723914112832       -0.008723914303637
         13.908584877403751       -0.000000000156528        0.006480479024007       -0.006480479180536
         14.029529093729000       -0.000000000121144        0.003107727413032       -0.003107727534176
         14.150473310054251       -0.000000000085816       -0.000526351571597        0.000526351485780
         14.271417526379501       -0.000000000052994       -0.004739155309781        0.004739155256786
         14.392361742704750       -0.000000000013124       -0.007467349829683        0.007467349816558
         14.513305959030001        0.000000000026689       -0.010057391990862        0.010057392017551
         14.634250175355250        0.000000000071906       -0.009902269772961        0.009902269844867
         14.755194391680501        0.000000000109305       -0.009435912239420        0.009435912348725
         14.876138608005750        0.000000000134059       -0.006023899161597        0.006023899295656
         14.997082824331001        0.000000000144896       -0.003020988182485        0.003020988327381
         15.118027040656251        0.000000000139436        0.002063857198678       -0.002063857059242
         15.238971256981500        0.000000000132094        0.005389744019961       -0.005389743887867
         15.359915473306751        0.000000000123620        0.009468207883025       -0.009468207759405
         15.480859689632000        0.000000000117594        0.010560075805734       -0.010560075688140
         15.601803905957251        0.000000000112995        0.011470436647237       -0.011470436534242
         15.722748122282500        0.000000000093053        0.009070196405718       -0.009070196312665
         15.843692338607751        0.000000000068172        0.006538706547196       -0.006538706479023
         15.964636554933001        0.000000000023780        0.001582714098218       -0.001582714074438
         16.085580771258250       -0.000000000017108       -0.002539674825622        0.002539674808514
         16.206524987583499       -0.000000000057108       -0.007383212206729        0.007383212149621
         16.327469203908752       -0.000000000087390       -0.010232052070026        0.010232051982636
         16.448413420234001       -0.000000000107725       -0.012163834302851        0.012163834195126
         16.569357636559250       -0.000000000128690       -0.011675298068368        0.011675297939678
         16.690301852884499       -0.000000000146490       -0.009524280451738        0.009524280305248
         16.811246069209751       -0.000000000166028       -0.005802605651243        0.005802605485215
         16.932190285535000       -0.000000000180563       -0.000815291968828        0.000815291788265
         17.053134501860249       -0.000000000186195        0.003845736119596       -0.003845736305791
         17.174078718185502       -0.000000000182977        0.008723732832602       -0.008723733015578
         17.295022934510751       -0.000000000174237        0.011232051019386       -0.011232051193623
         17.415967150836000       -0.000000000160496        0.013177631388182       -0.013177631548678
         17.536911367161249       -0.000000000146431        0.011599259135697       -0.011599259282128
         17.657855583486501       -0.000000000125657        0.009691917202127       -0.009691917327784
         17.778799799811750       -0.000000000093599        0.004520902690368       -0.004520902783966
         17.899744016136999       -0.000000000056545        0.000339799596959       -0.000339799653504
         18.020688232462252       -0.000000000006771       -0.005740891547988        0.005740891541217
         18.141632448787501        0.000000000030070       -0.009096873422701        0.009096873452771
         18.262576665112750        0.000000000065265       -0.012844959047311        0.012844959112577
         18.383520881437999        0.000000000084418       -0.012716081550808        0.012716081635226
         18.504465097763251        0.000000000102413       -0.012338083907520        0.012338084009933
         18.625409314088500        0.000000000126783       -0.008196831965282        0.008196832092065
         18.746353530413749        0.000000000154349       -0.004463578766035        0.004463578920384
         18.867297746739002        0.000000000190739        0.001728238362769       -0.001728238172030
         18.988241963064251        0.000000000211827        0.005952296673744       -0.005952296461917
         19.109186179389500        0.000000000219075        0.010945447084532       -0.010945446865457
         19.230130395714749        0.000000000202575        0.012472862969762       -0.012472862767187
         19.351074612040001        0.000000000171247        0.013745757425991       -0.013745757254744
         19.472018828365250        0.000000000141436        0.011036929203556       -0.011036929062120
         19.592963044690499        0.000000000110415        0.008356917935550       -0.008356917825135
         19.713907261015752        0.000000000095117        0.002472445162166       -0.002472445067048
         19.834851477341001        0.000000000069505       -0.001957950401301        0.001957950470806
         19.955795693666250        0.000000000045040       -0.007988517779111        0.007988517824151
         20.076739909991499        0.000000000002677       -0.010886289361069        0.010886289363746
         20.197684126316751       -0.000000000041703       -0.013892413155377        0.013892413113674
         20.318628342642000       -0.000000000084031       -0.012927641300115        0.012927641216084
         20.439572558967249       -0.000000000117119       -0.011508284068584        0.011508283951465
         20.560516775292502       -0.000000000135818       -0.006768762923255        0.006768762787437
         20.681460991617751       -0.000000000147476       -0.002131862420768        0.002131862273292
         20.802405207943000       -0.000000000152639        0.003867816061430       -0.003867816214069
         20.923349424268253       -0.000000000153243        0.008633405348691       -0.008633405501933
         21.044293640593501       -0.000000000144443        0.012421589856855       -0.012421590001298
         21.165237856918750       -0.000000000123754        0.014225095961696       -0.014225096085450
         21.286182073243999       -0.000000000089746        0.013465920242388       -0.013465920332134
         21.407126289569252       -0.000000000050804        0.011122724029659       -0.011122724080464
         21.528070505894501       -0.000000000015518        0.006071441593962       -0.006071441609480
         21.649014722219750        0.000000000015855        0.001082094601822       -0.001082094585967
         21.769958938545003        0.000000000037330       -0.005487679817666        0.005487679854996
         21.890903154870252        0.000000000071459       -0.009788915632852        0.009788915704311
         22.011847371195501        0.000000000108829       -0.014196134912255        0.014196135021084
         22.132791587520749        0.000000000162495       -0.014672731655681        0.014672731818176
         22.253735803846002        0.000000000210409       -0.014556766512887        0.014556766723295
         22.374680020171251        0.000000000240474       -0.010264023916334        0.010264024156808
         22.495624236496500        0.000000000249268       -0.006072721709890        0.006072721959158
         22.616568452821753        0.000000000228267        0.001034048676890       -0.001034048448622
         22.737512669147002        0.000000000208905        0.006240660686228       -0.006240660477323
         22.858456885472251        0.000000000188921        0.012385778630246       -0.012385778441325
         22.979401101797500        0.000000000188022        0.014778362506159       -0.014778362318137
         23.100345318122752        0.000000000192532        0.016653986511406       -0.016653986318874
         23.221289534448001        0.000000000184076        0.014042461402481       -0.014042461218405
         23.342233750773250        0.000000000163713        0.010897814142721       -0.010897813979008
         23.463177967098503        0.000000000111080        0.004193904514634       -0.004193904403554
         23.584122183423752        0.000000000060938       -0.001614150562493        0.001614150623430
         23.705066399749001        0.000000000008458       -0.008837776258564        0.008837776267022
         23.826010616074250       -0.000000000023029       -0.013247495986488        0.013247495963459
         23.946954832399502       -0.000000000039842       -0.016910204453572        0.016910204413730
         24.067899048724751       -0.000000000054625       -0.016706181710306        0.016706181655681
         24.188843265050000       -0.000000000067503       -0.014770280986169        0.014770280918666
         24.309787481375253       -0.000000000088797       -0.009669985962780        0.009669985873983
         24.430731697700502       -0.000000000105849       -0.003459453391657        0.003459453285808
         24.551675914025751       -0.000000000113449        0.003613253527031       -0.003613253640480
         24.672620130351000       -0.000000000109614        0.010185620682837       -0.010185620792451
         24.793564346676252       -0.000000000098903        0.014866042933077       -0.014866043031980
         24.914508563001501       -0.000000000085349        0.017733183239537       -0.017733183324886
         25.035452779326750       -0.000000000077029        0.016951686081868       -0.016951686158898
         25.156396995652003       -0.000000000060564        0.014457591107433       -0.014457591167997
         25.277341211977252       -0.000000000032621        0.008396238310815       -0.008396238343436
         25.398285428302501        0.000000000009808        0.002349863603597       -0.002349863593788
         25.519229644627750        0.000000000069517       -0.005621723261729        0.005621723331246
         25.640173860953002        0.000000000113896       -0.011070216618359        0.011070216732255
         25.761118077278251        0.000000000152130       -0.016461108146609        0.016461108298739
         25.882062293603500        0.000000000160092       -0.017436810711246        0.017436810871338
         26.003006509928753        0.000000000165137       -0.017419404292824        0.017419404457960
         26.123950726254002        0.000000000178260       -0.012766835651820        0.012766835830080
         26.244894942579251        0.000000000204566       -0.007910508748019        0.007910508952585
         26.365839158904500        0.000000000253936        0.000073150422398       -0.000073150168462
         26.486783375229752        0.000000000286773        0.006179239465551       -0.006179239178778
         26.607727591555001        0.000000000305938        0.013156035802682       -0.013156035496745
         26.728671807880250        0.000000000283787        0.016147103012943       -0.016147102729157
         26.849616024205503        0.000000000241361        0.018417230879156       -0.018417230637795
         26.970560240530752        0.000000000195948        0.015864382625251       -0.015864382429303
         27.091504456856001        0.000000000157403        0.012623997379383       -0.012623997221980
         27.212448673181250        0.000000000145553        0.005526644284084       -0.005526644138530
         27.333392889506502        0.000000000129856       -0.000675716109631        0.000675716239487
         27.454337105831751        0.000000000115608       -0.008490682944326        0.008490683059933
         27.575281322157000        0.000000000076854       -0.013346249176495        0.013346249253349
         27.696225538482253        0.000000000028059       -0.017539520588030        0.017539520616089
         27.817169754807502       -0.000000000020999       -0.017647359409033        0.017647359388034
         27.938113971132751       -0.000000000059416       -0.015983840973729        0.015983840914313
         28.059058187458000       -0.000000000078321       -0.010950784486641        0.010950784408320
         28.180002403783252       -0.000000000087366       -0.004632847219747        0.004632847132381
         28.300946620108501       -0.000000000090809        0.002652325597459       -0.002652325688268
         28.421890836433750       -0.000000000093083        0.009707665592249       -0.009707665685332
         28.542835052759003       -0.000000000086527        0.014787542634479       -0.014787542721007
         28.663779269084252       -0.000000000067355        0.018313314463904       -0.018313314531259
         28.784723485409501       -0.000000000029091        0.017865005302705       -0.017865005331795
         28.905667701734750        0.000000000015644        0.015841741848192       -0.015841741832548
         29.026611918060002        0.000000000053576        0.009736691195331       -0.009736691141755
         29.147556134385251        0.000000000081408        0.003651783342731       -0.003651783261323
         29.268500350710500        0.000000000089759       -0.004872796605654        0.004872796695413
         29.389444567035753        0.000000000112155       -0.010875609889888        0.010875610002042
         29.510388783361002        0.000000000141886       -0.017088029498383        0.017088029640269
         29.631332999686251        0.000000000200898       -0.018729080348006        0.018729080548904
         29.752277216011500        0.000000000260878       -0.019259857913630        0.019259858174508
         29.873221432336752        0.000000000301939       -0.014808148617113        0.014808148919052
         29.994165648662001        0.000000000312418       -0.009753122025365        0.009753122337784
         30.115109864987250        0.000000000277588       -0.001206390271659        0.001206390549247
         30.236054081312503        0.000000000240986        0.005836030254707       -0.005836030013721
         30.356998297637752        0.000000000202161        0.013854014705416       -0.013854014503255
         30.477942513963001        0.000000000200717        0.017924859570673       -0.017924859369956
         30.598886730288250        0.000000000210947        0.020976638668707       -0.020976638457760
         30.719830946613502        0.000000000219054        0.018838732466799       -0.018838732247746
         30.840775162938751        0.000000000206198        0.015469957337041       -0.015469957130843
         30.961719379264000        0.000000000150846        0.007699395972749       -0.007699395821903
         31.082663595589253        0.000000000089821        0.000437661140725       -0.000437661050904
         31.203607811914502        0.000000000021088       -0.008811665062876        0.008811665083963
         31.324552028239751       -0.000000000016122       -0.014942261636947        0.014942261620825
         31.445496244565000       -0.000000000033504       -0.020445489997077        0.020445489963573
         31.566440460890252       -0.000000000041456       -0.021061908719491        0.021061908678035
         31.687384677215501       -0.000000000048241       -0.019784139423849        0.019784139375608
         31.808328893540750       -0.000000000069747       -0.013953693314865        0.013953693245118
         31.929273109866003       -0.000000000088814       -0.006978182565520        0.006978182476706
         32.050217326191252       -0.000000000099535        0.002102113876685       -0.002102113976219
         32.171161542516501       -0.000000000095540        0.010204521889119       -0.010204521984658
         32.292105758841750       -0.000000000081574        0.017128498765030       -0.017128498846605
         32.413049975166999       -0.000000000067550        0.021152086175421       -0.021152086242971
         32.533994191492248       -0.000000000063868        0.021678357630621       -0.021678357694489
         32.654938407817504       -0.000000000053695        0.019069783362700       -0.019069783416395
         32.775882624142753       -0.000000000033773        0.012787706025350       -0.012787706059123
         32.896826840468002        0.000000000012673        0.005256543081772       -0.005256543069099
         33.017771056793251        0.000000000081223       -0.004135019870287        0.004135019951510
         33.138715273118500        0.000000000139220       -0.011678462262261        0.011678462401481
         33.259659489443749        0.000000000185570       -0.018655747545900        0.018655747731470
         33.380603705768998        0.000000000186829       -0.021191367759542        0.021191367946371
         33.501547922094254        0.000000000179180       -0.021841181881230        0.021841182060409
         33.622492138419503        0.000000000174916       -0.017392530079597        0.017392530254513
         33.743436354744752        0.000000000195830       -0.011803442028792        0.011803442224622
         33.864380571070001        0.000000000253575       -0.002661886068712        0.002661886322287
         33.985324787395250        0.000000000302289        0.005185535539050       -0.005185535236761
         34.106269003720499        0.000000000339417        0.013876785962369       -0.013876785622952
         34.227213220045748        0.000000000319381        0.018620334564082       -0.018620334244700
         34.348157436371004        0.000000000269902        0.022040541920752       -0.022040541650850
         34.469101652696253        0.000000000206666        0.020281222062528       -0.020281221855862
         34.590045869021502        0.000000000156853        0.016861603784429       -0.016861603627576
         34.710990085346751        0.000000000142511        0.009245368921595       -0.009245368779084
         34.831934301672000        0.000000000136871        0.001558276700431       -0.001558276563560
         34.952878517997249        0.000000000134659       -0.007622869010486        0.007622869145145
         35.073822734322498        0.000000000105038       -0.014493313205481        0.014493313310519
         35.194766950647754        0.000000000055491       -0.019908302223945        0.019908302279436
         35.315711166973003        0.000000000000536       -0.021514184212424        0.021514184212960
         35.436655383298252       -0.000000000043935       -0.020019443159021        0.020019443115086
         35.557599599623501       -0.000000000065283       -0.015269410768295        0.015269410703011
         35.678543815948750       -0.000000000071721       -0.007786442531625        0.007786442459904
         35.799488032273999       -0.000000000072970        0.000389605279148       -0.000389605352118
         35.920432248599248       -0.000000000076035        0.009426742106901       -0.009426742182935
         36.041376464924504       -0.000000000072232        0.015836305994724       -0.015836306066956
         36.162320681249753       -0.000000000056359        0.021144555261389       -0.021144555317748
         36.283264897575002       -0.000000000015067        0.021495083258864       -0.021495083273931
         36.404209113900251        0.000000000036030        0.020137195190477       -0.020137195154447
         36.525153330225500        0.000000000080509        0.013687128862560       -0.013687128782051
         36.646097546550749        0.000000000108047        0.006862082993012       -0.006862082884965
         36.767041762875998        0.000000000106154       -0.003036250740734        0.003036250846888
         36.887985979201254        0.000000000113338       -0.010676193257866        0.010676193371204
         37.008930195526503        0.000000000130817       -0.018505189546311        0.018505189677128
         37.129874411851752        0.000000000189069       -0.021674809821959        0.021674810011028
         37.250818628177001        0.000000000259367       -0.023081533125905        0.023081533385272
         37.371762844502250        0.000000000316021       -0.019147605850818        0.019147606166838
         37.492707060827499        0.000000000333903       -0.013647770077317        0.013647770411220
         37.613651277152748        0.000000000293416       -0.004340669884329        0.004340670177745
         37.734595493478004        0.000000000238776        0.004277535087152       -0.004277534848376
         37.855539709803253        0.000000000178316        0.013807668457669       -0.013807668279353
         37.976483926128502        0.000000000167950        0.019711930062734       -0.019711929894784
         38.097428142453751        0.000000000178403        0.024032226807316       -0.024032226628913
         38.218372358779000        0.000000000203765        0.022943415304366       -0.022943415100601
         38.339316575104249        0.000000000201550        0.019757524058662       -0.019757523857112
         38.460260791429498        0.000000000152374        0.011662625304911       -0.011662625152537
         38.581205007754754        0.000000000083005        0.003335258448548       -0.003335258365543
         38.702149224080003       -0.000000000000729       -0.007395532956618        0.007395532955889
         38.823093440405252       -0.000000000047592       -0.015204137379990        0.015204137332398
         38.944037656730501       -0.000000000069955       -0.022453688801003        0.022453688731048
         39.064981873055750       -0.000000000071996       -0.024305215723015        0.024305215651019
         39.185926089380999       -0.000000000072434       -0.024026549717648        0.024026549645214
         39.306870305706248       -0.000000000091078       -0.018163010583599        0.018163010492521
         39.427814522031504       -0.000000000110327       -0.010927559464091        0.010927559353764
         39.548758738356753       -0.000000000123934       -0.000454731472750        0.000454731348816
         39.669702954682002       -0.000000000119720        0.008870187794647       -0.008870187914368
         39.790647171007251       -0.000000000101217        0.017837797341847       -0.017837797443064
         39.911591387332500       -0.000000000084940        0.023131074250967       -0.023131074335908
         40.032535603657749       -0.000000000082078        0.025277188367697       -0.025277188449775
         40.153479819982998       -0.000000000078383        0.023034293349581       -0.023034293427963
         40.274424036308254       -0.000000000068254        0.017160795397416       -0.017160795465670
         40.395368252633503       -0.000000000021362        0.008693942645551       -0.008693942666913
         40.516312468958752        0.000000000052351       -0.001540472348128        0.001540472400479
         40.637256685284001        0.000000000127515       -0.010920285940968        0.010920286068483
         40.758200901609250        0.000000000186617       -0.019276611058469        0.019276611245085
         40.879145117934499        0.000000000190129       -0.023599118662547        0.023599118852676
         41.000089334259748        0.000000000174225       -0.025152095743765        0.025152095917990
         41.121033550585004        0.000000000150832       -0.021532173420734        0.021532173571567
         41.241977766910253        0.000000000162026       -0.015683474207329        0.015683474369354
         41.362921983235502        0.000000000219415       -0.006088756205526        0.006088756424941
         41.483866199560751        0.000000000283946        0.003145166401778       -0.003145166117831
         41.604810415886000        0.000000000340904        0.013124582873251       -0.013124582532348
         41.725754632211249        0.000000000332981        0.019666193588235       -0.019666193255254
         41.846698848536505        0.000000000283653        0.024271805495581       -0.024271805211928
         41.967643064861754        0.000000000206236        0.023787021261089       -0.023787021054853
         42.088587281187003        0.000000000143259        0.020592913653842       -0.020592913510583
         42.209531497512252        0.000000000120087        0.013142462910043       -0.013142462789956
         42.330475713837501        0.000000000120896        0.004441438209830       -0.004441438088933
         42.451419930162750        0.000000000129523       -0.005581480254913        0.005581480384436
         42.572364146487999        0.000000000113256       -0.014256161936808        0.014256162050064
         42.693308362813255        0.000000000068079       -0.020809018023753        0.020809018091832
         42.814252579138504        0.000000000010681       -0.024109919660566        0.024109919671247
         42.935196795463753       -0.000000000038766       -0.023175089262492        0.023175089223726
         43.056141011789002       -0.000000000064074       -0.019195206792481        0.019195206728407
         43.177085228114251       -0.000000000068476       -0.011186895899601        0.011186895831125
         43.298029444439500       -0.000000000067123       -0.002584599844413        0.002584599777291
         43.418973660764749       -0.000000000069152        0.007900924471181       -0.007900924540333
         43.539917877090005       -0.000000000067494        0.015518958138181       -0.015518958205675
         43.660862093415254       -0.000000000055671        0.022455025242981       -0.022455025298652
         43.781806309740503       -0.000000000013651        0.023959168494992       -0.023959168508643
         43.902750526065752        0.000000000043001        0.023522260646742       -0.023522260603741
         44.023694742391001        0.000000000096921        0.017419617178428       -0.017419617081507
         44.144638958716250        0.000000000129079        0.010296114752258       -0.010296114623179
         44.265583175041499        0.000000000123788       -0.000282626648979        0.000282626772767
         44.386527391366755        0.000000000116882       -0.009278143459229        0.009278143576110
         44.507471607692004        0.000000000120272       -0.018371090446583        0.018371090566855
         44.628415824017253        0.000000000170547       -0.023201932131525        0.023201932302071
         44.749360040342502        0.000000000245969       -0.025614870243357        0.025614870489326
         44.870304256667751        0.000000000318636       -0.022748922440173        0.022748922758809
         44.991248472993000        0.000000000349138       -0.017274559083395        0.017274559432533
         45.112192689318249        0.000000000314569       -0.007919239244271        0.007919239558840
         45.233136905643505        0.000000000247020        0.001814248860323       -0.001814248613303
         45.354081121968754        0.000000000168434        0.012349217631791       -0.012349217463357
         45.475025338294003        0.000000000141634        0.019985267841256       -0.019985267699623
         45.595969554619252        0.000000000146104        0.025521728370981       -0.025521728224876
         45.716913770944501        0.000000000183539        0.025873423245999       -0.025873423062459
         45.837857987269750        0.000000000193116        0.023248428155389       -0.023248427962273
         45.958802203594999        0.000000000158418        0.015550403163300       -0.015550403004882
         46.079746419920255        0.000000000086857        0.006674282355962       -0.006674282269106
         46.200690636245504       -0.000000000005640       -0.004855574784515        0.004855574778876
         46.321634852570753       -0.000000000063756       -0.014073311895997        0.014073311832241
         46.442579068896002       -0.000000000094423       -0.022774952406960        0.022774952312537
         46.563523285221251       -0.000000000093535       -0.026080382942856        0.026080382849321
         46.684467501546500       -0.000000000089085       -0.027008057075341        0.027008056986257
         46.805411717871749       -0.000000000102107       -0.021759298907152        0.021759298805046
         46.926355934197005       -0.000000000119403       -0.014783284345562        0.014783284226159
         47.047300150522254       -0.000000000134720       -0.003666546334589        0.003666546199869
         47.168244366847503       -0.000000000130330        0.006426938390479       -0.006426938520809
         47.289188583172752       -0.000000000107275        0.016992356816096       -0.016992356923371
         47.410132799498001       -0.000000000087162        0.023495095436752       -0.023495095523914
         47.531077015823250       -0.000000000080479        0.027347054788605       -0.027347054869084
         47.652021232148499       -0.000000000081577        0.025875278038662       -0.025875278120238
         47.772965448473755       -0.000000000080383        0.020947258431187       -0.020947258511570
         47.893909664799004       -0.000000000038022        0.012188146369163       -0.012188146407185
         48.014853881124253        0.000000000034878        0.001758610915281       -0.001758610880402
         48.135798097449502        0.000000000125247       -0.008966425434156        0.008966425559403
         48.256742313774751        0.000000000198326       -0.018334724913875        0.018334725112200
         48.377686530100000        0.000000000213460       -0.024413979992926        0.024413980206387
         48.498630746425249        0.000000000196412       -0.026984637643034        0.026984637839445
         48.619574962750505        0.000000000157681       -0.024661569157620        0.024661569315302
         48.740519179075754        0.000000000156150       -0.019045609107228        0.019045609263378
         48.861463395401003        0.000000000202948       -0.009709832928900        0.009709833131848
         48.982407611726252        0.000000000277304        0.000379191410433       -0.000379191133129
         49.103351828051501        0.000000000349492        0.011086006664758       -0.011086006315266
         49.224296044376750        0.000000000360830        0.019216769813219       -0.019216769452389
         49.345240260701999        0.000000000319067        0.024895230424006       -0.024895230104938
         49.466184477027255        0.000000000235820        0.025956829925317       -0.025956829689497
         49.587128693352504        0.000000000160686        0.023350690683230       -0.023350690522544
         49.708072909677753        0.000000000123967        0.016680472016487       -0.016680471892520
         49.829017126003002        0.000000000124345        0.007554848844963       -0.007554848720618
         49.949961342328251        0.000000000138634       -0.002706820727049        0.002706820865683
         50.070905558653500        0.000000000135889       -0.012738681379132        0.012738681515021
         50.191849774978749        0.000000000098984       -0.020197301453669        0.020197301552653
         50.312793991304005        0.000000000043590       -0.025150757766093        0.025150757809682
         50.433738207629254       -0.000000000008531       -0.025064904064900        0.025064904056369
         50.554682423954503       -0.000000000038490       -0.022218040374527        0.022218040336037
         50.675626640279752       -0.000000000042430       -0.014350997395542        0.014350997353113
         50.796570856605001       -0.000000000039028       -0.005833494700255        0.005833494661227
         50.917515072930250       -0.000000000038571        0.005411406302813       -0.005411406341383
         51.038459289255499       -0.000000000037935        0.013940114829618       -0.013940114867553
         51.159403505580755       -0.000000000030019        0.022150719136938       -0.022150719166958
         51.280347721906004        0.000000000009526        0.024967234611487       -0.024967234601960
         51.401291938231253        0.000000000068856        0.025583544901356       -0.025583544832499
         51.522236154556502        0.000000000131800        0.020419423292420       -0.020419423160620
         51.643180370881751        0.000000000172416        0.013473171694715       -0.013473171522299
         51.764124587207000        0.000000000171690        0.002952721382956       -0.002952721211266
         51.885068803532249        0.000000000156059       -0.006929752820438        0.006929752976497
         52.006013019857505        0.000000000147158       -0.016785236683072        0.016785236830230
         52.126957236182754        0.000000000183348       -0.023162149683731        0.023162149867079
         52.247901452508003        0.000000000256068       -0.026570368817139        0.026570369073207
         52.368845668833252        0.000000000339161       -0.025139389673796        0.025139390012958
         52.489789885158501        0.000000000383536       -0.020137446758798        0.020137447142334
         52.610734101483750        0.000000000364694       -0.011414522308799        0.011414522673493
         52.731678317808999        0.000000000293404       -0.001163791757123        0.001163792050527
         52.852622534134255        0.000000000205474        0.009752690244779       -0.009752690039305
         52.973566750459504        0.000000000158523        0.018776193182224       -0.018776193023701
         53.094510966784753        0.000000000151591        0.025307928173731       -0.025307928022140
         53.215455183110002        0.000000000190693        0.027265059541793       -0.027265059351100
         53.336399399435251        0.000000000209090        0.025483662384027       -0.025483662174937
         53.457343615760500        0.000000000192250        0.018808310962814       -0.018808310770564
         53.578287832085749        0.000000000125382        0.009959683047376       -0.009959682921994
         53.699232048411005        0.000000000032884       -0.001610580035797        0.001610580068681
         53.820176264736254       -0.000000000035193       -0.011770265236060        0.011770265200867
         53.941120481061503       -0.000000000075614       -0.021443986572598        0.021443986496984
         54.062064697386752       -0.000000000076537       -0.026191054487762        0.026191054411224
         54.183008913712001       -0.000000000070795       -0.028361492683966        0.028361492613171
         54.303953130037250       -0.000000000077671       -0.024242111440587        0.024242111362916
         54.424897346362499       -0.000000000091947       -0.017999374989534        0.017999374897587
         54.545841562687755       -0.000000000107735       -0.007030332527115        0.007030332419380
         54.666785779013004       -0.000000000103822        0.003268348985299       -0.003268349089121
         54.787729995338253       -0.000000000078185        0.014790676796235       -0.014790676874420
         54.908674211663502       -0.000000000054195        0.022250575726911       -0.022250575781106
         55.029618427988751       -0.000000000040439        0.027659515811683       -0.027659515852123
         55.150562644314000       -0.000000000043467        0.027216209787982       -0.027216209831449
         55.271506860639249       -0.000000000047966        0.023625229498802       -0.023625229546768
         55.392451076964505       -0.000000000014613        0.015216822392016       -0.015216822406629
         55.513395293289754        0.000000000050884        0.005255646796039       -0.005255646745155
         55.634339509615003        0.000000000148776       -0.006158972801038        0.006158972949815
         55.755283725940252        0.000000000232116       -0.016025975162274        0.016025975394390
         55.876227942265501        0.000000000264504       -0.023584433406042        0.023584433670546
         55.997172158590750        0.000000000253617       -0.027122199937673        0.027122200191291
         56.118116374915999        0.000000000208039       -0.026361613220890        0.026361613428929
         56.239060591241255        0.000000000193970       -0.021407796537638        0.021407796731608
         56.360004807566504        0.000000000222282       -0.012983700794081        0.012983701016363
         56.480949023891753        0.000000000296246       -0.002669668963863        0.002669669260108
         56.601893240217002        0.000000000373222        0.008109183476996       -0.008109183103774
         56.722837456542251        0.000000000404553        0.017399139600617       -0.017399139196064
         56.843781672867500        0.000000000374975        0.023872644364030       -0.023872643989055
         56.964725889192749        0.000000000296153        0.026520555251164       -0.026520554955011
         57.085670105518005        0.000000000213183        0.024751399499134       -0.024751399285951
         57.206614321843254        0.000000000161866        0.019348194765752       -0.019348194603886
         57.327558538168503        0.000000000154237        0.010414900539666       -0.010414900385429
         57.448502754493752        0.000000000166296        0.000547640781781       -0.000547640615486
         57.569446970819001        0.000000000172446       -0.010223047682812        0.010223047855258
         57.690391187144250        0.000000000144579       -0.018207484549391        0.018207484693970
         57.811335403469499        0.000000000094772       -0.024542531961129        0.024542532055901
         57.932279619794755        0.000000000042810       -0.025435110264633        0.025435110307443
         58.053223836120004        0.000000000008495       -0.023920242733452        0.023920242741948
         58.174168052445253        0.000000000002767       -0.016796417352954        0.016796417355722
         58.295112268770502        0.000000000006468       -0.008863508027600        0.008863508034068
         58.416056485095751        0.000000000009546        0.002375700433323       -0.002375700423777
         58.537000701421000        0.000000000010098        0.011373272777298       -0.011373272767200
         58.657944917746249        0.000000000014910        0.020333136636253       -0.020333136621343
         58.778889134071505        0.000000000048715        0.024406592343000       -0.024406592294285
         58.899833350396754        0.000000000106233        0.026047537641036       -0.026047537534803
         59.020777566722003        0.000000000173754        0.022249116496127       -0.022249116322373
         59.141721783047252        0.000000000223219        0.015911796791084       -0.015911796567864
         59.262665999372501        0.000000000232705        0.006162211906087       -0.006162211673382
         59.383610215697750        0.000000000215710       -0.004023612656535        0.004023612872244
         59.504554432022999        0.000000000199417       -0.014026604160626        0.014026604360043
         59.625498648348255        0.000000000218598       -0.021611362867364        0.021611363085963
         59.746442864673504        0.000000000280382       -0.025836302018732        0.025836302299114
         59.867387080998753        0.000000000363345       -0.025990262564914        0.025990262928258
         59.988331297324002        0.000000000416995       -0.021805693409461        0.021805693826457
         60.109275513649251        0.000000000417433       -0.014296045603033        0.014296046020465
         60.230219729974500        0.000000000351676       -0.004173243051654        0.004173243403330
         60.351163946299749        0.000000000265338        0.006440545846861       -0.006440545581522
         60.472108162625005        0.000000000199755        0.016317268449632       -0.016317268249877
         60.593052378950254        0.000000000178533        0.023456642043792       -0.023456641865259
         60.713996595275503        0.000000000206838        0.026946333883003       -0.026946333676165
         60.834940811600752        0.000000000226972        0.026136965256644       -0.026136965029672
         60.955885027926001        0.000000000224318        0.020949598296249       -0.020949598071930
         61.076829244251250        0.000000000166570        0.012673873369859       -0.012673873203289
         61.197773460576499        0.000000000082027        0.001822010265979       -0.001822010183952
         61.318717676901755        0.000000000007751       -0.008683836191865        0.008683836199616
         61.439661893227004       -0.000000000041506       -0.018701016810198        0.018701016768692
         61.560606109552253       -0.000000000049197       -0.024654914863578        0.024654914814381
         61.681550325877502       -0.000000000046958       -0.027908097423985        0.027908097377028
         61.802494542202751       -0.000000000049850       -0.025241650084092        0.025241650034241
         61.923438758528000       -0.000000000061625       -0.020086911640321        0.020086911578696
         62.044382974853249       -0.000000000076984       -0.010009001204469        0.010009001127485
         62.165327191178505       -0.000000000074512       -0.000102558957025        0.000102558882513
         62.286271407503754       -0.000000000049522        0.011611446243438       -0.011611446292960
         62.407215623829003       -0.000000000023253        0.019611716481165       -0.019611716504418
         62.528159840154252       -0.000000000001684        0.026205099915205       -0.026205099916889
         62.649104056479501       -0.000000000003305        0.026859042187374       -0.026859042190678
         62.770048272804750       -0.000000000008441        0.024801138902672       -0.024801138911113
         62.890992489129999        0.000000000014246        0.017296553998937       -0.017296553984691
         63.011936705455255        0.000000000068011        0.008406517611945       -0.008406517543933
         63.132880921780504        0.000000000163094       -0.002966645535093        0.002966645698188
         63.253825138105753        0.000000000249375       -0.012722859724770        0.012722859974145
         63.374769354431002        0.000000000298959       -0.021275732659815        0.021275732958774
         63.495713570756251        0.000000000299549       -0.025553175795156        0.025553176094705
         63.616657787081500        0.000000000258042       -0.026392096082037        0.026392096340080
         63.737602003406749        0.000000000235944       -0.022395584448281        0.022395584684226
         63.858546219732006        0.000000000243929       -0.015405484471021        0.015405484714949
         63.979490436057254        0.000000000307531       -0.005502013013433        0.005502013320963
         64.100434652382503        0.000000000376997        0.004666012592538       -0.004666012215541
         64.221378868707745        0.000000000422573        0.014527788154504       -0.014527787731931
         64.342323085033001        0.000000000405634        0.021370455221745       -0.021370454816111
         64.463267301358258        0.000000000340281        0.025414856481563       -0.025414856141281
         64.584211517683499        0.000000000256566        0.024571081458640       -0.024571081202074
         64.705155734008756        0.000000000194491        0.020739336512382       -0.020739336317891
         64.826099950333997        0.000000000174162        0.012554587149225       -0.012554586975062
         64.947044166659254        0.000000000176703        0.003671361022118       -0.003671360845416
         65.067988382984495        0.000000000184284       -0.007129202102031        0.007129202286315
         65.188932599309751        0.000000000163168       -0.015154933385393        0.015154933548561
         65.309876815635008        0.000000000120700       -0.022401085045245        0.022401085165944
         65.430821031960249        0.000000000071795       -0.024225705022153        0.024225705093948
         65.551765248285506        0.000000000034825       -0.024041998219636        0.024041998254460
         65.672709464610747        0.000000000025634       -0.018129753376160        0.018129753401794
         65.793653680936004        0.000000000027655       -0.011192485136670        0.011192485164325
         65.914597897261245        0.000000000032412       -0.000717664606035        0.000717664638447
         66.035542113586502        0.000000000033582        0.008234085833342       -0.008234085799760
         66.156486329911758        0.000000000036877        0.017292453302291       -0.017292453265414
         66.277430546236999        0.000000000063079        0.022375091492453       -0.022375091429374
         66.398374762562256        0.000000000114577        0.024833664119384       -0.024833664004807
         66.519318978887497        0.000000000179985        0.022624571063238       -0.022624570883253
         66.640263195212754        0.000000000235066        0.017210312596970       -0.017210312361904
         66.761207411537995        0.000000000256219        0.008841310998887       -0.008841310742668
         66.882151627863252        0.000000000244712       -0.001037526047086        0.001037526291799
         67.003095844188508        0.000000000227639       -0.010524252223152        0.010524252450791
         67.124040060513749        0.000000000231508       -0.018807502174087        0.018807502405594
         67.244984276839006        0.000000000276879       -0.023513474329850        0.023513474606729
         67.365928493164247        0.000000000348220       -0.025172400869120        0.025172401217340
         67.486872709489504        0.000000000402262       -0.021994301801045        0.021994302203307
         67.607816925814745        0.000000000418112       -0.016110452463662        0.016110452881774
         67.728761142140002        0.000000000363976       -0.006717760031300        0.006717760395276
         67.849705358465258        0.000000000288753        0.002929192428494       -0.002929192139740
         67.970649574790500        0.000000000211102        0.013009049940094       -0.013009049728992
         68.091593791115756        0.000000000176693        0.020242546066045       -0.020242545889352
         68.212538007440997        0.000000000184465        0.024969208232849       -0.024969208048384
         68.333482223766254        0.000000000197947        0.025079531972454       -0.025079531774507
         68.454426440091495        0.000000000200343        0.021633374356699       -0.021633374156357
         68.575370656416752        0.000000000152367        0.014363921567687       -0.014363921415319
         68.696314872742008        0.000000000080460        0.004902796788448       -0.004902796707988
         68.817259089067250        0.000000000005310       -0.005313539877019        0.005313539882329
         68.938203305392506       -0.000000000049322       -0.014963532013187        0.014963531963865
         69.059147521717748       -0.000000000066678       -0.021710090716127        0.021710090649449
         69.180091738043004       -0.000000000071741       -0.025694042962993        0.025694042891251
         69.301035954368245       -0.000000000074136       -0.024586114009338        0.024586113935202
         69.421980170693502       -0.000000000084778       -0.020693249393899        0.020693249309121
         69.542924387018758       -0.000000000098848       -0.012121183626085        0.012121183527237
         69.663868603344000       -0.000000000098097       -0.003146251420761        0.003146251322665
         69.784812819669256       -0.000000000076459        0.007953809213875       -0.007953809290334
         69.905757035994498       -0.000000000049924        0.015979893337221       -0.015979893387145
         70.026701252319754       -0.000000000021976        0.023196481471881       -0.023196481493857
         70.147645468644996       -0.000000000018880        0.024829826741230       -0.024829826760110
         70.268589684970252       -0.000000000018855        0.024270721412162       -0.024270721431017
         70.389533901295508       -0.000000000004323        0.018070241919612       -0.018070241923935
         70.510478117620750        0.000000000037956        0.010709162851238       -0.010709162813282
         70.631422333946006        0.000000000121706        0.000094796528231       -0.000094796406525
         70.752366550271248        0.000000000203398       -0.008927456867194        0.008927457070592
         70.873310766596504        0.000000000265162       -0.017842399746341        0.017842400011503
         70.994254982921746        0.000000000279418       -0.022486526429836        0.022486526709254
         71.115199199247002        0.000000000252128       -0.024728180274541        0.024728180526669
         71.236143415572258        0.000000000229964       -0.021813131180507        0.021813131410472
         71.357087631897500        0.000000000223143       -0.016582168084476        0.016582168307619
         71.478031848222756        0.000000000270980       -0.007648834755364        0.007648835026345
         71.598976064547998        0.000000000323933        0.001286542610986       -0.001286542287053
         71.719920280873254        0.000000000374355        0.011050395893168       -0.011050395518813
         71.840864497198496        0.000000000367010        0.017745588893782       -0.017745588526772
         71.961808713523752        0.000000000320348        0.022789417961555       -0.022789417641207
         72.082752929849008        0.000000000243925        0.022793126915778       -0.022793126671853
         72.203697146174250        0.000000000178992        0.020611353577167       -0.020611353398174
         72.324641362499506        0.000000000146416        0.013607920194763       -0.013607920048347
         72.445585578824748        0.000000000136034        0.006169687077714       -0.006169686941680
         72.566529795150004        0.000000000138077       -0.003940945378130        0.003940945516207
