#             time (fs)      |   total net charge (e)  |   charge (atom_1) (e)   |   charge (atom_2) (e)   |        ...        |   charge (atom_N) (e)   |
          0.000000000000000       -0.000000000000000       -0.000000000000000        0.000000000000000
          0.120944216325250        0.000000000006667        0.000020411980504       -0.000020411973837
          0.241888432650500       -0.000000000021183        0.000016578132579       -0.000016578153763
          0.362832648975750       -0.000000000080402       -0.000080791981953        0.000080791901551
          0.483776865301000       -0.000000000165183        0.000054552314256       -0.000054552479439
          0.604721081626250       -0.000000000274718       -0.000097609425742        0.000097609151025
          0.725665297951500       -0.000000000396651        0.000317989440652       -0.000317989837302
          0.846609514276750       -0.000000000536795       -0.000429360278184        0.000429359741389
          0.967553730602000       -0.000000000673472        0.000339966770978       -0.000339967444450
          1.088497946927250       -0.000000000821383       -0.000459938215485        0.000459937394102
          1.209442163252500       -0.000000000954104        0.000761775256334       -0.000761776210438
          1.330386379577750       -0.000000001090496       -0.000706353276734        0.000706352186238
          1.451330595903000       -0.000000001203301        0.000432150954459       -0.000432152157761
          1.572274812228250       -0.000000001309524       -0.000538926798937        0.000538925489413
          1.693219028553500       -0.000000001391176        0.000700054354305       -0.000700055745481
          1.814163244878750       -0.000000001457092       -0.000283225783198        0.000283224326106
          1.935107461204000       -0.000000001499126       -0.000163495263310        0.000163493764184
          2.056051677529250       -0.000000001518422        0.000019626226929       -0.000019627745351
          2.176995893854500       -0.000000001514605        0.000001303298127       -0.000001304812733
          2.297940110179750       -0.000000001487898        0.000600610420447       -0.000600611908345
          2.418884326505000       -0.000000001436369       -0.000857026406388        0.000857024970019
          2.539828542830250       -0.000000001367914        0.000413950963214       -0.000413952331128
          2.660772759155500       -0.000000001274030       -0.000370548354723        0.000370547080693
          2.781716975480750       -0.000000001170189        0.000884573091262       -0.000884574261451
          2.902661191806000       -0.000000001041996       -0.000717820919186        0.000717819877190
          3.023605408131250       -0.000000000911714        0.000020998104704       -0.000020999016418
          3.144549624456500       -0.000000000768297       -0.000086799950014        0.000086799181717
          3.265493840781750       -0.000000000627476        0.000533834257551       -0.000533834885027
          3.386438057107000       -0.000000000484148       -0.000071765868883        0.000071765384735
          3.507382273432250       -0.000000000348337       -0.000561973000824        0.000561972652487
          3.628326489757500       -0.000000000230108        0.000189343637661       -0.000189343867769
          3.749270706082750       -0.000000000125865        0.000208122434518       -0.000208122560383
          3.870214922408000       -0.000000000049706        0.000422049266187       -0.000422049315894
          3.991159138733250        0.000000000007122       -0.000793609897469        0.000793609904591
          4.112103355058500        0.000000000020243        0.000126153155363       -0.000126153135120
          4.233047571383750        0.000000000006943        0.000117557854214       -0.000117557847271
          4.353991787709000       -0.000000000049036        0.000596090404239       -0.000596090453274
          4.474936004034250       -0.000000000133650       -0.000598165203125        0.000598165069475
          4.595880220359500       -0.000000000260512       -0.000275212619404        0.000275212358892
          4.716824436684750       -0.000000000413425        0.000304522301842       -0.000304522715267
          4.837768653010000       -0.000000000590563        0.000352298821977       -0.000352299412540
          4.958712869335250       -0.000000000786924        0.000075450299897       -0.000075451086821
          5.079657085660500       -0.000000000986430       -0.000995667852649        0.000995666866219
          5.200601301985750       -0.000000001188408        0.000698275834758       -0.000698277023166
          5.321545518311000       -0.000000001371152       -0.000082258965489        0.000082257594337
          5.442489734636251       -0.000000001537072        0.000709814955763       -0.000709816492835
          5.563433950961501       -0.000000001663605       -0.001243311450849        0.001243309787244
          5.684378167286750       -0.000000001753987        0.000334370220558       -0.000334371974545
          5.805322383612000       -0.000000001796918        0.000356994091848       -0.000356995888766
          5.926266599937250       -0.000000001791977        0.000282053451829       -0.000282055243806
          6.047210816262500       -0.000000001738281       -0.000323237964473        0.000323236226192
          6.168155032587750       -0.000000001640641       -0.000897811554313        0.000897809913671
          6.289099248913001       -0.000000001501753        0.001146386203298       -0.001146387705051
          6.410043465238251       -0.000000001335623       -0.000129737095516        0.000129735759893
          6.530987681563500       -0.000000001140811        0.000250960570523       -0.000250961711334
          6.651931897888750       -0.000000000943331       -0.001304246618714        0.001304245675382
          6.772876114214000       -0.000000000737641        0.000820224091841       -0.000820224829482
          6.893820330539250       -0.000000000545464        0.000413135292261       -0.000413135837725
          7.014764546864500       -0.000000000367767        0.000104493831833       -0.000104494199600
          7.135708763189751       -0.000000000221266       -0.001037031484329        0.001037031263063
          7.256652979515001       -0.000000000100050        0.000039418787916       -0.000039418887966
          7.377597195840250       -0.000000000014470        0.000939156824471       -0.000939156838941
          7.498541412165500        0.000000000031126        0.000183474504552       -0.000183474473426
          7.619485628490750        0.000000000040619       -0.000888896614100        0.000888896654719
          7.740429844816000        0.000000000020497       -0.000497719518034        0.000497719538531
          7.861374061141250       -0.000000000033934        0.000932850733256       -0.000932850767191
          7.982318277466501       -0.000000000117696        0.000698253325193       -0.000698253442890
          8.103262493791750       -0.000000000226590       -0.000924012359195        0.000924012132606
          8.224206710117000       -0.000000000343120       -0.000692689271272        0.000692688928152
          8.345150926442249       -0.000000000479584        0.000388441740354       -0.000388442219938
          8.466095142767500       -0.000000000618700        0.001471862617060       -0.001471863235760
          8.587039359092751       -0.000000000768049       -0.000982453300091        0.000982452532042
          8.707983575418000       -0.000000000900046       -0.000650561654671        0.000650560754625
          8.828927791743251       -0.000000001033156       -0.000383737006897        0.000383735973741
          8.949872008068500       -0.000000001149401        0.001978537066864       -0.001978538216265
          9.070816224393750       -0.000000001258663       -0.000577676953225        0.000577675694562
          9.191760440718999       -0.000000001342768       -0.000871987947294        0.000871986604526
          9.312704657044250       -0.000000001408426       -0.000677262288586        0.000677260880159
          9.433648873369501       -0.000000001452303        0.001541734441069       -0.001541735893372
          9.554593089694750       -0.000000001474245        0.000625108890751       -0.000625110364996
          9.675537306020001       -0.000000001472683       -0.001481925367001        0.001481923894318
          9.796481522345250       -0.000000001448546       -0.000484882832287        0.000484881383741
          9.917425738670500       -0.000000001400240        0.000573507997114       -0.000573509397354
         10.038369954995749       -0.000000001332492        0.001742896381250       -0.001742897713742
         10.159314171321000       -0.000000001237669       -0.001526303573463        0.001526302335794
         10.280258387646251       -0.000000001134832       -0.000703434750922        0.000703433616089
         10.401202603971500       -0.000000001011687        0.000079231390065       -0.000079232401752
         10.522146820296751       -0.000000000883012        0.001890825227928       -0.001890826110940
         10.643091036622000       -0.000000000734388       -0.000628516000355        0.000628515265966
         10.764035252947250       -0.000000000590240       -0.001335340169172        0.001335339578932
         10.884979469272501       -0.000000000449840       -0.000054686199947        0.000054685750106
         11.005923685597750       -0.000000000316543        0.001470444666587       -0.001470444983129
         11.126867901923001       -0.000000000190879        0.000450372232366       -0.000450372423245
         11.247812118248250       -0.000000000078074       -0.001648645864512        0.001648645786438
         11.368756334573501       -0.000000000002176       -0.000349365080766        0.000349365078590
         11.489700550898750        0.000000000054370        0.001025494422381       -0.001025494368012
         11.610644767224001        0.000000000075798        0.001166961987947       -0.001166961912149
         11.731588983549251        0.000000000073472       -0.001388611201940        0.001388611275411
         11.852533199874500        0.000000000017402       -0.000860315130949        0.000860315148351
         11.973477416199751       -0.000000000063651        0.000705315449825       -0.000705315513476
         12.094421632525000       -0.000000000183336        0.001365604187414       -0.001365604370749
         12.215365848850251       -0.000000000330141       -0.000576180650726        0.000576180320585
         12.336310065175500       -0.000000000507959       -0.001566689891707        0.001566689383748
         12.457254281500751       -0.000000000698924        0.000635995977363       -0.000635996676288
         12.578198497826001       -0.000000000898951        0.000996771882070       -0.000996772781021
         12.699142714151250       -0.000000001102451        0.000596676104383       -0.000596677206834
         12.820086930476501       -0.000000001286298       -0.002156788389845        0.002156787103547
         12.941031146801750       -0.000000001453118        0.000389089448620       -0.000389090901739
         13.061975363127001       -0.000000001586161        0.000809911887278       -0.000809913473439
         13.182919579452250       -0.000000001681866        0.001074126561712       -0.001074128243578
         13.303863795777501       -0.000000001729510       -0.001556959790519        0.001556958061009
         13.424808012102751       -0.000000001730225       -0.000927531666604        0.000927529936379
         13.545752228428000       -0.000000001683070        0.001440551253842       -0.001440552936912
         13.666696444753251       -0.000000001589695        0.000684495458909       -0.000684497048604
         13.787640661078500       -0.000000001455243       -0.000309016481066        0.000309015025823
         13.908584877403751       -0.000000001290119       -0.002107221886865        0.002107220596746
         14.029529093729000       -0.000000001102950        0.001352624738034       -0.001352625840984
         14.150473310054251       -0.000000000899908        0.001008955467883       -0.001008956367792
         14.271417526379501       -0.000000000694319        0.000132304545411       -0.000132305239731
         14.392361742704750       -0.000000000502601       -0.002108332538942        0.002108332036341
         14.513305959030001       -0.000000000322026        0.000222685555162       -0.000222685877189
         14.634250175355250       -0.000000000165840        0.001717504548648       -0.001717504714488
         14.755194391680501       -0.000000000043372        0.000417038619121       -0.000417038662493
         14.876138608005750        0.000000000040711       -0.001779513154629        0.001779513195340
         14.997082824331001        0.000000000101439       -0.000899725320242        0.000899725421681
         15.118027040656251        0.000000000114830        0.001854172258032       -0.001854172143201
         15.238971256981500        0.000000000095884        0.001112252950296       -0.001112252854412
         15.359915473306751        0.000000000039075       -0.001483732390993        0.001483732430068
         15.480859689632000       -0.000000000028020       -0.001637416677760        0.001637416649741
         15.601803905957251       -0.000000000135943        0.001252264643796       -0.001252264779738
         15.722748122282500       -0.000000000255555        0.002081255841892       -0.002081256097447
         15.843692338607751       -0.000000000395332       -0.001161145433149        0.001161145037817
         15.964636554933001       -0.000000000524727       -0.001888202409928        0.001888201885201
         16.085580771258250       -0.000000000669455        0.000047861622019       -0.000047862291474
         16.206524987583499       -0.000000000809837        0.002960826444556       -0.002960827254393
         16.327469203908752       -0.000000000947017       -0.000617506351224        0.000617505404207
         16.448413420234001       -0.000000001063105       -0.001848937268788        0.001848936205682
         16.569357636559250       -0.000000001166387       -0.001140529390152        0.001140528223765
         16.690301852884499       -0.000000001256651        0.003002383291199       -0.003002384547850
         16.811246069209751       -0.000000001326947        0.000617910842466       -0.000617912169413
         16.932190285535000       -0.000000001375292       -0.002028889754994        0.002028888379702
         17.053134501860249       -0.000000001398177       -0.001592030910247        0.001592029512070
         17.174078718185502       -0.000000001399363        0.001856903441588       -0.001856904840951
         17.295022934510751       -0.000000001377454        0.002302366459699       -0.002302367837152
         17.415967150836000       -0.000000001329967       -0.002096897199457        0.002096895869490
         17.536911367161249       -0.000000001268133       -0.001721246448016        0.001721245179883
         17.657855583486501       -0.000000001180547        0.000501664241886       -0.000501665422433
         17.778799799811750       -0.000000001078376        0.003184778084601       -0.003184779162976
         17.899744016136999       -0.000000000949637       -0.001187037826583        0.001187036876946
         18.020688232462252       -0.000000000821291       -0.002180489176216        0.002180488354926
         18.141632448787501       -0.000000000685254       -0.000311330423524        0.000311329738270
         18.262576665112750       -0.000000000543019        0.002906455658897       -0.002906456201916
         18.383520881437999       -0.000000000394956        0.000365827621616       -0.000365828016573
         18.504465097763251       -0.000000000251672       -0.002507466591843        0.002507466340171
         18.625409314088500       -0.000000000138592       -0.000927528060505        0.000927527921913
         18.746353530413749       -0.000000000026878        0.002134802027178       -0.002134802054056
         18.867297746739002        0.000000000056283        0.001665719015815       -0.001665718959532
         18.988241963064251        0.000000000128725       -0.002176357368553        0.002176357497278
         19.109186179389500        0.000000000139668       -0.001598089046612        0.001598089186280
         19.230130395714749        0.000000000139724        0.001305093351559       -0.001305093211835
         19.351074612040001        0.000000000092797        0.002326680231201       -0.002326680138404
         19.472018828365250        0.000000000021648       -0.001199014773261        0.001199014794909
         19.592963044690499       -0.000000000104487       -0.002276446551500        0.002276446447013
         19.713907261015752       -0.000000000244659        0.000639133139286       -0.000639133383945
         19.834851477341001       -0.000000000417421        0.002215995238047       -0.002215995655468
         19.955795693666250       -0.000000000611431        0.000289720351119       -0.000289720962551
         20.076739909991499       -0.000000000810822       -0.002902675409798        0.002902674598976
         20.197684126316751       -0.000000001010847        0.000171054139213       -0.000171055150059
         20.318628342642000       -0.000000001200897        0.001625302413317       -0.001625303614214
         20.439572558967249       -0.000000001374939        0.001620354604854       -0.001620355979794
         20.560516775292502       -0.000000001508421       -0.002728384453605        0.002728382945185
         20.681460991617751       -0.000000001610668       -0.000936628354558        0.000936626743889
         20.802405207943000       -0.000000001665793        0.001633950797112       -0.001633952462905
         20.923349424268253       -0.000000001673394        0.001745583494227       -0.001745585167620
         21.044293640593501       -0.000000001632469       -0.001197188044828        0.001197186412359
         21.165237856918750       -0.000000001543526       -0.002646646631649        0.002646645088122
         21.286182073243999       -0.000000001419879        0.001719296324579       -0.001719297744458
         21.407126289569252       -0.000000001254531        0.001726335965921       -0.001726337220452
         21.528070505894501       -0.000000001068275        0.000084617846737       -0.000084618915012
         21.649014722219750       -0.000000000870104       -0.003205496687500        0.003205495817396
         21.769958938545003       -0.000000000668841        0.000513894176213       -0.000513894845054
         21.890903154870252       -0.000000000468498        0.002395122358910       -0.002395122827408
         22.011847371195501       -0.000000000286649        0.000724256498378       -0.000724256785027
         22.132791587520749       -0.000000000138602       -0.002782666771168        0.002782666632566
         22.253735803846002        0.000000000000885       -0.001153990060682        0.001153990061567
         22.374680020171251        0.000000000085173        0.002674681957574       -0.002674681872401
         22.495624236496500        0.000000000146717        0.001590054459860       -0.001590054313143
         22.616568452821753        0.000000000154743       -0.002154209571421        0.002154209726164
         22.737512669147002        0.000000000161325       -0.002454253678661        0.002454253839986
         22.858456885472251        0.000000000096526        0.002060557031391       -0.002060556934865
         22.979401101797500        0.000000000025777        0.002711521024506       -0.002711520998729
         23.100345318122752       -0.000000000083679       -0.001383274191643        0.001383274107964
         23.221289534448001       -0.000000000184365       -0.003141509689725        0.003141509505360
         23.342233750773250       -0.000000000326766        0.000613798083240       -0.000613798410006
         23.463177967098503       -0.000000000471118        0.003771223992662       -0.003771224463780
         23.584122183423752       -0.000000000615677       -0.000466500605685        0.000466499990008
         23.705066399749001       -0.000000000749310       -0.003112502928365        0.003112502179055
         23.826010616074250       -0.000000000879039       -0.001273026096006        0.001273025216968
         23.946954832399502       -0.000000001013386        0.004211455254415       -0.004211456267801
         24.067899048724751       -0.000000001119716        0.000815516742881       -0.000815517862597
         24.188843265050000       -0.000000001213568       -0.002765912473824        0.002765911260256
         24.309787481375253       -0.000000001277842       -0.002656350496415        0.002656349218572
         24.430731697700502       -0.000000001333830        0.003281181794615       -0.003281183128445
         24.551675914025751       -0.000000001361602        0.002692684658282       -0.002692686019884
         24.672620130351000       -0.000000001367624       -0.002474737837996        0.002474736470372
         24.793564346676252       -0.000000001351778       -0.003080419301992        0.003080417950214
         24.914508563001501       -0.000000001308219        0.001295682137307       -0.001295683445526
         25.035452779326750       -0.000000001245433        0.004273802105204       -0.004273803350637
         25.156396995652003       -0.000000001156023       -0.001589392504027        0.001589391348004
         25.277341211977252       -0.000000001061071       -0.003262310592041        0.003262309530971
         25.398285428302501       -0.000000000947668       -0.000450176958307        0.000450176010638
         25.519229644627750       -0.000000000813332        0.004439578614643       -0.004439579427975
         25.640173860953002       -0.000000000670472        0.000227551915987       -0.000227552586459
         25.761118077278251       -0.000000000521968       -0.003421286005750        0.003421285483782
         25.882062293603500       -0.000000000398474       -0.001601216455842        0.001601216057367
         26.003006509928753       -0.000000000247888        0.003467207072239       -0.003467207320127
         26.123950726254002       -0.000000000127540        0.002101983608734       -0.002101983736274
         26.244894942579251        0.000000000002029       -0.002986899572839        0.002986899574869
         26.365839158904500        0.000000000062123       -0.002498950460041        0.002498950522165
         26.486783375229752        0.000000000141766        0.002116867926292       -0.002116867784526
         26.607727591555001        0.000000000164497        0.003264461610766       -0.003264461446269
         26.728671807880250        0.000000000178141       -0.001799545282863        0.001799545461004
         26.849616024205503        0.000000000116813       -0.003197746674217        0.003197746791030
         26.970560240530752        0.000000000054085        0.000805101643238       -0.000805101589154
         27.091504456856001       -0.000000000057137        0.003480972015502       -0.003480972072639
         27.212448673181250       -0.000000000201594       -0.000052551602632        0.000052551401037
         27.333392889506502       -0.000000000374200       -0.003689074655981        0.003689074281781
         27.454337105831751       -0.000000000560375       -0.000187676115508        0.000187675555133
         27.575281322157000       -0.000000000758058        0.002786635743563       -0.002786636501621
         27.696225538482253       -0.000000000970547        0.001875964805785       -0.001875965776332
         27.817169754807502       -0.000000001152659       -0.003705420104270        0.003705418951612
         27.938113971132751       -0.000000001330702       -0.001190653528496        0.001190652197794
         28.059058187458000       -0.000000001472156        0.002023096721419       -0.002023098193575
         28.180002403783252       -0.000000001582311        0.002860474855852       -0.002860476438163
         28.300946620108501       -0.000000001641014       -0.002314951125874        0.002314949484860
         28.421890836433750       -0.000000001656430       -0.002963868096139        0.002963866439709
         28.542835052759003       -0.000000001624982        0.001850375914825       -0.001850377539808
         28.663779269084252       -0.000000001541658        0.002745846237736       -0.002745847779394
         28.784723485409501       -0.000000001420900       -0.000212738227455        0.000212736806554
         28.905667701734750       -0.000000001262951       -0.004214953793342        0.004214952530392
         29.026611918060002       -0.000000001088049        0.000804818994739       -0.000804820082788
         29.147556134385251       -0.000000000885651        0.003071486293421       -0.003071487179072
         29.268500350710500       -0.000000000680786        0.001076803439046       -0.001076804119832
         29.389444567035753       -0.000000000496065       -0.003916548030690        0.003916547534625
         29.510388783361002       -0.000000000301069       -0.001268207281358        0.001268206980289
         29.631332999686251       -0.000000000155898        0.003410633226045       -0.003410633381943
         29.752277216011500       -0.000000000014920        0.002151404064184       -0.002151404079104
         29.873221432336752        0.000000000059144       -0.002960147793049        0.002960147852193
         29.994165648662001        0.000000000152272       -0.003146057224094        0.003146057376365
         30.115109864987250        0.000000000141778        0.002801670318604       -0.002801670176825
         30.236054081312503        0.000000000144819        0.003420637462832       -0.003420637318013
         30.356998297637752        0.000000000082760       -0.001727200638513        0.001727200721273
         30.477942513963001        0.000000000037727       -0.004322346507010        0.004322346544737
         30.598886730288250       -0.000000000087419        0.001188294690285       -0.001188294777704
         30.719830946613502       -0.000000000207265        0.004570336025708       -0.004570336232973
         30.840775162938751       -0.000000000338002       -0.000279781155461        0.000279780817458
         30.961719379264000       -0.000000000469928       -0.004538773249555        0.004538772779627
         31.082663595589253       -0.000000000613807       -0.001159522388853        0.001159521775046
         31.203607811914502       -0.000000000780788        0.005191579918333       -0.005191580699121
         31.324552028239751       -0.000000000902133        0.001284803461046       -0.001284804363180
         31.445496244565000       -0.000000001034657       -0.003849735008581        0.003849733973924
         31.566440460890252       -0.000000001130292       -0.003457838531762        0.003457837401470
         31.687384677215501       -0.000000001247785        0.004592700226903       -0.004592701474687
         31.808328893540750       -0.000000001315600        0.003173961489097       -0.003173962804697
         31.929273109866003       -0.000000001376057       -0.002887117086421        0.002887115710364
         32.050217326191252       -0.000000001402230       -0.004629022743436        0.004629021341206
         32.171161542516501       -0.000000001412525        0.002397278514917       -0.002397279927442
         32.292105758841750       -0.000000001398604        0.005147500067327       -0.005147501465931
         32.413049975166999       -0.000000001359158       -0.001753903751303        0.001753902392144
         32.533994191492248       -0.000000001306834       -0.004725199590090        0.004725198283256
         32.654938407817504       -0.000000001226069       -0.000309641221066        0.000309639994996
         32.775882624142753       -0.000000001117190        0.005929025227308       -0.005929026344498
         32.896826840468002       -0.000000001002808        0.000167146004711       -0.000167147007519
         33.017771056793251       -0.000000000870868       -0.004510340281745        0.004510339410877
         33.138715273118500       -0.000000000757487       -0.002302881396497        0.002302880639010
         33.259659489443749       -0.000000000585050        0.005002943308948       -0.005002943893998
         33.380603705768998       -0.000000000455985        0.002503783945467       -0.002503784401452
         33.501547922094254       -0.000000000291987       -0.003850220950319        0.003850220658332
         33.622492138419503       -0.000000000207706       -0.003575559427992        0.003575559220285
         33.743436354744752       -0.000000000056774        0.003160220755214       -0.003160220811987
         33.864380571070001        0.000000000017789        0.004208113191040       -0.004208113173251
         33.985324787395250        0.000000000110741       -0.002405424462602        0.002405424573343
         34.106269003720499        0.000000000109134       -0.004358197386479        0.004358197495613
         34.227213220045748        0.000000000136948        0.001164409427557       -0.001164409290608
         34.348157436371004        0.000000000102680        0.004782011005557       -0.004782010902877
         34.469101652696253        0.000000000033199       -0.000352690427589        0.000352690460788
         34.590045869021502       -0.000000000080914       -0.004683982973244        0.004683982892330
         34.710990085346751       -0.000000000214496       -0.000525419193659        0.000525418979163
         34.831934301672000       -0.000000000367666        0.004167883736252       -0.004167884103918
         34.952878517997249       -0.000000000575250        0.001979913666643       -0.001979914241893
         35.073822734322498       -0.000000000756643       -0.004576373614408        0.004576372857765
         35.194766950647754       -0.000000000967965       -0.001768233597440        0.001768232629476
         35.315711166973003       -0.000000001153157        0.002814654563648       -0.002814655716806
         35.436655383298252       -0.000000001342282        0.003806238867828       -0.003806240210110
         35.557599599623501       -0.000000001476532       -0.003425061910789        0.003425060434257
         35.678543815948750       -0.000000001596165       -0.003308872115610        0.003308870519445
         35.799488032273999       -0.000000001661825        0.001888160426463       -0.001888162088288
         35.920432248599248       -0.000000001683952        0.004096721432939       -0.004096723116891
         36.041376464924504       -0.000000001657326       -0.000865303582950        0.000865301925624
         36.162320681249753       -0.000000001581502       -0.005020394005830        0.005020392424328
         36.283264897575002       -0.000000001472955        0.000930289158783       -0.000930290631738
         36.404209113900251       -0.000000001317275        0.003932030092025       -0.003932031409300
         36.525153330225500       -0.000000001135893        0.001367362756644       -0.001367363892537
         36.646097546550749       -0.000000000953461       -0.005146227719012        0.005146226765551
         36.767041762875998       -0.000000000742867       -0.001283344596779        0.001283343853912
         36.887985979201254       -0.000000000561859        0.004096446121680       -0.004096446683539
         37.008930195526503       -0.000000000361489        0.002815034819070       -0.002815035180559
         37.129874411851752       -0.000000000233984       -0.003930722874695        0.003930722640711
         37.250818628177001       -0.000000000057825       -0.003723948957711        0.003723948899886
         37.371762844502250       -0.000000000009023        0.003487085935074       -0.003487085944097
         37.492707060827499        0.000000000081498        0.004232544057716       -0.004232543976217
         37.613651277152748        0.000000000078015       -0.002219857198130        0.002219857276145
         37.734595493478004        0.000000000112499       -0.005412791845144        0.005412791957643
         37.855539709803253        0.000000000021763        0.001717319267792       -0.001717319246029
         37.976483926128502       -0.000000000043485        0.005463553928269       -0.005463553971754
         38.097428142453751       -0.000000000139708       -0.000183813118703        0.000183812978995
         38.218372358779000       -0.000000000246206       -0.005991165421248        0.005991165175043
         38.339316575104249       -0.000000000387219       -0.000956506816512        0.000956506429293
         38.460260791429498       -0.000000000563556        0.006097110734207       -0.006097111297763
         38.581205007754754       -0.000000000675711        0.001917856222722       -0.001917856898434
         38.702149224080003       -0.000000000837179       -0.005243805368886        0.005243804531707
         38.823093440405252       -0.000000000951021       -0.003958180845688        0.003958179894667
         38.944037656730501       -0.000000001129442        0.005673242364065       -0.005673243493507
         39.064981873055750       -0.000000001214435        0.003945366867342       -0.003945368081777
         39.185926089380999       -0.000000001328917       -0.003588737875289        0.003588736546372
         39.306870305706248       -0.000000001387308       -0.006105250115613        0.006105248728306
         39.427814522031504       -0.000000001465270        0.003575273747829       -0.003575275213099
         39.548758738356753       -0.000000001497154        0.005986790197093       -0.005986791694248
         39.669702954682002       -0.000000001511153       -0.001784752723269        0.001784751212116
         39.790647171007251       -0.000000001502050       -0.006562370027642        0.006562368525593
         39.911591387332500       -0.000000001463684        0.000178960393167       -0.000178961856851
         40.032535603657749       -0.000000001398988        0.007266322999921       -0.007266324398910
         40.153479819982998       -0.000000001326822        0.000329453942941       -0.000329455269763
         40.274424036308254       -0.000000001227616       -0.005942143689629        0.005942142462013
         40.395368252633503       -0.000000001135592       -0.002894748027904        0.002894746892312
         40.516312468958752       -0.000000000963505        0.006650078029871       -0.006650078993375
         40.637256685284001       -0.000000000853146        0.002956397182555       -0.002956398035701
         40.758200901609250       -0.000000000678796       -0.004838519536732        0.004838518857937
         40.879145117934499       -0.000000000593940       -0.004812524017880        0.004812523423939
         41.000089334259748       -0.000000000385927        0.004444855777684       -0.004444856163611
         41.121033550585004       -0.000000000288045        0.005184304465763       -0.005184304753808
         41.241977766910253       -0.000000000132524       -0.003043038672589        0.003043038540064
         41.362921983235502       -0.000000000093708       -0.005779150968840        0.005779150875132
         41.483866199560751        0.000000000025870        0.001728381368448       -0.001728381342578
         41.604810415886000        0.000000000062640        0.006153332714968       -0.006153332652327
         41.725754632211249        0.000000000075337       -0.000603505003698        0.000603505079035
         41.846698848536505        0.000000000032739       -0.005974371661605        0.005974371694344
         41.967643064861754       -0.000000000024081       -0.000752899727970        0.000752899703889
         42.088587281187003       -0.000000000094256        0.005683056703344       -0.005683056797600
         42.209531497512252       -0.000000000263147        0.002098822979516       -0.002098823242663
         42.330475713837501       -0.000000000395836       -0.005546097625930        0.005546097230094
         42.451419930162750       -0.000000000598465       -0.002561151208538        0.002561150610073
         42.572364146487999       -0.000000000766821        0.004003748264121       -0.004003749030942
         42.693308362813255       -0.000000001000082        0.004543525216187       -0.004543526216269
         42.814252579138504       -0.000000001162466       -0.004386043317756        0.004386042155290
         42.935196795463753       -0.000000001360309       -0.003966180928398        0.003966179568090
         43.056141011789002       -0.000000001500510        0.002126566117880       -0.002126567618390
         43.177085228114251       -0.000000001623324        0.005599201934138       -0.005599203557462
         43.298029444439500       -0.000000001691265       -0.001771371963746        0.001771370272481
         43.418973660764749       -0.000000001721008       -0.005664605257496        0.005664603536489
         43.539917877090005       -0.000000001702278        0.000799740529632       -0.000799742231910
         43.660862093415254       -0.000000001632975        0.005176122623545       -0.005176124256521
         43.781806309740503       -0.000000001519127        0.001422788982842       -0.001422790501969
         43.902750526065752       -0.000000001381411       -0.006356013793531        0.006356012412121
         44.023694742391001       -0.000000001200975       -0.001320534352259        0.001320533151284
         44.144638958716250       -0.000000001023054        0.004831353010833       -0.004831354033887
         44.265583175041499       -0.000000000799974        0.003567050131486       -0.003567050931460
         44.386527391366755       -0.000000000645377       -0.005088347566000        0.005088346920623
         44.507471607692004       -0.000000000409932       -0.004199870869819        0.004199870459887
         44.628415824017253       -0.000000000307430        0.004128043450380       -0.004128043757810
         44.749360040342502       -0.000000000131846        0.005173101567862       -0.005173101699708
         44.870304256667751       -0.000000000075342       -0.002877238918475        0.002877238843133
         44.991248472993000        0.000000000053264       -0.006430716258234        0.006430716311497
         45.112192689318249        0.000000000012912        0.002200005089551       -0.002200005076639
         45.233136905643505        0.000000000026774        0.006493658087367       -0.006493658060593
         45.354081121968754       -0.000000000015594       -0.000232585872139        0.000232585856545
         45.475025338294003       -0.000000000070292       -0.007404035318390        0.007404035248098
         45.595969554619252       -0.000000000185102       -0.000776773367239        0.000776773182136
         45.716913770944501       -0.000000000341643        0.007083640409595       -0.007083640751238
         45.837857987269750       -0.000000000419110        0.002553855640478       -0.002553856059588
         45.958802203594999       -0.000000000595586       -0.006801595207192        0.006801594611606
         46.079746419920255       -0.000000000706893       -0.004282917055307        0.004282916348414
         46.200690636245504       -0.000000000932731        0.006599477507635       -0.006599478440366
         46.321634852570753       -0.000000001005939        0.005014515954869       -0.005014516960808
         46.442579068896002       -0.000000001174380       -0.004681256263205        0.004681255088825
         46.563523285221251       -0.000000001251376       -0.007332859816469        0.007332858565094
         46.684467501546500       -0.000000001406542        0.004600807928557       -0.004600809335100
         46.805411717871749       -0.000000001464118        0.007053228289861       -0.007053229753979
         46.926355934197005       -0.000000001533180       -0.001936134431495        0.001936132898315
         47.047300150522254       -0.000000001561933       -0.008578202387318        0.008578200825386
         47.168244366847503       -0.000000001581064        0.000897189488367       -0.000897191069431
         47.289188583172752       -0.000000001571481        0.008498907064023       -0.008498908635505
         47.410132799498001       -0.000000001544199        0.000747537431317       -0.000747538975515
         47.531077015823250       -0.000000001487609       -0.007827496184255        0.007827494696647
         47.652021232148499       -0.000000001423732       -0.003237664636216        0.003237663212484
         47.772965448473755       -0.000000001281587        0.008275409925531       -0.008275411207118
         47.893909664799004       -0.000000001208341        0.003602588787484       -0.003602589995825
         48.014853881124253       -0.000000001046228       -0.006088640731822        0.006088639685594
         48.135798097449502       -0.000000000976302       -0.006130864955237        0.006130863978934
         48.256742313774751       -0.000000000734653        0.005933308466515       -0.005933309201169
         48.377686530100000       -0.000000000646102        0.006246029415314       -0.006246030061416
         48.498630746425249       -0.000000000451220       -0.003753379381357        0.003753378930137
         48.619574962750505       -0.000000000397704       -0.007475654859009        0.007475654461305
         48.740519179075754       -0.000000000195711        0.002508515428887       -0.002508515624598
         48.861463395401003       -0.000000000112087        0.007635592899620       -0.007635593011707
         48.982407611726252       -0.000000000026456       -0.000822840317407        0.000822840290951
         49.103351828051501       -0.000000000004265       -0.007603080723511        0.007603080719246
         49.224296044376750        0.000000000023566       -0.000844930791724        0.000844930815290
         49.345240260701999        0.000000000051156        0.007327537679710       -0.007327537628554
         49.466184477027255       -0.000000000063018        0.002325473144765       -0.002325473207783
         49.587128693352504       -0.000000000112632       -0.006788301867727        0.006788301755095
         49.708072909677753       -0.000000000277980       -0.003427548066944        0.003427547788964
         49.829017126003002       -0.000000000368968        0.005475454748339       -0.005475455117308
         49.949961342328251       -0.000000000615280        0.005218542254087       -0.005218542869368
         50.070905558653500       -0.000000000748256       -0.005276362322049        0.005276361573793
         50.191849774978749       -0.000000000988165       -0.005039781262929        0.005039780274763
         50.312793991304005       -0.000000001153077        0.002776036280275       -0.002776037433353
         50.433738207629254       -0.000000001353285        0.007039946998761       -0.007039948352047
         50.554682423954503       -0.000000001486081       -0.002682739259499        0.002682737773418
         50.675626640279752       -0.000000001618890       -0.006411190671726        0.006411189052835
         50.796570856605001       -0.000000001693651        0.000541844440523       -0.000541846134174
         50.917515072930250       -0.000000001725297        0.006851320586826       -0.006851322312123
         51.038459289255499       -0.000000001708736        0.001138494670364       -0.001138496379101
         51.159403505580755       -0.000000001650715       -0.007424485091050        0.007424483440336
         51.280347721906004       -0.000000001540582       -0.001568409130066        0.001568407589483
         51.401291938231253       -0.000000001410739        0.005811978682872       -0.005811980093611
         51.522236154556502       -0.000000001212649        0.004309718758779       -0.004309719971428
         51.643180370881751       -0.000000001066918       -0.006399879992000        0.006399878925082
         51.764124587207000       -0.000000000814558       -0.004621934313203        0.004621933498645
         51.885068803532249       -0.000000000679046        0.004751530912525       -0.004751531591571
         52.006013019857505       -0.000000000440581        0.006276025045705       -0.006276025486286
         52.126957236182754       -0.000000000337342       -0.003728369866212        0.003728369528870
         52.247901452508003       -0.000000000117162       -0.007394337914837        0.007394337797675
         52.368845668833252       -0.000000000098359        0.002647013634470       -0.002647013732829
         52.489789885158501        0.000000000006447        0.007681538199238       -0.007681538192791
         52.610734101483750        0.000000000030993       -0.000434941719512        0.000434941750505
         52.731678317808999        0.000000000052232       -0.008781114020681        0.008781114072913
         52.852622534134255       -0.000000000010937       -0.000656974254265        0.000656974243328
         52.973566750459504       -0.000000000120853        0.008236660626289       -0.008236660747142
         53.094510966784753       -0.000000000137201        0.003088042210605       -0.003088042347806
         53.215455183110002       -0.000000000310703       -0.008398682088247        0.008398681777544
         53.336399399435251       -0.000000000388328       -0.004591920622785        0.004591920234457
         53.457343615760500       -0.000000000640143        0.007544223125854       -0.007544223765998
         53.578287832085749       -0.000000000671074        0.006239586935637       -0.006239587606711
         53.699232048411005       -0.000000000892908       -0.006079819294533        0.006079818401625
         53.820176264736254       -0.000000000966515       -0.008332018526526        0.008332017560011
         53.941120481061503       -0.000000001195774        0.005415910051011       -0.005415911246785
         54.062064697386752       -0.000000001248937        0.008496164665906       -0.008496165914843
         54.183008913712001       -0.000000001377397       -0.002432885107599        0.002432883730202
         54.303953130037250       -0.000000001435955       -0.010519051226590        0.010519049790636
         54.424897346362499       -0.000000001526179        0.001598980482669       -0.001598982008848
         54.545841562687755       -0.000000001565351        0.009845510911076       -0.009845512476427
         54.666785779013004       -0.000000001579252        0.001265610313031       -0.001265611892283
         54.787729995338253       -0.000000001571374       -0.010106003672494        0.010106002101120
         54.908674211663502       -0.000000001545071       -0.003314032076100        0.003314030531029
         55.029618427988751       -0.000000001462627        0.009811783270989       -0.009811784733615
         55.150562644314000       -0.000000001428791        0.004564591153446       -0.004564592582237
         55.271506860639249       -0.000000001298460       -0.007759629493422        0.007759628194961
         55.392451076964505       -0.000000001249800       -0.007395575249178        0.007395573999378
         55.513395293289754       -0.000000001010553        0.007523652967481       -0.007523653978034
         55.634339509615003       -0.000000000957898        0.007501590745229       -0.007501591703127
         55.755283725940252       -0.000000000748094       -0.004624869926966        0.004624869178872
         55.876227942265501       -0.000000000701773       -0.009426433207642        0.009426432505870
         55.997172158590750       -0.000000000437536        0.003498926912537       -0.003498927350073
         56.118116374915999       -0.000000000342660        0.009274796635682       -0.009274796978342
         56.239060591241255       -0.000000000203938       -0.001035215326214        0.001035215122276
         56.360004807566504       -0.000000000137029       -0.009601735146453        0.009601735009424
         56.480949023891753       -0.000000000030173       -0.000798278964607        0.000798278934434
         56.601893240217002        0.000000000085674        0.009142228657369       -0.009142228571695
         56.722837456542251        0.000000000022806        0.002684727071383       -0.002684727048578
         56.843781672867500        0.000000000071595       -0.008401998603205        0.008401998674800
         56.964725889192749       -0.000000000046069       -0.004292505953664        0.004292505907594
         57.085670105518005       -0.000000000015992        0.007150191999548       -0.007150192015541
         57.206614321843254       -0.000000000257995        0.006011662121714       -0.006011662379709
         57.327558538168503       -0.000000000307626       -0.006295281123435        0.006295280815809
         57.448502754493752       -0.000000000559889       -0.006448742036744        0.006448741476855
         57.569446970819001       -0.000000000681705        0.003837950647916       -0.003837951329621
         57.690391187144250       -0.000000000934205        0.008389284054119       -0.008389284988325
         57.811335403469499       -0.000000001079097       -0.003443086376922        0.003443085297825
         57.932279619794755       -0.000000001291426       -0.007568044376950        0.007568043085525
         58.053223836120004       -0.000000001439248        0.000445410234022       -0.000445411673269
         58.174168052445253       -0.000000001557868        0.008789294709893       -0.008789296267760
         58.295112268770502       -0.000000001644272        0.000627463202471       -0.000627464846743
         58.416056485095751       -0.000000001682077       -0.008397741259726        0.008397739577649
         58.537000701421000       -0.000000001671356       -0.002143116461062        0.002143114789706
         58.657944917746249       -0.000000001622109        0.007257060800271       -0.007257062422381
         58.778889134071505       -0.000000001499531        0.004872790478831       -0.004872791978362
         58.899833350396754       -0.000000001398949       -0.007742986617179        0.007742985218230
         59.020777566722003       -0.000000001182472       -0.005129983110759        0.005129981928287
         59.141721783047252       -0.000000001050477        0.005455718792756       -0.005455719843233
         59.262665999372501       -0.000000000790162        0.007543995413558       -0.007543996203720
         59.383610215697750       -0.000000000669038       -0.004797968567837        0.004797967898798
         59.504554432022999       -0.000000000383927       -0.008319817741616        0.008319817357689
         59.625498648348255       -0.000000000310860        0.003059799639655       -0.003059799950514
         59.746442864673504       -0.000000000121962        0.009062717312176       -0.009062717434138
         59.867387080998753       -0.000000000031249       -0.000799005722623        0.000799005691374
         59.988331297324002        0.000000000079703       -0.010152271760151        0.010152271839853
         60.109275513649251        0.000000000087171       -0.000591473081366        0.000591473168537
         60.230219729974500        0.000000000041808        0.009584891984272       -0.009584891942464
         60.351163946299749        0.000000000110538        0.003492288957330       -0.003492288846792
         60.472108162625005       -0.000000000040306       -0.009994091634672        0.009994091594366
         60.593052378950254       -0.000000000047688       -0.004979826963872        0.004979826916184
         60.713996595275503       -0.000000000305836        0.008648730019422       -0.008648730325258
         60.834940811600752       -0.000000000262005        0.007465473561939       -0.007465473823944
         60.955885027926001       -0.000000000534918       -0.007627367114363        0.007627366579445
         61.076829244251250       -0.000000000569005       -0.009257170679010        0.009257170110005
         61.197773460576499       -0.000000000860008        0.006142907435641       -0.006142908295650
         61.318717676901755       -0.000000000877570        0.010266548914505       -0.010266549792075
         61.439661893227004       -0.000000001073258       -0.003318392152850        0.003318391079592
         61.560606109552253       -0.000000001147771       -0.012261991945564        0.012261990797794
         61.681550325877502       -0.000000001309455        0.002096489381592       -0.002096490691047
         61.802494542202751       -0.000000001377445        0.011549793929714       -0.011549795307159
         61.923438758528000       -0.000000001429737        0.001620503871376       -0.001620505301113
         62.044382974853249       -0.000000001477633       -0.012553207741935        0.012553206264302
         62.165327191178505       -0.000000001497182       -0.003285757139762        0.003285755642580
         62.286271407503754       -0.000000001491989        0.011359415381988       -0.011359416873977
         62.407215623829003       -0.000000001484306        0.005824794725363       -0.005824796209669
         62.528159840154252       -0.000000001405275       -0.009921241684518        0.009921240279242
         62.649104056479501       -0.000000001380230       -0.008499022152289        0.008499020772060
         62.770048272804750       -0.000000001187729        0.009098625410979       -0.009098626598708
         62.890992489129999       -0.000000001179104        0.009095842855518       -0.009095844034622
         63.011936705455255       -0.000000000977006       -0.005800958769100        0.005800957792094
         63.132880921780504       -0.000000000949731       -0.011547102492581        0.011547101542849
         63.253825138105753       -0.000000000656763        0.004644756068977       -0.004644756725741
         63.374769354431002       -0.000000000586111        0.011147409929793       -0.011147410515904
         63.495713570756251       -0.000000000416169       -0.001288044282132        0.001288043865963
         63.616657787081500       -0.000000000327997       -0.011987281922776        0.011987281594778
         63.737602003406749       -0.000000000158322       -0.000615448627768        0.000615448469445
         63.858546219732006        0.000000000018009        0.011179618724222       -0.011179618706213
         63.979490436057254       -0.000000000010355        0.003172677191922       -0.003172677202277
         64.100434652382503        0.000000000135876       -0.010441933408749        0.010441933544625
         64.221378868707745        0.000000000059769       -0.005143375735410        0.005143375795179
         64.342323085033001        0.000000000230519        0.009026376950893       -0.009026376720374
         64.463267301358258       -0.000000000007543        0.007035949344080       -0.007035949351623
         64.584211517683499        0.000000000068476       -0.007617795390612        0.007617795459088
         64.705155734008756       -0.000000000182804       -0.008075514779119        0.008075514596315
         64.826099950333997       -0.000000000192853        0.005201635014435       -0.005201635207288
         64.947044166659254       -0.000000000481391        0.009806465333554       -0.009806465814945
         65.067988382984495       -0.000000000575238       -0.004116210764077        0.004116210188839
         65.188932599309751       -0.000000000835425       -0.009266694879677        0.009266694044252
         65.309876815635008       -0.000000001008770        0.000718545507445       -0.000718546516215
         65.430821031960249       -0.000000001185319        0.010785047429880       -0.010785048615199
         65.551765248285506       -0.000000001350713        0.000159928547275       -0.000159929897988
         65.672709464610747       -0.000000001474431       -0.009557644163991        0.009557642689560
         65.793653680936004       -0.000000001578031       -0.002931959689345        0.002931958111314
         65.914597897261245       -0.000000001608545        0.009228277417238       -0.009228279025783
         66.035542113586502       -0.000000001605030        0.005158761050315       -0.005158762655344
         66.156486329911758       -0.000000001572636       -0.008986400996009        0.008986399423372
         66.277430546236999       -0.000000001444368       -0.005944418648849        0.005944417204481
         66.398374762562256       -0.000000001357230        0.006448993857391       -0.006448995214621
         66.519318978887497       -0.000000001129871        0.008888632159392       -0.008888633289263
         66.640263195212754       -0.000000001027543       -0.006048129578794        0.006048128551250
         66.761207411537995       -0.000000000727474       -0.009265606843088        0.009265606115614
         66.882151627863252       -0.000000000622566        0.003453673785853       -0.003453674408419
         67.003095844188508       -0.000000000377538        0.010688254019009       -0.010688254396547
         67.124040060513749       -0.000000000241230       -0.001352549409964        0.001352549168734
         67.244984276839006       -0.000000000045275       -0.011539377079002        0.011539377033727
         67.365928493164247        0.000000000038424       -0.000576834375128        0.000576834413552
         67.486872709489504        0.000000000061530        0.011148829030760       -0.011148828969229
         67.607816925814745        0.000000000228768        0.003774504930858       -0.003774504702090
         67.728761142140002        0.000000000117498       -0.011609304113587        0.011609304231085
         67.849705358465258        0.000000000212451       -0.005467664437763        0.005467664650214
         67.970649574790500       -0.000000000039487        0.009975480134566       -0.009975480174053
         68.091593791115756        0.000000000113638        0.008613879189505       -0.008613879075867
         68.212538007440997       -0.000000000205974       -0.009218354516500        0.009218354310526
         68.333482223766254       -0.000000000152740       -0.010259855504123        0.010259855351383
         68.454426440091495       -0.000000000495116        0.006959531078309       -0.006959531573426
         68.575370656416752       -0.000000000444880        0.012200230099241       -0.012200230544121
         68.696314872742008       -0.000000000716805       -0.004469975960814        0.004469975244010
         68.817259089067250       -0.000000000778686       -0.013878092437376        0.013878091658690
         68.938203305392506       -0.000000000998597        0.002393121363875       -0.002393122362471
         69.059147521717748       -0.000000001074802        0.013701990119162       -0.013701991193964
         69.180091738043004       -0.000000001166803        0.001629834933412       -0.001629836100214
         69.301035954368245       -0.000000001278532       -0.014939837309111        0.014939836030579
         69.421980170693502       -0.000000001336242       -0.003392866085051        0.003392864748808
         69.542924387018758       -0.000000001411990        0.013155627629985       -0.013155629041976
         69.663868603344000       -0.000000001409756        0.007187180032399       -0.007187181442156
         69.784812819669256       -0.000000001408715       -0.012465083802648        0.012465082393933
         69.905757035994498       -0.000000001405634       -0.009471628100607        0.009471626694973
         70.026701252319754       -0.000000001300477        0.010634394791276       -0.010634396091753
         70.147645468644996       -0.000000001319597        0.011119218075364       -0.011119219394961
         70.268589684970252       -0.000000001149391       -0.007420623273188        0.007420622123797
         70.389533901295508       -0.000000001144314       -0.013713328354515        0.013713327210201
         70.510478117620750       -0.000000000868546        0.005839527094427       -0.005839527962973
         70.631422333946006       -0.000000000843685        0.013376587553694       -0.013376588397380
         70.752366550271248       -0.000000000660313       -0.001677685196486        0.001677684536173
         70.873310766596504       -0.000000000569688       -0.014733624271875        0.014733623702186
         70.994254982921746       -0.000000000363245       -0.000320898897839        0.000320898534594
         71.115199199247002       -0.000000000163376        0.013502266735187       -0.013502266898563
         71.236143415572258       -0.000000000177542        0.003771227620456       -0.003771227797998
         71.357087631897500        0.000000000055506       -0.012945769998562        0.012945770054068
         71.478031848222756        0.000000000003684       -0.005991622004262        0.005991622007945
         71.598976064547998        0.000000000311969        0.011148499555093       -0.011148499243124
         71.719920280873254        0.000000000061509        0.008337801191965       -0.008337801130457
         71.840864497198496        0.000000000292119       -0.009348156340428        0.009348156632546
         71.961808713523752        0.000000000036229       -0.009864963546356        0.009864963582585
         72.082752929849008        0.000000000192492        0.006786917808635       -0.006786917616142
         72.203697146174250       -0.000000000129278        0.011490357037220       -0.011490357166498
         72.324641362499506       -0.000000000110367       -0.004889879081928        0.004889878971562
         72.445585578824748       -0.000000000392109       -0.011453570330815        0.011453569938705
         72.566529795150004       -0.000000000523586        0.001358369035001       -0.001358369558586
