#             time (fs)      |   total net charge (e)  |   charge (atom_1) (e)   |   charge (atom_2) (e)   |        ...        |   charge (atom_N) (e)   |
          0.000000000000000       -0.000000000000000       -0.000000000000000        0.000000000000000
          0.120944216325250       -0.000000047435869       -0.184814813332563        0.184814765896694
          0.241888432650500       -0.000000029190169        0.137259064567776       -0.137259093757945
          0.362832648975750       -0.000000104182956       -0.005356664653641        0.005356560470685
          0.483776865301000       -0.000000134619669        0.214667425741310       -0.214667560360979
          0.604721081626250       -0.000000084851599       -0.082303304587919        0.082303219736320
          0.725665297951500       -0.000000149441002        0.020868440841032       -0.020868590282033
          0.846609514276750       -0.000000223694788       -0.210240965435343        0.210240741740555
          0.967553730602000       -0.000000098082785        0.001870166089464       -0.001870264172249
          1.088497946927250       -0.000000174806658       -0.016171472376730        0.016171297570073
          1.209442163252500       -0.000000276195407        0.140819674162551       -0.140819950357958
          1.330386379577750       -0.000000117332471        0.114513292333642       -0.114513409666113
          1.451330595903000       -0.000000197252999       -0.021853822121426        0.021853624868427
          1.572274812228250       -0.000000254513707       -0.021103786164065        0.021103531650358
          1.693219028553500       -0.000000174993028       -0.218706747656012        0.218706572662984
          1.814163244878750       -0.000000183042718        0.037212485930224       -0.037212668972942
          1.935107461204000       -0.000000205996585       -0.058660010743883        0.058659804747297
          2.056051677529250       -0.000000209118966        0.212441555006235       -0.212441764125201
          2.176995893854500       -0.000000180842582        0.045211105103808       -0.045211285946389
          2.297940110179750       -0.000000192573951        0.032622156400410       -0.032622348974362
          2.418884326505000       -0.000000187119814       -0.081459196871078        0.081459009751264
          2.539828542830250       -0.000000214104521       -0.180905034223853        0.180904820119332
          2.660772759155500       -0.000000193940281        0.024235877542586       -0.024236071482868
          2.781716975480750       -0.000000174646177       -0.048376030014306        0.048375855368129
          2.902661191806000       -0.000000202559327        0.230983527331145       -0.230983729890472
          3.023605408131250       -0.000000241610255        0.002076025143207       -0.002076266753462
          3.144549624456500       -0.000000187630189        0.076898711464779       -0.076898899094969
          3.265493840781750       -0.000000153888120       -0.151488619713613        0.151488465825493
          3.386438057107000       -0.000000296916426       -0.099611568537253        0.099611271620827
          3.507382273432250       -0.000000169503219       -0.041228685061900        0.041228515558681
          3.628326489757500       -0.000000132420090        0.023571278837738       -0.023571411257827
          3.749270706082750       -0.000000281610118        0.178128839330219       -0.178129120940337
          3.870214922408000       -0.000000145678356        0.013709984290863       -0.013710129969219
          3.991159138733250       -0.000000136152711        0.078812663023765       -0.078812799176476
          4.112103355058500       -0.000000221015531       -0.195808285358912        0.195808064343382
          4.233047571383750       -0.000000122113610       -0.008309815632188        0.008309693518578
          4.353991787709000       -0.000000122807292       -0.144640012351396        0.144639889544104
          4.474936004034250       -0.000000159929917        0.169280159063614       -0.169280318993531
          4.595880220359500       -0.000000063923011        0.004631544833466       -0.004631608756477
          4.716824436684750       -0.000000095630889        0.183660102180067       -0.183660197810956
          4.837768653010000       -0.000000094004192       -0.119792912668503        0.119792818664311
          4.958712869335250        0.000000019720512        0.002212490879429       -0.002212471158917
          5.079657085660500       -0.000000074465974       -0.186885783265808        0.186885708799834
          5.200601301985750       -0.000000002448574        0.042122285129438       -0.042122287578013
          5.321545518311000        0.000000066228355        0.012959718214576       -0.012959651986221
          5.442489734636251       -0.000000035788969        0.127626829248584       -0.127626865037553
          5.563433950961501        0.000000074597222        0.077738988953428       -0.077738914356206
          5.684378167286750        0.000000061281578       -0.065931047627013        0.065931108908591
          5.805322383612000        0.000000044150848       -0.017274965372223        0.017275009523071
          5.926266599937250        0.000000087555172       -0.194579630663520        0.194579718218692
          6.047210816262500        0.000000078049698        0.094317898308262       -0.094317820258564
          6.168155032587750        0.000000081780323       -0.050792980210126        0.050793061990449
          6.289099248913001        0.000000088112661        0.206729484982438       -0.206729396869777
          6.410043465238251        0.000000064331854       -0.017500215737470        0.017500280069324
          6.530987681563500        0.000000048445584        0.018443476628209       -0.018443428182625
          6.651931897888750        0.000000089338840       -0.106930681405164        0.106930770744004
          6.772876114214000       -0.000000018669146       -0.115302700192684        0.115302681523538
          6.893820330539250        0.000000026257094        0.038049818532635       -0.038049792275541
          7.014764546864500        0.000000004858723       -0.003674941841594        0.003674946700317
          7.135708763189751       -0.000000102324612        0.199702352116253       -0.199702454440865
          7.256652979515001       -0.000000043092124       -0.045536471036018        0.045536427943894
          7.377597195840250       -0.000000150115990        0.073699714791020       -0.073699864907010
          7.498541412165500       -0.000000189031108       -0.216315449751268        0.216315260720161
          7.619485628490750       -0.000000189233049        0.020008610395237       -0.020008799628286
          7.740429844816000       -0.000000305067587       -0.122873330554103        0.122873025486515
          7.861374061141250       -0.000000314631633        0.195889856551692       -0.195890171183324
          7.982318277466501       -0.000000353141583        0.001827360468909       -0.001827713610492
          8.103262493791750       -0.000000461993258        0.166357126397613       -0.166357588390870
          8.224206710117000       -0.000000464883074       -0.152354038301834        0.152353573418760
          8.345150926442249       -0.000000492198701       -0.014646165387777        0.014645673189077
          8.466095142767500       -0.000000639907797       -0.185583478704387        0.185582838796590
          8.587039359092751       -0.000000600343516        0.072344324844248       -0.072344925187764
          8.707983575418000       -0.000000620286266        0.041501887306029       -0.041502507592295
          8.828927791743251       -0.000000806508887        0.147236805443358       -0.147237611952244
          8.949872008068500       -0.000000719261593        0.055437626025151       -0.055438345286744
          9.070816224393750       -0.000000758367390       -0.092061931250698        0.092061172883308
          9.191760440718999       -0.000000888143311       -0.057790205158626        0.057789317015315
          9.312704657044250       -0.000000839472735       -0.184844583759334        0.184843744286599
          9.433648873369501       -0.000000856601161        0.110909862830257       -0.110910719431418
          9.554593089694750       -0.000000895264815       -0.001397756779441        0.001396861514626
          9.675537306020001       -0.000000920767228        0.214605770261957       -0.214606691029185
          9.796481522345250       -0.000000903156963       -0.021180951993441        0.021180048836477
          9.917425738670500       -0.000000913042698       -0.034990571309139        0.034989658266441
         10.038369954995749       -0.000000912058165       -0.117585308044133        0.117584395985969
         10.159314171321000       -0.000000925140869       -0.137927686510664        0.137926761369795
         10.280258387646251       -0.000000913022925        0.095246122463595       -0.095247035486520
         10.401202603971500       -0.000000870383794        0.009414538053689       -0.009415408437483
         10.522146820296751       -0.000000878297932        0.223480279544248       -0.223481157842180
         10.643091036622000       -0.000000892485468       -0.062013758863841        0.062012866378373
         10.764035252947250       -0.000000849433898        0.008212724719018       -0.008213574152916
         10.884979469272501       -0.000000755852467       -0.178056526667884        0.178055770815417
         11.005923685597750       -0.000000861490714       -0.056424347518522        0.056423486027808
         11.126867901923001       -0.000000779614926        0.029290760137647       -0.029291539752573
         11.247812118248250       -0.000000635021010        0.074935710280605       -0.074936345301615
         11.368756334573501       -0.000000777141260        0.164550938815252       -0.164551715956513
         11.489700550898750       -0.000000672189079       -0.047083905309243        0.047083233120164
         11.610644767224001       -0.000000555346684        0.012947273855725       -0.012947829202410
         11.731588983549251       -0.000000647934513       -0.211902618349335        0.211901970414822
         11.852533199874500       -0.000000567176835        0.031976247090137       -0.031976814266973
         11.973477416199751       -0.000000476857221       -0.075732162961790        0.075731686104569
         12.094421632525000       -0.000000520140286        0.210083447026605       -0.210083967166890
         12.215365848850251       -0.000000446944007       -0.010000936151643        0.010000489207636
         12.336310065175500       -0.000000390369308        0.124823781016000       -0.124824171385308
         12.457254281500751       -0.000000414839248       -0.179084458778787        0.179084043939538
         12.578198497826001       -0.000000302186962       -0.006423703712632        0.006423401525670
         12.699142714151250       -0.000000327232768       -0.151241587683369        0.151241260450601
         12.820086930476501       -0.000000312128062        0.113926357590358       -0.113926669718420
         12.941031146801750       -0.000000186735601        0.036960652910535       -0.036960839646136
         13.061975363127001       -0.000000287462913        0.123484135873376       -0.123484423336288
         13.182919579452250       -0.000000211959697        0.004084506779711       -0.004084718739408
         13.303863795777501       -0.000000163339192       -0.101630013486140        0.101629850146948
         13.424808012102751       -0.000000220263598       -0.038955306578891        0.038955086315293
         13.545752228428000       -0.000000165223319       -0.140675118653341        0.140674953430023
         13.666696444753251       -0.000000168250510        0.147747432957795       -0.147747601208305
         13.787640661078500       -0.000000166539322       -0.019143463984729        0.019143297445407
         13.908584877403751       -0.000000162602645        0.189526246034472       -0.189526408637117
         14.029529093729000       -0.000000169200608       -0.084129642607490        0.084129473406882
         14.150473310054251       -0.000000204198747       -0.020025607738930        0.020025403540183
         14.271417526379501       -0.000000147351943       -0.120927119824092        0.120926972472149
         14.392361742704750       -0.000000224550624       -0.058719159323930        0.058718934773306
         14.513305959030001       -0.000000237386900        0.089494202205228       -0.089494439592128
         14.634250175355250       -0.000000183199683        0.030481821633019       -0.030482004832702
         14.755194391680501       -0.000000297481040        0.169042313804619       -0.169042611285658
         14.876138608005750       -0.000000257797339       -0.103782263535895        0.103782005738556
         14.997082824331001       -0.000000300882113        0.022243685654293       -0.022243986536405
         15.118027040656251       -0.000000350041023       -0.213305392228053        0.213305042187030
         15.238971256981500       -0.000000321256767        0.070106173875996       -0.070106495132763
         15.359915473306751       -0.000000416237263       -0.057749700780445        0.057749284543182
         15.480859689632000       -0.000000409822777        0.219541646853116       -0.219542056675893
         15.601803905957251       -0.000000403379204       -0.029168695452405        0.029168292073201
         15.722748122282500       -0.000000498324182        0.099067104269883       -0.099067602594066
         15.843692338607751       -0.000000493496404       -0.202984976822562        0.202984483326158
         15.964636554933001       -0.000000461306428       -0.005112866613733        0.005112405307306
         16.085580771258250       -0.000000575012412       -0.133986120181967        0.133985545169554
         16.206524987583499       -0.000000575415105        0.148876008635328       -0.148876584050433
         16.327469203908752       -0.000000500075655        0.050215872342577       -0.050216372418232
         16.448413420234001       -0.000000659110043        0.126478915749305       -0.126479574859349
         16.569357636559250       -0.000000629796847       -0.036224606372590        0.036223976575743
         16.690301852884499       -0.000000567438718       -0.120614033510106        0.120613466071388
         16.811246069209751       -0.000000701178150       -0.066043090554716        0.066042389376566
         16.932190285535000       -0.000000665434206       -0.106217480580405        0.106216815146199
         17.053134501860249       -0.000000645753113        0.170414806163551       -0.170415451916664
         17.174078718185502       -0.000000675402573        0.018003156393732       -0.018003831796305
         17.295022934510751       -0.000000691127210        0.179322976428155       -0.179323667555364
         17.415967150836000       -0.000000679654918       -0.111644977978296        0.111644298323378
         17.536911367161249       -0.000000672912801       -0.059973230659340        0.059972557746539
         17.657855583486501       -0.000000681713584       -0.125664107331573        0.125663425617990
         17.778799799811750       -0.000000686446481       -0.048573817834435        0.048573131387953
         17.899744016136999       -0.000000694861358        0.143592266618446       -0.143592961479804
         18.020688232462252       -0.000000658735895        0.034546745869427       -0.034547404605322
         18.141632448787501       -0.000000677180745        0.173781381176346       -0.173782058357091
         18.262576665112750       -0.000000697637014       -0.140939049040585        0.140938351403571
         18.383520881437999       -0.000000702003965       -0.021065767954850        0.021065065950885
         18.504465097763251       -0.000000641171869       -0.175296743729231        0.175296102557362
         18.625409314088500       -0.000000719879451        0.030095966214868       -0.030096686094319
         18.746353530413749       -0.000000753727754        0.070336995801958       -0.070337749529711
         18.867297746739002       -0.000000617751488        0.103377689307756       -0.103378307059244
         18.988241963064251       -0.000000766696018        0.099095874673640       -0.099096641369658
         19.109186179389500       -0.000000780864884       -0.102062257662591        0.102061476797707
         19.230130395714749       -0.000000669192830       -0.034088053936566        0.034087384743736
         19.351074612040001       -0.000000825226468       -0.179637261926876        0.179636436700408
         19.472018828365250       -0.000000833806586        0.089020875919183       -0.089021709725769
         19.592963044690499       -0.000000770506242       -0.015590382248000        0.015589611741757
         19.713907261015752       -0.000000903256903        0.209406590233878       -0.209407493490781
         19.834851477341001       -0.000000912810015       -0.053831841370291        0.053830928560275
         19.955795693666250       -0.000000882427639        0.057645558242761       -0.057646440670400
         20.076739909991499       -0.000001010076495       -0.203587144964080        0.203586134887585
         20.197684126316751       -0.000000978595520        0.014130233377680       -0.014131211973200
         20.318628342642000       -0.000001008960358       -0.086378715725586        0.086377706765228
         20.439572558967249       -0.000001116342240        0.156703256166690       -0.156704372508929
         20.560516775292502       -0.000001032522846        0.042109644566205       -0.042110677089051
         20.681460991617751       -0.000001146513446        0.071763644406132       -0.071764790919578
         20.802405207943000       -0.000001176395923       -0.050145348576156        0.050144172180232
         20.923349424268253       -0.000001123817571       -0.128738977787286        0.128737853969715
         21.044293640593501       -0.000001222115191       -0.009189480462043        0.009188258346852
         21.165237856918750       -0.000001201347502       -0.084040299036037        0.084039097688535
         21.286182073243999       -0.000001208504389        0.191263321561075       -0.191264530065464
         21.407126289569252       -0.000001219954008       -0.022443516388194        0.022442296434186
         21.528070505894501       -0.000001217839447        0.139828921499748       -0.139830139339195
         21.649014722219750       -0.000001208345061       -0.136792632274571        0.136791423929510
         21.769958938545003       -0.000001231886767       -0.044614692986129        0.044613461099362
         21.890903154870252       -0.000001165307422       -0.084492995547348        0.084491830239926
         22.011847371195501       -0.000001171955787       -0.006431004810032        0.006429832854244
         22.132791587520749       -0.000001194735255        0.137724913241190       -0.137726107976446
         22.253735803846002       -0.000001074089187        0.015484761809670       -0.015485835898857
         22.374680020171251       -0.000001124477742        0.123443568328346       -0.123444692806088
         22.495624236496500       -0.000001076889379       -0.164774407584982        0.164773330695603
         22.616568452821753       -0.000001027886150        0.008302208958796       -0.008303236844946
         22.737512669147002       -0.000001028713912       -0.179447325011713        0.179446296297801
         22.858456885472251       -0.000000954070464        0.132571196190347       -0.132572150260811
         22.979401101797500       -0.000000979291841       -0.015789520564659        0.015788541272817
         23.100345318122752       -0.000000908647526        0.205524940220255       -0.205525848867780
         23.221289534448001       -0.000000852426583       -0.085148686555883        0.085147834129300
         23.342233750773250       -0.000000893075652        0.039623369469238       -0.039624262544890
         23.463177967098503       -0.000000820621464       -0.218774065048877        0.218773244427413
         23.584122183423752       -0.000000753348910        0.041229234328940       -0.041229987677850
         23.705066399749001       -0.000000798082851       -0.075531080999446        0.075530282916595
         23.826010616074250       -0.000000778804316        0.203135019711601       -0.203135798515917
         23.946954832399502       -0.000000656384034        0.012839056220410       -0.012839712604445
         24.067899048724751       -0.000000741665994        0.088286632004128       -0.088287373670122
         24.188843265050000       -0.000000755110076       -0.126581714289464        0.126580959179388
         24.309787481375253       -0.000000615367037       -0.098849789876623        0.098849174509586
         24.430731697700502       -0.000000724182101       -0.050537853615221        0.050537129433120
         24.551675914025751       -0.000000725881675       -0.007826120037193        0.007825394155517
         24.672620130351000       -0.000000655432103        0.188751712939995       -0.188752368372098
         24.793564346676252       -0.000000693117313        0.004366574871909       -0.004367267989222
         24.914508563001501       -0.000000704234112        0.115874027103638       -0.115874731337750
         25.035452779326750       -0.000000697064849       -0.188726367315790        0.188725670250940
         25.156396995652003       -0.000000682278712       -0.038315632748219        0.038314950469506
         25.277341211977252       -0.000000696570430       -0.109006994622876        0.109006298052446
         25.398285428302501       -0.000000694960062        0.059260785238803       -0.059261480198864
         25.519229644627750       -0.000000710851857        0.144861397960315       -0.144862108812172
         25.640173860953002       -0.000000671985945        0.032642049632653       -0.032642721618598
         25.761118077278251       -0.000000667911331        0.092171991290284       -0.092172659201615
         25.882062293603500       -0.000000685609394       -0.197610304703624        0.197609619094230
         26.003006509928753       -0.000000669275659       -0.010199500964012        0.010198831688352
         26.123950726254002       -0.000000608818496       -0.145097513656641        0.145096904838145
         26.244894942579251       -0.000000604592659        0.128674099162818       -0.128674703755477
         26.365839158904500       -0.000000655637071        0.064985809964981       -0.064986465602052
         26.486783375229752       -0.000000486068328        0.109406728061673       -0.109407214130001
         26.607727591555001       -0.000000505543763       -0.001078714523572        0.001078208979810
         26.728671807880250       -0.000000547109977       -0.122451989684820        0.122451442574843
         26.849616024205503       -0.000000338308639       -0.058481829178757        0.058481490870118
         26.970560240530752       -0.000000387937551       -0.104591421582618        0.104591033645067
         27.091504456856001       -0.000000373722404        0.133134346112566       -0.133134719834970
         27.212448673181250       -0.000000188073610        0.023959669658077       -0.023959857731688
         27.333392889506502       -0.000000244354027        0.164734976250869       -0.164735220604896
         27.454337105831751       -0.000000184860435       -0.103640864738570        0.103640679878135
         27.575281322157000       -0.000000023334476        0.000452183288295       -0.000452206622771
         27.696225538482253       -0.000000095209284       -0.184172825121861        0.184172729912577
         27.817169754807502        0.000000013891347        0.050347200745205       -0.050347186853858
         27.938113971132751        0.000000129300504       -0.012998393968590        0.012998523269094
         28.059058187458000        0.000000045741911        0.156205792957621       -0.156205747215710
         28.180002403783252        0.000000205239240        0.030914676624466       -0.030914471385226
         28.300946620108501        0.000000224640568       -0.008051747864136        0.008051972504704
         28.421890836433750        0.000000194622970       -0.067446022420300        0.067446217043269
         28.542835052759003        0.000000321834246       -0.140098121565626        0.140098443399872
         28.663779269084252        0.000000292715410        0.057596628662437       -0.057596335947027
         28.784723485409501        0.000000327936353       -0.043672074686030        0.043672402622383
         28.905667701734750        0.000000354762782        0.211844860181232       -0.211844505418451
         29.026611918060002        0.000000357659820       -0.055641239304302        0.055641596964122
         29.147556134385251        0.000000362223950        0.076265837465110       -0.076265475241161
         29.268500350710500        0.000000367197856       -0.159438777539571        0.159439144737427
         29.389444567035753        0.000000327064813       -0.049451210475549        0.049451537540363
         29.510388783361002        0.000000336999921       -0.014054436587313        0.014054773587234
         29.631332999686251        0.000000327840273        0.025062526260533       -0.025062198420259
         29.752277216011500        0.000000235687307        0.167475640175162       -0.167475404487855
         29.873221432336752        0.000000277425704       -0.037377386910297        0.037377664336002
         29.994165648662001        0.000000187982073        0.077013716627726       -0.077013528645653
         30.115109864987250        0.000000144105344       -0.206553267847279        0.206553411952624
         30.236054081312503        0.000000112221561        0.028709975706697       -0.028709863485136
         30.356998297637752        0.000000021309624       -0.124535666668537        0.124535687978161
         30.477942513963001        0.000000018016739        0.182197928012255       -0.182197909995516
         30.598886730288250       -0.000000107207282       -0.002824534734721        0.002824427527439
         30.719830946613502       -0.000000129382098        0.157364203829968       -0.157364333212066
         30.840775162938751       -0.000000153381900       -0.141363238507433        0.141363085125533
         30.961719379264000       -0.000000302476945        0.001111561050499       -0.001111863527443
         31.082663595589253       -0.000000289847313       -0.194360933742641        0.194360643895328
         31.203607811914502       -0.000000325814674        0.102454348099047       -0.102454673913721
         31.324552028239751       -0.000000444368341       -0.025782148220009        0.025781703851668
         31.445496244565000       -0.000000470878122        0.218033333535257       -0.218033804413378
         31.566440460890252       -0.000000452254455       -0.052101501970947        0.052101049716492
         31.687384677215501       -0.000000549653455        0.044838547645308       -0.044839097298764
         31.808328893540750       -0.000000638340695       -0.187561456946991        0.187560818606297
         31.929273109866003       -0.000000543734538       -0.038305097496278        0.038304553761740
         32.050217326191252       -0.000000650420963       -0.020026953203016        0.020026302782053
         32.171161542516501       -0.000000734816837        0.081475042108909       -0.081475776925746
         32.292105758841750       -0.000000652013730        0.159997270139314       -0.159997922153044
         32.413049975166999       -0.000000716980198       -0.029224410186730        0.029223693206532
         32.533994191492248       -0.000000752394909        0.039802222319239       -0.039802974714148
         32.654938407817504       -0.000000742619247       -0.223674988028384        0.223674245409137
         32.775882624142753       -0.000000737723039        0.012805694917717       -0.012806432640756
         32.896826840468002       -0.000000752104369       -0.070702751431096        0.070701999326727
         33.017771056793251       -0.000000751066555        0.149453059077049       -0.149453810143604
         33.138715273118500       -0.000000765504336        0.102033690132757       -0.102034455637093
         33.259659489443749       -0.000000735180876        0.010859162697955       -0.010859897878830
         33.380603705768998       -0.000000705821700       -0.000824388546304        0.000823682724604
         33.501547922094254       -0.000000746475886       -0.207933259772359        0.207932513296473
         33.622492138419503       -0.000000711663693        0.023729926318852       -0.023730637982544
         33.743436354744752       -0.000000663897381       -0.088938073060283        0.088937409162902
         33.864380571070001       -0.000000651636997        0.199812442939273       -0.199813094576270
         33.985324787395250       -0.000000709437754        0.026052036594885       -0.026052746032639
         34.106269003720499       -0.000000588888147        0.088468329538499       -0.088468918426647
         34.227213220045748       -0.000000541300232       -0.101368617833501        0.101368076533269
         34.348157436371004       -0.000000660401748       -0.104286741148522        0.104286080746775
         34.469101652696253       -0.000000471226598       -0.057823440427776        0.057822969201178
         34.590045869021502       -0.000000458299690       -0.007571499733162        0.007571041433473
         34.710990085346751       -0.000000549282022        0.145907203986954       -0.145907753268977
         34.831934301672000       -0.000000352932260        0.039897177083876       -0.039897530016136
         34.952878517997249       -0.000000393070917        0.085415972333135       -0.085416365404053
         35.073822734322498       -0.000000422908452       -0.137086582943119        0.137086160034667
         35.194766950647754       -0.000000242313447       -0.037135928851363        0.037135686537916
         35.315711166973003       -0.000000338690394       -0.124519067232373        0.124518728541978
         35.436655383298252       -0.000000303281721        0.086375630310220       -0.086375933591941
         35.557599599623501       -0.000000155059449        0.049044930049294       -0.049045085108742
         35.678543815948750       -0.000000295026986        0.115702505914225       -0.115702800941211
         35.799488032273999       -0.000000194017009        0.005739331315338       -0.005739525332347
         35.920432248599248       -0.000000130761306       -0.086545685982669        0.086545555221363
         36.041376464924504       -0.000000229714186       -0.051819254055635        0.051819024341449
         36.162320681249753       -0.000000129274430       -0.125577520535588        0.125577391261157
         36.283264897575002       -0.000000140660683        0.130962640941016       -0.130962781601700
         36.404209113900251       -0.000000139647231       -0.021758964018565        0.021758824371334
         36.525153330225500       -0.000000122605384        0.197817186565912       -0.197817309171295
         36.646097546550749       -0.000000123410280       -0.101579964603487        0.101579841193207
         36.767041762875998       -0.000000118698366        0.014681111269394       -0.014681229967760
         36.887985979201254       -0.000000110951459       -0.146813881254399        0.146813770302940
         37.008930195526503       -0.000000133390151       -0.033202838836447        0.033202705446296
         37.129874411851752       -0.000000137958197        0.065280283736449       -0.065280421694645
         37.250818628177001       -0.000000099855200        0.032207702347403       -0.032207802202603
         37.371762844502250       -0.000000167287870        0.166634711280506       -0.166634878568375
         37.492707060827499       -0.000000131954756       -0.105384783046070        0.105384651091314
         37.613651277152748       -0.000000164992621        0.037626261166351       -0.037626426158971
         37.734595493478004       -0.000000166923593       -0.213137737913462        0.213137570989869
         37.855539709803253       -0.000000169059996        0.069865270486330       -0.069865439546326
         37.976483926128502       -0.000000237533460       -0.059646533808682        0.059646296275221
         38.097428142453751       -0.000000154738971        0.199975936000627       -0.199976090739599
         38.218372358779000       -0.000000243089187       -0.014510042078953        0.014509798989766
         38.339316575104249       -0.000000256630451        0.084295993807526       -0.084296250437977
         38.460260791429498       -0.000000173349085       -0.175546988264089        0.175546814915005
         38.581205007754754       -0.000000300592536       -0.013452740935320        0.013452440342784
         38.702149224080003       -0.000000253381141       -0.132819997482739        0.132819744101598
         38.823093440405252       -0.000000213131408        0.155102945053558       -0.155103158184966
         38.944037656730501       -0.000000308729295        0.006441868082807       -0.006442176812102
         39.064981873055750       -0.000000269521703        0.188374878305040       -0.188375147826743
         39.185926089380999       -0.000000235634504       -0.123363001605853        0.123362765971349
         39.306870305706248       -0.000000270766311        0.008597218200062       -0.008597488966373
         39.427814522031504       -0.000000312377794       -0.205199860641168        0.205199548263375
         39.548758738356753       -0.000000225810505        0.044873054991672       -0.044873280802177
         39.669702954682002       -0.000000244173195        0.012579599171818       -0.012579843345013
         39.790647171007251       -0.000000336600672        0.141014026401928       -0.141014363002600
         39.911591387332500       -0.000000229999368        0.091162941631286       -0.091163171630654
         40.032535603657749       -0.000000253930106       -0.070118089548848        0.070117835618743
         40.153479819982998       -0.000000298992499       -0.028559049522230        0.028558750529731
         40.274424036308254       -0.000000262298295       -0.208255706580884        0.208255444282589
         40.395368252633503       -0.000000256355274        0.078434119015568       -0.078434375370843
         40.516312468958752       -0.000000262077903       -0.023223967247085        0.023223705169182
         40.637256685284001       -0.000000264265694        0.198320059508402       -0.198320323774097
         40.758200901609250       -0.000000275081718        0.028521049278825       -0.028521324360543
         40.879145117934499       -0.000000267277612       -0.024376444257927        0.024376176980315
         41.000089334259748       -0.000000228893956       -0.078162824394267        0.078162595500311
         41.121033550585004       -0.000000293950279       -0.171623158547846        0.171622864597567
         41.241977766910253       -0.000000275366885        0.071524379004187       -0.071524654371072
         41.362921983235502       -0.000000233080421       -0.023554621803006        0.023554388722585
         41.483866199560751       -0.000000258293002        0.223824994969469       -0.223825253262471
         41.604810415886000       -0.000000311782513       -0.032934448663035        0.032934136880522
         41.725754632211249       -0.000000257511276        0.044455990702302       -0.044456248213578
         41.846698848536505       -0.000000189852787       -0.170406057722470        0.170405867869682
         41.967643064861754       -0.000000344277053       -0.057600809458320        0.057600465181267
         42.088587281187003       -0.000000227761640       -0.028529944612801        0.028529716851162
         42.209531497512252       -0.000000142125517        0.079987104186298       -0.079987246311815
         42.330475713837501       -0.000000320950587        0.128025862425599       -0.128026183376187
         42.451419930162750       -0.000000156346629        0.024703821397195       -0.024703977743824
         42.572364146487999       -0.000000117697374       -0.003043665439960        0.003043547742586
         42.693308362813255       -0.000000249652072       -0.147514014109511        0.147513764457439
         42.814252579138504       -0.000000062433673       -0.042219698696939        0.042219636263266
         42.935196795463753       -0.000000094374924       -0.044459066500469        0.044458972125545
         43.056141011789002       -0.000000150447985        0.115111341102632       -0.115111491550617
         43.177085228114251        0.000000038994041        0.078637546628048       -0.078637507634007
         43.298029444439500       -0.000000064895850        0.051521872304582       -0.051521937200431
         43.418973660764749       -0.000000028849908       -0.031601921795164        0.031601892945256
         43.539917877090005        0.000000100244992       -0.135733440115670        0.135733540360661
         43.660862093415254       -0.000000000257706       -0.014216355896933        0.014216355639227
         43.781806309740503        0.000000085212378       -0.083193853553547        0.083193938765925
         43.902750526065752        0.000000114132788        0.185257982194647       -0.185257868061858
         44.023694742391001        0.000000109270035       -0.020889680828463        0.020889790098498
         44.144638958716250        0.000000137911735        0.151503641127085       -0.151503503215350
         44.265583175041499        0.000000138501489       -0.148010303358512        0.148010441860001
         44.386527391366755        0.000000150967276       -0.024893869886257        0.024894020853534
         44.507471607692004        0.000000153432638       -0.106647521705863        0.106647675138501
         44.628415824017253        0.000000140990312        0.004789767707746       -0.004789626717433
         44.749360040342502        0.000000108108299        0.126201205038496       -0.126201096930198
         44.870304256667751        0.000000145348326        0.017491380552015       -0.017491235203689
         44.991248472993000        0.000000071796426        0.131286451684832       -0.131286379888407
         45.112192689318249        0.000000057892981       -0.166857630362537        0.166857688255518
         45.233136905643505        0.000000013770302        0.014859106619508       -0.014859092849206
         45.354081121968754       -0.000000023134915       -0.181347057315802        0.181347034180887
         45.475025338294003       -0.000000053160804        0.120182665556679       -0.120182718717483
         45.595969554619252       -0.000000193120838       -0.003069927106976        0.003069733986138
         45.716913770944501       -0.000000129583691        0.180538380206665       -0.180538509790356
         45.837857987269750       -0.000000248878981       -0.048145902819263        0.048145653940282
         45.958802203594999       -0.000000387229011        0.006328554935227       -0.006328942164238
         46.079746419920255       -0.000000292232603       -0.176865373973879        0.176865081741276
         46.200690636245504       -0.000000482940618       -0.000325051915300        0.000324568974682
         46.321634852570753       -0.000000564745701       -0.049411758486391        0.049411193740690
         46.442579068896002       -0.000000514081982        0.182229794166802       -0.182230308248785
         46.563523285221251       -0.000000699337802        0.013024737992607       -0.013025437330410
         46.684467501546500       -0.000000744833810        0.120338198987568       -0.120338943821378
         46.805411717871749       -0.000000752245706       -0.180477721110289        0.180476968864584
         46.926355934197005       -0.000000854301650       -0.008851395459669        0.008850541158018
         47.047300150522254       -0.000000936796123       -0.175461571471705        0.175460634675582
         47.168244366847503       -0.000000947672758        0.131476170793206       -0.131477118465964
         47.289188583172752       -0.000000967545867        0.032741181506227       -0.032742149052094
         47.410132799498001       -0.000001110581815        0.157992894120957       -0.157994004702772
         47.531077015823250       -0.000001082659427       -0.004423075548430        0.004421992889004
         47.652021232148499       -0.000001092293165       -0.102926735222624        0.102925642929459
         47.772965448473755       -0.000001192214473       -0.070466661398206        0.070465469183733
         47.893909664799004       -0.000001173984987       -0.146379850010242        0.146378676025256
         48.014853881124253       -0.000001181337512        0.144572719644115       -0.144573900981627
         48.135798097449502       -0.000001195400321        0.013245979948053       -0.013247175348373
         48.256742313774751       -0.000001202141537        0.197550000772827       -0.197551202914364
         48.377686530100000       -0.000001203171797       -0.063378812037280        0.063377608865482
         48.498630746425249       -0.000001201290857       -0.057142813476949        0.057141612186093
         48.619574962750505       -0.000001147253960       -0.119606035472835        0.119604888218875
         48.740519179075754       -0.000001181903230       -0.097271651317361        0.097270469414132
         48.861463395401003       -0.000001170247896        0.123785123659008       -0.123786293906903
         48.982407611726252       -0.000001088334356        0.025295145440106       -0.025296233774462
         49.103351828051501       -0.000001107439359        0.200124687599848       -0.200125795039207
         49.224296044376750       -0.000001117501271       -0.105941997298841        0.105940879797571
         49.345240260701999       -0.000001077099542       -0.000796736354640        0.000795659255098
         49.466184477027255       -0.000000988566486       -0.194661312665400        0.194660324098914
         49.587128693352504       -0.000001089383328        0.012446308415846       -0.012447397799174
         49.708072909677753       -0.000001042234608        0.017487935028660       -0.017488977263268
         49.829017126003002       -0.000000889089021        0.134125132083348       -0.134126021172369
         49.949961342328251       -0.000001073549893        0.082191259139708       -0.082192332689601
         50.070905558653500       -0.000000980699516       -0.020018334077286        0.020017353377770
         50.191849774978749       -0.000000856649635       -0.072984421978614        0.072983565328980
         50.312793991304005       -0.000001062908636       -0.132681733528784        0.132680670620147
         50.433738207629254       -0.000000930393411       -0.008153170613068        0.008152240219658
         50.554682423954503       -0.000000884718311        0.030953518570175       -0.030954403288487
         50.675626640279752       -0.000001060826411        0.129136588453892       -0.129137649280303
         50.796570856605001       -0.000000904174560        0.062933954598692       -0.062934858773252
         50.917515072930250       -0.000000958550987       -0.018110442506498        0.018109483955511
         51.038459289255499       -0.000001052162106       -0.069883928817459        0.069882876655354
         51.159403505580755       -0.000000925845251       -0.139773383164066        0.139772457318815
         51.280347721906004       -0.000001033373630        0.037950709654945       -0.037951743028576
         51.401291938231253       -0.000001026023131       -0.027620171905907        0.027619145882776
         51.522236154556502       -0.000001001084826        0.207055362412612       -0.207056363497439
         51.643180370881751       -0.000001043250630       -0.048763285211984        0.048762241961354
         51.764124587207000       -0.000001026231722        0.091216246256762       -0.091217272488485
         51.885068803532249       -0.000001050435009       -0.187242864149486        0.187241813714477
         52.006013019857505       -0.000001041465508       -0.021535151867917        0.021534110402409
         52.126957236182754       -0.000001044702730       -0.055194697358982        0.055193652656252
         52.247901452508003       -0.000001036082310        0.058350056669343       -0.058351092751653
         52.368845668833252       -0.000001059831329        0.145930230656076       -0.145931290487405
         52.489789885158501       -0.000001001492840       -0.016276382714270        0.016275381221430
         52.610734101483750       -0.000001018250327        0.072222880876221       -0.072223899126548
         52.731678317808999       -0.000001004034269       -0.206152862860803        0.206151858826534
         52.852622534134255       -0.000000971185881        0.023303427267490       -0.023304398453371
         52.973566750459504       -0.000000970351845       -0.124965206108818        0.124964235756973
         53.094510966784753       -0.000000893821755        0.171558035036844       -0.171558928858599
         53.215455183110002       -0.000000959627278        0.018700784330122       -0.018701743957400
         53.336399399435251       -0.000000837999028        0.134615392460517       -0.134616230459545
         53.457343615760500       -0.000000793530193       -0.102239802537698        0.102239009007505
         53.578287832085749       -0.000000892675754       -0.044344597500255        0.044343704824500
         53.699232048411005       -0.000000675223711       -0.149535135117393        0.149534459893682
         53.820176264736254       -0.000000704875852        0.046345290114799       -0.046345994990651
         53.941120481061503       -0.000000766601966        0.023210238796961       -0.023211005398927
         54.062064697386752       -0.000000543911315        0.180157184816708       -0.180157728728023
         54.183008913712001       -0.000000605504493       -0.018210140134051        0.018209534629558
         54.303953130037250       -0.000000615117342        0.039905802104905       -0.039906417222246
         54.424897346362499       -0.000000465919148       -0.210209902533538        0.210209436614391
         54.545841562687755       -0.000000475861228        0.006609719207086       -0.006610195068314
         54.666785779013004       -0.000000482246656       -0.109562956015072        0.109562473768416
         54.787729995338253       -0.000000422203631        0.198552272396643       -0.198552694600274
         54.908674211663502       -0.000000338384875        0.027999549345807       -0.027999887730683
         55.029618427988751       -0.000000405040741        0.125951064622574       -0.125951469663315
         55.150562644314000       -0.000000377068720       -0.100058293151307        0.100057916082586
         55.271506860639249       -0.000000280845853       -0.114808042179899        0.114807761334047
         55.392451076964505       -0.000000355440942       -0.068127438412486        0.068127082971544
         55.513395293289754       -0.000000331884054       -0.056819159863100        0.056818827979046
         55.634339509615003       -0.000000299148048        0.193822816141999       -0.193823115290046
         55.755283725940252       -0.000000304504848        0.018622160917745       -0.018622465422593
         55.876227942265501       -0.000000307906707        0.149887516622342       -0.149887824529049
         55.997172158590750       -0.000000308242675       -0.152956467613243        0.152956159370568
         56.118116374915999       -0.000000320473541       -0.068190581361404        0.068190260887864
         56.239060591241255       -0.000000290313706       -0.113047909581901        0.113047619268194
         56.360004807566504       -0.000000308888993       -0.002400409586410        0.002400100697417
         56.480949023891753       -0.000000357774288        0.162676281268763       -0.162676639043051
         56.601893240217002       -0.000000293128378        0.035867273959699       -0.035867567088077
         56.722837456542251       -0.000000318278497        0.137803146129621       -0.137803464408118
         56.843781672867500       -0.000000358520616       -0.178714189686358        0.178713831165741
         56.964725889192749       -0.000000368336702       -0.020638943212524        0.020638574875823
         57.085670105518005       -0.000000307909508       -0.172659076333291        0.172658768423783
         57.206614321843254       -0.000000369845722        0.096760285822790       -0.096760655668513
         57.327558538168503       -0.000000435168924        0.054321795163985       -0.054322230332909
         57.448502754493752       -0.000000274010094        0.142591945422997       -0.142592219433091
         57.569446970819001       -0.000000406994082        0.012067620400043       -0.012068027394126
         57.690391187144250       -0.000000438749371       -0.074514529030807        0.074514090281436
         57.811335403469499       -0.000000256912597       -0.103892844099141        0.103892587186544
         57.932279619794755       -0.000000447819632       -0.090057484852625        0.090057037032992
         58.053223836120004       -0.000000408781823        0.053667459778459       -0.053667868560282
         58.174168052445253       -0.000000265311946        0.078608184041198       -0.078608449353144
         58.295112268770502       -0.000000474689696        0.118165808155762       -0.118166282845458
         58.416056485095751       -0.000000365558020        0.005941946244691       -0.005942311802711
         58.537000701421000       -0.000000300496077       -0.073987469314778        0.073987168818701
         58.657944917746249       -0.000000468039488       -0.090523343433796        0.090522875394308
         58.778889134071505       -0.000000327122629       -0.097167248493239        0.097166921370610
         58.899833350396754       -0.000000353868592        0.093488777982751       -0.093489131851343
         59.020777566722003       -0.000000404533172        0.017158084727949       -0.017158489261121
         59.141721783047252       -0.000000329458633        0.190032445688057       -0.190032775146690
         59.262665999372501       -0.000000363869760       -0.103143438996903        0.103143075127143
         59.383610215697750       -0.000000334802079        0.040704937935201       -0.040705272737280
         59.504554432022999       -0.000000348536615       -0.207528605770011        0.207528257233395
         59.625498648348255       -0.000000337850671        0.030919507342841       -0.030919845193512
         59.746442864673504       -0.000000336719931       -0.011261501897956        0.011261165178025
         59.867387080998753       -0.000000329294082        0.110212518999716       -0.110212848293798
         59.988331297324002       -0.000000358363488        0.113089238848077       -0.113089597211565
         60.109275513649251       -0.000000337892668       -0.060282615541074        0.060282277648406
         60.230219729974500       -0.000000339530954        0.011417175635717       -0.011417515166672
         60.351163946299749       -0.000000380648779       -0.210707890924144        0.210707510275364
         60.472108162625005       -0.000000356304392        0.068090805570418       -0.068091161874811
         60.593052378950254       -0.000000421354392       -0.067509496461804        0.067509075107412
         60.713996595275503       -0.000000381542796        0.210705162760040       -0.210705544302836
         60.834940811600752       -0.000000461407403       -0.011700021869003        0.011699560461600
         60.955885027926001       -0.000000487444580        0.081740942547208       -0.081741429991788
         61.076829244251250       -0.000000424716386       -0.163365800723232        0.163365376006845
         61.197773460576499       -0.000000602119235       -0.041267041239092        0.041266439119856
         61.318717676901755       -0.000000531087138       -0.105818551763062        0.105818020675923
         61.439661893227004       -0.000000533550668        0.117479567509568       -0.117480101060236
         61.560606109552253       -0.000000729324336        0.050839403081889       -0.050840132406226
         61.681550325877502       -0.000000604545861        0.153917259453425       -0.153917863999287
         61.802494542202751       -0.000000670599439       -0.087607712871745        0.087607042272306
         61.923438758528000       -0.000000824288523       -0.014428866136285        0.014428041847762
         62.044382974853249       -0.000000733681849       -0.209209660710977        0.209208927029128
         62.165327191178505       -0.000000786376141        0.063782945778488       -0.063783732154629
         62.286271407503754       -0.000000889332501       -0.039932093831283        0.039931204498782
         62.407215623829003       -0.000000900164912        0.228991941449129       -0.228992841614041
         62.528159840154252       -0.000000860032074       -0.010951416981193        0.010950556949119
         62.649104056479501       -0.000000960973709        0.058104316353046       -0.058105277326755
         62.770048272804750       -0.000001037288183       -0.162444882344342        0.162443845056159
         62.890992489129999       -0.000000946524094       -0.099316597540233        0.099315651016139
         63.011936705455255       -0.000001044258954       -0.014379903105433        0.014378858846479
         63.132880921780504       -0.000001093088797        0.023399610865127       -0.023400703953924
         63.253825138105753       -0.000001059709844        0.212625632209672       -0.212626691919516
         63.374769354431002       -0.000001082977219       -0.020183832138801        0.020182749161582
         63.495713570756251       -0.000001098572446        0.075800672757257       -0.075801771329703
         63.616657787081500       -0.000001100386097       -0.211229973875175        0.211228873489078
         63.737602003406749       -0.000001104818001       -0.047055441959219        0.047054337141218
         63.858546219732006       -0.000001076200354       -0.057771967881611        0.057770891681258
         63.979490436057254       -0.000001039564181        0.078894671399083       -0.078895710963264
         64.100434652382503       -0.000001084066522        0.172577300196760       -0.172578384263282
         64.221378868707745       -0.000000998365032       -0.002143788314718        0.002142789949685
         64.342323085033001       -0.000000935655244        0.059283047751979       -0.059283983407224
         64.463267301358258       -0.000000938481806       -0.225470028075010        0.225469089593205
         64.584211517683499       -0.000000906815889       -0.001746643681661        0.001745736865772
         64.705155734008756       -0.000000780127449       -0.110820356093202        0.110819575965753
         64.826099950333997       -0.000000706352845        0.167156025718636       -0.167156732071481
         64.947044166659254       -0.000000762561542        0.062935000479190       -0.062935763040732
         65.067988382984495       -0.000000528320385        0.100729518761445       -0.100730047081830
         65.188932599309751       -0.000000455987921       -0.061678846633190        0.061678390645269
         65.309876815635008       -0.000000511371457       -0.113611869164708        0.113611357793251
         65.430821031960249       -0.000000219521282       -0.083851448919540        0.083851229398258
         65.551765248285506       -0.000000206531397       -0.028858443258287        0.028858236726890
         65.672709464610747       -0.000000192825014        0.116834508330396       -0.116834701155410
         65.793653680936004        0.000000096585800        0.081027997200573       -0.081027900614773
         65.914597897261245        0.000000039674148        0.080194655032485       -0.080194615358337
         66.035542113586502        0.000000135557174       -0.070473823154725        0.070473958711899
         66.156486329911758        0.000000376639159       -0.095417061153336        0.095417437792495
         66.277430546236999        0.000000273620195       -0.081998182323572        0.081998455943768
         66.398374762562256        0.000000435639824       -0.020485514556987        0.020485950196810
         66.519318978887497        0.000000567836640        0.129935384951345       -0.129934817114706
         66.640263195212754        0.000000507268499        0.034700952619362       -0.034700445350863
         66.761207411537995        0.000000651924065        0.132760333267736       -0.132759681343671
         66.882151627863252        0.000000681770845       -0.158777650706937        0.158778332477783
         67.003095844188508        0.000000716198899        0.014168206211984       -0.014167490013085
         67.124040060513749        0.000000750299362       -0.191928358723962        0.191929109023324
         67.244984276839006        0.000000765969323        0.108626051684283       -0.108625285714960
         67.365928493164247        0.000000785476636        0.013067994851517       -0.013067209374881
         67.486872709489504        0.000000786598320        0.135692967941829       -0.135692181343509
         67.607816925814745        0.000000764391878        0.037791419669908       -0.037790655278030
         67.728761142140002        0.000000741992085       -0.096890678597217        0.096891420589302
         67.849705358465258        0.000000759613070       -0.029689441999167        0.029690201612237
         67.970649574790500        0.000000674415927       -0.171282391106204        0.171283065522131
         68.091593791115756        0.000000668205358        0.127321789093452       -0.127321120888094
         68.212538007440997        0.000000596325284       -0.024681061064222        0.024681657389506
         68.333482223766254        0.000000569998278        0.213419188388174       -0.213418618389896
         68.454426440091495        0.000000513463353       -0.077017317277888        0.077017830741240
         68.575370656416752        0.000000387700762        0.033422991086524       -0.033422603385761
         68.696314872742008        0.000000453440504       -0.197723302227232        0.197723755667735
         68.817259089067250        0.000000295341435        0.007713047937040       -0.007712752595605
         68.938203305392506        0.000000225456230       -0.051531108515942        0.051531333972171
         69.059147521717748        0.000000294081262        0.174323314313597       -0.174323020232335
         69.180091738043004        0.000000086487026        0.030779275616123       -0.030779189129097
         69.301035954368245        0.000000099706821        0.101963675081266       -0.101963575374445
         69.421980170693502        0.000000117551113       -0.158924433539400        0.158924551090513
         69.542924387018758       -0.000000058261396       -0.027307633226128        0.027307574964731
         69.663868603344000       -0.000000018047777       -0.170882913849617        0.170882895801839
         69.784812819669256       -0.000000023876462        0.139316321471696       -0.139316345348159
         69.905757035994498       -0.000000114457925        0.003584287093335       -0.003584401551260
         70.026701252319754       -0.000000137908118        0.214502199410216       -0.214502337318334
         70.147645468644996       -0.000000092336069       -0.079492914178170        0.079492821842101
         70.268589684970252       -0.000000124848039       -0.007255995344167        0.007255870496128
         70.389533901295508       -0.000000223722594       -0.178487724264630        0.178487500542036
         70.510478117620750       -0.000000121805358       -0.048070636712839        0.048070514907481
         70.631422333946006       -0.000000151266147        0.059995279505429       -0.059995430771575
         70.752366550271248       -0.000000219225983        0.068919717588792       -0.068919936814775
         70.873310766596504       -0.000000161673215        0.189025800283387       -0.189025961956602
         70.994254982921746       -0.000000164217064       -0.091452824800071        0.091452660583007
         71.115199199247002       -0.000000173098357        0.010428847981955       -0.010429021080312
         71.236143415572258       -0.000000175201987       -0.222235318659239        0.222235143457252
         71.357087631897500       -0.000000177548673        0.009669725221348       -0.009669902770022
         71.478031848222756       -0.000000175256609        0.015704871216421       -0.015705046473030
         71.598976064547998       -0.000000144289048        0.121399725241481       -0.121399869530529
         71.719920280873254       -0.000000214053528        0.142308893762305       -0.142309107815833
         71.840864497198496       -0.000000200193314       -0.072535250855500        0.072535050662186
         71.961808713523752       -0.000000159259744       -0.004565888446221        0.004565729186478
         72.082752929849008       -0.000000225613495       -0.227616692571289        0.227616466957794
         72.203697146174250       -0.000000274011346        0.052979253782796       -0.052979527794142
         72.324641362499506       -0.000000249239997       -0.036216932789114        0.036216683549117
         72.445585578824748       -0.000000223276161        0.198127807494987       -0.198128030771148
         72.566529795150004       -0.000000396688692        0.034870674661500       -0.034871071350192
