#             time (fs)      |   total net charge (e)  |   charge (atom_1) (e)   |   charge (atom_2) (e)   |        ...        |   charge (atom_N) (e)   |
          0.000000000000000       -0.000000000000000       -0.000000000000000        0.000000000000000
          0.120944216325250        0.000000000016827        0.000007434730530       -0.000007434713702
          0.241888432650500        0.000000000021215       -0.000330381920022        0.000330381941238
          0.362832648975750        0.000000000020086       -0.000440673350243        0.000440673370329
          0.483776865301000        0.000000000008263       -0.000787960265423        0.000787960273686
          0.604721081626250       -0.000000000011817       -0.001009331184287        0.001009331172470
          0.725665297951500       -0.000000000033366       -0.000793515491230        0.000793515457864
          0.846609514276750       -0.000000000069770       -0.001098826500220        0.001098826430450
          0.967553730602000       -0.000000000095661        0.000095968272238       -0.000095968367899
          1.088497946927250       -0.000000000142297       -0.000460801704402        0.000460801562105
          1.209442163252500       -0.000000000167725        0.001760177689520       -0.001760177857245
          1.330386379577750       -0.000000000216575        0.000537828420523       -0.000537828637098
          1.451330595903000       -0.000000000236269        0.003443162797205       -0.003443163033473
          1.572274812228250       -0.000000000280117        0.001081345643472       -0.001081345923589
          1.693219028553500       -0.000000000291197        0.004137935924824       -0.004137936216021
          1.814163244878750       -0.000000000323554        0.000434509690978       -0.000434510014532
          1.935107461204000       -0.000000000327762        0.003219789032942       -0.003219789360704
          2.056051677529250       -0.000000000340882       -0.001488194932087        0.001488194591205
          2.176995893854500       -0.000000000340963        0.000938898625121       -0.000938898966084
          2.297940110179750       -0.000000000329953       -0.003892676715241        0.003892676385288
          2.418884326505000       -0.000000000325189       -0.001576757125008        0.001576756799819
          2.539828542830250       -0.000000000294822       -0.005429362195274        0.005429361900452
          2.660772759155500       -0.000000000281775       -0.002888833145610        0.002888832863835
          2.781716975480750       -0.000000000242335       -0.004941298691322        0.004941298448987
          2.902661191806000       -0.000000000218885       -0.002089451480776        0.002089451261891
          3.023605408131250       -0.000000000176162       -0.002212943900142        0.002212943723980
          3.144549624456500       -0.000000000145353        0.000574899338096       -0.000574899483448
          3.265493840781750       -0.000000000102681        0.001730840370561       -0.001730840473242
          3.386438057107000       -0.000000000073140        0.003697234768705       -0.003697234841844
          3.507382273432250       -0.000000000039422        0.005021360137942       -0.005021360177364
          3.628326489757500       -0.000000000018587        0.005408454620803       -0.005408454639390
          3.749270706082750       -0.000000000003566        0.005894382511123       -0.005894382514689
          3.870214922408000        0.000000000008634        0.004427872592100       -0.004427872583466
          3.991159138733250        0.000000000003239        0.003679712728379       -0.003679712725140
          4.112103355058500        0.000000000007008        0.000877339369408       -0.000877339362400
          4.233047571383750       -0.000000000016519       -0.000718583738258        0.000718583721738
          4.353991787709000       -0.000000000030980       -0.003613775193816        0.003613775162837
          4.474936004034250       -0.000000000071525       -0.005162422667457        0.005162422595931
          4.595880220359500       -0.000000000114028       -0.006651306565519        0.006651306451491
          4.716824436684750       -0.000000000165466       -0.007338065295547        0.007338065130081
          4.837768653010000       -0.000000000228524       -0.006328711918200        0.006328711689676
          4.958712869335250       -0.000000000279003       -0.005986450466490        0.005986450187487
          5.079657085660500       -0.000000000344686       -0.002323521984255        0.002323521639569
          5.200601301985750       -0.000000000387284       -0.001649267364410        0.001649266977126
          5.321545518311000       -0.000000000445702        0.003749624703493       -0.003749625149196
          5.442489734636251       -0.000000000478160        0.003482043718582       -0.003482044196742
          5.563433950961501       -0.000000000523666        0.008988968008171       -0.008988968531837
          5.684378167286750       -0.000000000539514        0.006617280986138       -0.006617281525652
          5.805322383612000       -0.000000000558643        0.010623171824217       -0.010623172382860
          5.926266599937250       -0.000000000554478        0.005818794355970       -0.005818794910448
          6.047210816262500       -0.000000000537585        0.007485678485083       -0.007485679022668
          6.168155032587750       -0.000000000521044        0.001107285907939       -0.001107286428983
          6.289099248913001       -0.000000000475805        0.000776912843725       -0.000776913319530
          6.410043465238251       -0.000000000448472       -0.005350129226095        0.005350128777623
          6.530987681563500       -0.000000000386343       -0.006342773589466        0.006342773203123
          6.651931897888750       -0.000000000335682       -0.010172793551761        0.010172793216079
          6.772876114214000       -0.000000000263174       -0.010253124409031        0.010253124145857
          6.893820330539250       -0.000000000192132       -0.010465987070414        0.010465986878282
          7.014764546864500       -0.000000000125953       -0.008748319784252        0.008748319658298
          7.135708763189751       -0.000000000064653       -0.005434919048140        0.005434918983487
          7.256652979515001       -0.000000000025429       -0.002313492786629        0.002313492761200
          7.377597195840250        0.000000000012131        0.002941036026837       -0.002941036014706
          7.498541412165500        0.000000000028753        0.005897331795972       -0.005897331767219
          7.619485628490750        0.000000000066089        0.010648370293224       -0.010648370227135
          7.740429844816000        0.000000000075314        0.011529593085669       -0.011529593010355
          7.861374061141250        0.000000000122381        0.013594795573168       -0.013594795450786
          7.982318277466501        0.000000000112849        0.011292875807091       -0.011292875694242
          8.103262493791750        0.000000000136620        0.009803537900901       -0.009803537764281
          8.224206710117000        0.000000000095332        0.004827163722953       -0.004827163627621
          8.345150926442249        0.000000000073505        0.000668031500441       -0.000668031426936
          8.466095142767500        0.000000000031354       -0.004844941620568        0.004844941651922
          8.587039359092751       -0.000000000010808       -0.009480945619683        0.009480945608876
          8.707983575418000       -0.000000000018286       -0.012671989700072        0.012671989681785
          8.828927791743251       -0.000000000053801       -0.015467929120399        0.015467929066598
          8.949872008068500       -0.000000000046139       -0.014183612017165        0.014183611971026
          9.070816224393750       -0.000000000077347       -0.013996099862253        0.013996099784905
          9.191760440718999       -0.000000000087758       -0.007963945242954        0.007963945155196
          9.312704657044250       -0.000000000113820       -0.005518994666826        0.005518994553006
          9.433648873369501       -0.000000000126782        0.003357599941980       -0.003357600068762
          9.554593089694750       -0.000000000134374        0.005763729506957       -0.005763729641330
          9.675537306020001       -0.000000000126544        0.014223349140130       -0.014223349266674
          9.796481522345250       -0.000000000117863        0.013943080486966       -0.013943080604829
          9.917425738670500       -0.000000000109182        0.018961761469219       -0.018961761578401
         10.038369954995749       -0.000000000087143        0.014502362645809       -0.014502362732953
         10.159314171321000       -0.000000000092191        0.014809363432222       -0.014809363524414
         10.280258387646251       -0.000000000038282        0.006785615470542       -0.006785615508824
         10.401202603971500       -0.000000000031977        0.003498424794497       -0.003498424826474
         10.522146820296751        0.000000000046594       -0.005480801500538        0.005480801547132
         10.643091036622000        0.000000000070013       -0.009438583019330        0.009438583089343
         10.764035252947250        0.000000000115644       -0.015972858909832        0.015972859025476
         10.884979469272501        0.000000000126152       -0.017429560247788        0.017429560373939
         11.005923685597750        0.000000000116271       -0.019048897897757        0.019048898014028
         11.126867901923001        0.000000000117074       -0.016277607467622        0.016277607584696
         11.247812118248250        0.000000000107525       -0.012749096351338        0.012749096458864
         11.368756334573501        0.000000000127263       -0.006377796137686        0.006377796264949
         11.489700550898750        0.000000000148012        0.000062558760616       -0.000062558612604
         11.610644767224001        0.000000000158807        0.007372244328173       -0.007372244169366
         11.731588983549251        0.000000000153561        0.013004380835609       -0.013004380682047
         11.852533199874500        0.000000000101209        0.017988417074136       -0.017988416972927
         11.973477416199751        0.000000000037999        0.019386188419766       -0.019386188381767
         12.094421632525000       -0.000000000056639        0.019974059234634       -0.019974059291272
         12.215365848850251       -0.000000000117634        0.015655814319825       -0.015655814437459
         12.336310065175500       -0.000000000195717        0.012145775629241       -0.012145775824958
         12.457254281500751       -0.000000000211905        0.003285521360142       -0.003285521572046
         12.578198497826001       -0.000000000277728       -0.001683695231712        0.001683694953984
         12.699142714151250       -0.000000000291265       -0.011792932770444        0.011792932479178
         12.820086930476501       -0.000000000370617       -0.014509402747575        0.014509402376958
         12.941031146801750       -0.000000000409881       -0.022031310721806        0.022031310311925
         13.061975363127001       -0.000000000467850       -0.019642385894413        0.019642385426563
         13.182919579452250       -0.000000000494348       -0.022042501956358        0.022042501462010
         13.303863795777501       -0.000000000498939       -0.014123825861966        0.014123825363026
         13.424808012102751       -0.000000000494189       -0.011376535585697        0.011376535091508
         13.545752228428000       -0.000000000477515       -0.000342686274683        0.000342685797168
         13.666696444753251       -0.000000000463611        0.005039947444212       -0.005039947907823
         13.787640661078500       -0.000000000434252        0.014909474012155       -0.014909474446407
         13.908584877403751       -0.000000000394738        0.019129899417408       -0.019129899812146
         14.029529093729000       -0.000000000309044        0.023683164390307       -0.023683164699351
         14.150473310054251       -0.000000000217942        0.023654650291427       -0.023654650509369
         14.271417526379501       -0.000000000105806        0.020902756242433       -0.020902756348239
         14.392361742704750       -0.000000000015316        0.015945803036909       -0.015945803052225
         14.513305959030001        0.000000000020974        0.007126001181164       -0.007126001160191
         14.634250175355250        0.000000000063988       -0.000493138196461        0.000493138260449
         14.755194391680501        0.000000000037497       -0.011344342537988        0.011344342575485
         14.876138608005750        0.000000000098788       -0.017406473448085        0.017406473546873
         14.997082824331001        0.000000000132165       -0.025311386751361        0.025311386883526
         15.118027040656251        0.000000000251942       -0.025835005650331        0.025835005902274
         15.238971256981500        0.000000000343115       -0.027319862902113        0.027319863245228
         15.359915473306751        0.000000000410600       -0.020795855014617        0.020795855425217
         15.480859689632000        0.000000000425920       -0.015645175160492        0.015645175586412
         15.601803905957251        0.000000000370316       -0.004118819315162        0.004118819685478
         15.722748122282500        0.000000000296749        0.004436521577258       -0.004436521280509
         15.843692338607751        0.000000000246795        0.016053768636303       -0.016053768389509
         15.964636554933001        0.000000000206443        0.022943339156066       -0.022943338949623
         16.085580771258250        0.000000000264827        0.029194065578201       -0.029194065313374
         16.206524987583499        0.000000000275540        0.030231661877916       -0.030231661602375
         16.327469203908752        0.000000000334751        0.027892947766423       -0.027892947431673
         16.448413420234001        0.000000000313752        0.022115081744358       -0.022115081430606
         16.569357636559250        0.000000000272819        0.011925994847979       -0.011925994575160
         16.690301852884499        0.000000000234584        0.002300969858708       -0.002300969624124
         16.811246069209751        0.000000000179611       -0.011228441325254        0.011228441504865
         16.932190285535000        0.000000000186762       -0.019156941591395        0.019156941778157
         17.053134501860249        0.000000000195878       -0.029929953432144        0.029929953628022
         17.174078718185502        0.000000000204852       -0.030941110934830        0.030941111139682
         17.295022934510751        0.000000000222022       -0.034417305409347        0.034417305631368
         17.415967150836000        0.000000000201453       -0.026459684761728        0.026459684963180
         17.536911367161249        0.000000000210435       -0.021987985719450        0.021987985929885
         17.657855583486501        0.000000000242588       -0.007431358662608        0.007431358905195
         17.778799799811750        0.000000000300065        0.001392703439721       -0.001392703139656
         17.899744016136999        0.000000000383297        0.016717297232043       -0.016717296848746
         18.020688232462252        0.000000000444199        0.023897707991151       -0.023897707546952
         18.141632448787501        0.000000000426565        0.033566843081684       -0.033566842655120
         18.262576665112750        0.000000000415882        0.033925042604786       -0.033925042188904
         18.383520881437999        0.000000000294682        0.034207556996821       -0.034207556702139
         18.504465097763251        0.000000000307087        0.026153314533429       -0.026153314226342
         18.625409314088500        0.000000000274545        0.017897032776294       -0.017897032501750
         18.746353530413749        0.000000000399723        0.004313738711595       -0.004313738311872
         18.867297746739002        0.000000000474568       -0.007400353859549        0.007400354334117
         18.988241963064251        0.000000000558758       -0.020562232166332        0.020562232725090
         19.109186179389500        0.000000000529714       -0.028899510706432        0.028899511236146
         19.230130395714749        0.000000000424767       -0.035743290029108        0.035743290453875
         19.351074612040001        0.000000000262612       -0.035556491182900        0.035556491445512
         19.472018828365250        0.000000000117959       -0.033364138372910        0.033364138490869
         19.592963044690499        0.000000000033373       -0.023707056158211        0.023707056191584
         19.713907261015752        0.000000000018448       -0.014399330627638        0.014399330646086
         19.834851477341001        0.000000000050515        0.001039554112609       -0.001039554062094
         19.955795693666250        0.000000000060044        0.011715171455395       -0.011715171395352
         20.076739909991499        0.000000000024671        0.026413489824791       -0.026413489800120
         20.197684126316751       -0.000000000062621        0.031711580800110       -0.031711580862731
         20.318628342642000       -0.000000000195270        0.039576170243939       -0.039576170439209
         20.439572558967249       -0.000000000268168        0.035230357644483       -0.035230357912650
         20.560516775292502       -0.000000000344848        0.033583149300989       -0.033583149645838
         20.681460991617751       -0.000000000326493        0.020048011873701       -0.020048012200194
         20.802405207943000       -0.000000000329239        0.010902538065622       -0.010902538394862
         20.923349424268253       -0.000000000323564       -0.006644068584853        0.006644068261289
         21.044293640593501       -0.000000000327163       -0.017509018393330        0.017509018066167
         21.165237856918750       -0.000000000331345       -0.031482609695039        0.031482609363694
         21.286182073243999       -0.000000000275854       -0.037419793609592        0.037419793333739
         21.407126289569252       -0.000000000158173       -0.041525497048430        0.041525496890257
         21.528070505894501       -0.000000000011211       -0.038472243383424        0.038472243372213
         21.649014722219750        0.000000000140408       -0.030835441951282        0.030835442091690
         21.769958938545003        0.000000000206469       -0.019502812027575        0.019502812234043
         21.890903154870252        0.000000000187161       -0.003729053777747        0.003729053964908
         22.011847371195501        0.000000000130819        0.010444008931585       -0.010444008800767
         22.132791587520749        0.000000000081921        0.026793830410817       -0.026793830328895
         22.253735803846002        0.000000000150187        0.036160830637129       -0.036160830486942
         22.374680020171251        0.000000000344084        0.045250888221472       -0.045250887877388
         22.495624236496500        0.000000000567495        0.043938274360888       -0.043938273793393
         22.616568452821753        0.000000000843471        0.041615600996231       -0.041615600152760
         22.737512669147002        0.000000000868001        0.028745969282275       -0.028745968414274
         22.858456885472251        0.000000000881315        0.016695571483440       -0.016695570602125
         22.979401101797500        0.000000000629318       -0.002745560748676        0.002745561377994
         23.100345318122752        0.000000000507812       -0.017623610330262        0.017623610838074
         23.221289534448001        0.000000000404330       -0.034859318546657        0.034859318950987
         23.342233750773250        0.000000000472757       -0.043910715280623        0.043910715753380
         23.463177967098503        0.000000000678148       -0.050742501880802        0.050742502558950
         23.584122183423752        0.000000000813781       -0.048226909497601        0.048226910311381
         23.705066399749001        0.000000000954824       -0.041259664171009        0.041259665125833
         23.826010616074250        0.000000000884094       -0.027535804958627        0.027535805842721
         23.946954832399502        0.000000000769547       -0.010027984487707        0.010027985257254
         24.067899048724751        0.000000000640440        0.008261432106388       -0.008261431465948
         24.188843265050000        0.000000000550790        0.027749790540532       -0.027749789989742
         24.309787481375253        0.000000000581589        0.040830431539107       -0.040830430957518
         24.430731697700502        0.000000000635756        0.052775984465304       -0.052775983829548
         24.551675914025751        0.000000000678091        0.052918806709477       -0.052918806031386
         24.672620130351000        0.000000000696479        0.051859090795016       -0.051859090098537
         24.793564346676252        0.000000000660704        0.037506043162463       -0.037506042501759
         24.914508563001501        0.000000000646578        0.024844130991770       -0.024844130345192
         25.035452779326750        0.000000000735108        0.001652742958303       -0.001652742223196
         25.156396995652003        0.000000000809390       -0.014921844440906        0.014921845250297
         25.277341211977252        0.000000000982093       -0.036607414152573        0.036607415134665
         25.398285428302501        0.000000000981849       -0.047070251055893        0.047070252037742
         25.519229644627750        0.000000000907165       -0.057522376003571        0.057522376910735
         25.640173860953002        0.000000000745845       -0.054937035293414        0.054937036039259
         25.761118077278251        0.000000000543591       -0.050039288327014        0.050039288870604
         25.882062293603500        0.000000000552034       -0.034199678970263        0.034199679522296
         26.003006509928753        0.000000000644240       -0.017439639769765        0.017439640414005
         26.123950726254002        0.000000000932839        0.004874201107533       -0.004874200174694
         26.244894942579251        0.000000001179853        0.024021975333885       -0.024021974154032
         26.365839158904500        0.000000001258639        0.042357000499459       -0.042356999240820
         26.486783375229752        0.000000001157765        0.053239741402389       -0.053239740244624
         26.607727591555001        0.000000000813441        0.059002416127892       -0.059002415314451
         26.728671807880250        0.000000000518094        0.055281440043664       -0.055281439525569
         26.849616024205503        0.000000000273760        0.046170035320409       -0.046170035046649
         26.970560240530752        0.000000000310284        0.028838844618299       -0.028838844308015
         27.091504456856001        0.000000000441829        0.010046666808612       -0.010046666366784
         27.212448673181250        0.000000000692510       -0.013080531358235        0.013080532050745
         27.333392889506502        0.000000000753141       -0.031192793102188        0.031192793855330
         27.454337105831751        0.000000000714453       -0.049397985831936        0.049397986546389
         27.575281322157000        0.000000000455130       -0.056503666640987        0.056503667096117
         27.696225538482253        0.000000000209176       -0.061718959473169        0.061718959682345
         27.817169754807502        0.000000000029421       -0.052785424362673        0.052785424392094
         27.938113971132751       -0.000000000033136       -0.043526787454148        0.043526787421012
         28.059058187458000        0.000000000029134       -0.021305061509216        0.021305061538349
         28.180002403783252        0.000000000073558       -0.003390722552160        0.003390722625718
         28.300946620108501        0.000000000087187        0.022636939091629       -0.022636939004441
         28.421890836433750        0.000000000055227        0.038787957719510       -0.038787957664283
         28.542835052759003        0.000000000025127        0.056882427246303       -0.056882427221176
         28.663779269084252        0.000000000099894        0.061597365308469       -0.061597365208575
         28.784723485409501        0.000000000286763        0.063644242611980       -0.063644242325218
         28.905667701734750        0.000000000490895        0.052977234212603       -0.052977233721708
         29.026611918060002        0.000000000652140        0.038450424813748       -0.038450424161608
         29.147556134385251        0.000000000602968        0.016293143857295       -0.016293143254327
         29.268500350710500        0.000000000422873       -0.007258662223671        0.007258662646543
         29.389444567035753        0.000000000229484       -0.030572086784027        0.030572087013512
         29.510388783361002        0.000000000159603       -0.050938850807886        0.050938850967489
         29.631332999686251        0.000000000402164       -0.063601412821176        0.063601413223340
         29.752277216011500        0.000000000845998       -0.070149918156699        0.070149919002697
         29.873221432336752        0.000000001359144       -0.065054286442845        0.065054287801989
         29.994165648662001        0.000000001721635       -0.054127424470914        0.054127426192549
         30.115109864987250        0.000000001670342       -0.032642928598338        0.032642930268679
         30.236054081312503        0.000000001378486       -0.009544371911231        0.009544373289717
         30.356998297637752        0.000000000892793        0.018533218983297       -0.018533218090504
         30.477942513963001        0.000000000592700        0.041710574852276       -0.041710574259576
         30.598886730288250        0.000000000660021        0.062581321356507       -0.062581320696486
         30.719830946613502        0.000000000961184        0.073207292203333       -0.073207291242149
         30.840775162938751        0.000000001565921        0.076228290326801       -0.076228288760880
         30.961719379264000        0.000000001879654        0.067976360326178       -0.067976358446525
         31.082663595589253        0.000000002041588        0.051060640182177       -0.051060638140589
         31.203607811914502        0.000000001784271        0.027350909818622       -0.027350908034351
         31.324552028239751        0.000000001379818       -0.001716387064659        0.001716388444478
         31.445496244565000        0.000000001126787       -0.028801045996570        0.028801047123357
         31.566440460890252        0.000000000978381       -0.055748694242024        0.055748695220405
         31.687384677215501        0.000000001170967       -0.071459081620423        0.071459082791390
         31.808328893540750        0.000000001363216       -0.083070245989911        0.083070247353127
         31.929273109866003        0.000000001527110       -0.077991725607154        0.077991727134264
         32.050217326191252        0.000000001572672       -0.069041302613128        0.069041304185800
         32.171161542516501        0.000000001485605       -0.043938921757165        0.043938923242770
         32.292105758841750        0.000000001453553       -0.019767472084317        0.019767473537870
         32.413049975166999        0.000000001556030        0.014315682918694       -0.014315681362664
         32.533994191492248        0.000000001714450        0.040103908759827       -0.040103907045377
         32.654938407817504        0.000000001869965        0.066981162156176       -0.066981160286211
         32.775882624142753        0.000000001833964        0.079704540319250       -0.079704538485287
         32.896826840468002        0.000000001517297        0.086719331769557       -0.086719330252260
         33.017771056793251        0.000000001252592        0.078611554637267       -0.078611553384675
         33.138715273118500        0.000000000947630        0.062954110000457       -0.062954109052827
         33.259659489443749        0.000000001124755        0.037002750480482       -0.037002749355727
         33.380603705768998        0.000000001521831        0.006979901016701       -0.006979899494870
         33.501547922094254        0.000000002088090       -0.024202338937666        0.024202341025756
         33.622492138419503        0.000000002552795       -0.052947606189583        0.052947608742379
         33.743436354744752        0.000000002435556       -0.073458562459916        0.073458564895472
         33.864380571070001        0.000000002052844       -0.086230693349027        0.086230695401872
         33.985324787395250        0.000000001285535       -0.085500336863495        0.085500338149030
         34.106269003720499        0.000000000781856       -0.076119534527407        0.076119535309263
         34.227213220045748        0.000000000634212       -0.054033423926104        0.054033424560316
         34.348157436371004        0.000000000945162       -0.027503320407716        0.027503321352877
         34.469101652696253        0.000000001569825        0.005430064649495       -0.005430063079670
         34.590045869021502        0.000000002041840        0.035228590203837       -0.035228588161997
         34.710990085346751        0.000000002193527        0.062669238595353       -0.062669236401825
         34.831934301672000        0.000000001864279        0.080190685511650       -0.080190683647372
         34.952878517997249        0.000000001273735        0.088486454396291       -0.088486453122556
         35.073822734322498        0.000000000759314        0.084790214937956       -0.084790214178641
         35.194766950647754        0.000000000499252        0.069659917044930       -0.069659916545678
         35.315711166973003        0.000000000567220        0.046534682078105       -0.046534681510885
         35.436655383298252        0.000000000825817        0.014898912111079       -0.014898911285262
         35.557599599623501        0.000000001025775       -0.015771701705344        0.015771702731119
         35.678543815948750        0.000000001095569       -0.048753024449537        0.048753025545106
         35.799488032273999        0.000000000997159       -0.070543221800937        0.070543222798096
         35.920432248599248        0.000000000880231       -0.089139743081692        0.089139743961923
         36.041376464924504        0.000000000957564       -0.089742265369136        0.089742266326700
         36.162320681249753        0.000000001158277       -0.085642225595336        0.085642226753613
         36.283264897575002        0.000000001407440       -0.062917164203879        0.062917165611319
         36.404209113900251        0.000000001479144       -0.038992844360172        0.038992845839316
         36.525153330225500        0.000000001207335       -0.002168153261614        0.002168154468948
         36.646097546550749        0.000000000865678        0.028388340940935       -0.028388340075257
         36.767041762875998        0.000000000530230        0.062445628837375       -0.062445628307145
         36.887985979201254        0.000000000662230        0.082414497756464       -0.082414497094234
         37.008930195526503        0.000000001222867        0.097761530918305       -0.097761529695439
         37.129874411851752        0.000000002093560        0.095096573079442       -0.095096570985882
         37.250818628177001        0.000000002904750        0.084872340005098       -0.084872337100348
         37.371762844502250        0.000000003102346        0.058604630416991       -0.058604627314645
         37.492707060827499        0.000000002750260        0.028382488412809       -0.028382485662549
         37.613651277152748        0.000000001786201       -0.010414102978004        0.010414104764206
         37.734595493478004        0.000000001099822       -0.044401348938341        0.044401350038163
         37.855539709803253        0.000000000715866       -0.077272585927177        0.077272586643043
         37.976483926128502        0.000000001303692       -0.096118450430312        0.096118451734004
         38.097428142453751        0.000000002188391       -0.107190487778679        0.107190489967070
         38.218372358779000        0.000000003294766       -0.099453665196612        0.099453668491377
         38.339316575104249        0.000000003840227       -0.083723206149274        0.083723209989501
         38.460260791429498        0.000000003605430       -0.050895868333763        0.050895871939193
         38.581205007754754        0.000000002944140       -0.016832333974713        0.016832336918853
         38.702149224080003        0.000000001974752        0.026590508743895       -0.026590506769143
         38.823093440405252        0.000000001602298        0.060211763580696       -0.060211761978398
         38.944037656730501        0.000000001645685        0.093323306126623       -0.093323304480938
         39.064981873055750        0.000000002149895        0.107400088658857       -0.107400086508962
         39.185926089380999        0.000000002818567        0.114454933330923       -0.114454930512356
         39.306870305706248        0.000000003100449        0.099993772942888       -0.099993769842440
         39.427814522031504        0.000000003188450        0.078124489867243       -0.078124486678792
         39.548758738356753        0.000000002885431        0.040496746530467       -0.040496743645037
         39.669702954682002        0.000000002695520        0.001127415985400       -0.001127413289879
         39.790647171007251        0.000000002745721       -0.041543465286980        0.041543468032702
         39.911591387332500        0.000000002952122       -0.077511417831949        0.077511420784071
         40.032535603657749        0.000000003036184       -0.103436291057329        0.103436294093512
         40.153479819982998        0.000000002943841       -0.117232174525222        0.117232177469063
         40.274424036308254        0.000000002455972       -0.113118849000888        0.113118851456861
         40.395368252633503        0.000000002104293       -0.097972151335039        0.097972153439332
         40.516312468958752        0.000000001967262       -0.065030774340906        0.065030776308169
         40.637256685284001        0.000000002324445       -0.028983816102927        0.028983818427372
         40.758200901609250        0.000000003259972        0.017329304800536       -0.017329301540564
         40.879145117934499        0.000000003971664        0.054627072974978       -0.054627069003314
         41.000089334259748        0.000000004406352        0.091676939624006       -0.091676935217655
         41.121033550585004        0.000000003865105        0.109517038460509       -0.109517034595403
         41.241977766910253        0.000000002785858        0.120146527071668       -0.120146524285810
         41.362921983235502        0.000000001772658        0.108098406858186       -0.108098405085528
         41.483866199560751        0.000000001065661        0.088844066762272       -0.088844065696611
         41.604810415886000        0.000000001521458        0.051124490621341       -0.051124489099883
         41.725754632211249        0.000000002333284        0.013301143518724       -0.013301141185439
         41.846698848536505        0.000000003689360       -0.032779766336571        0.032779770025931
         41.967643064861754        0.000000004262279       -0.067937898744431        0.067937903006710
         42.088587281187003        0.000000004162024       -0.100509541865908        0.100509546027932
         42.209531497512252        0.000000003184954       -0.113356253124276        0.113356256309229
         42.330475713837501        0.000000001992869       -0.118080306969633        0.118080308962502
         42.451419930162750        0.000000001249441       -0.100670668191689        0.100670669441130
         42.572364146487999        0.000000001030938       -0.077073467354689        0.077073468385626
         42.693308362813255        0.000000001594889       -0.036155646970159        0.036155648565049
         42.814252579138504        0.000000002205706        0.002329492143731       -0.002329489938025
         42.935196795463753        0.000000002782398        0.047919071241461       -0.047919068459064
         43.056141011789002        0.000000002790824        0.079872782937574       -0.079872780146750
         43.177085228114251        0.000000002446368        0.108638904576569       -0.108638902130201
         43.298029444439500        0.000000002084927        0.116323521169852       -0.116323519084925
         43.418973660764749        0.000000001911609        0.115530105064792       -0.115530103153183
         43.539917877090005        0.000000002093951        0.093621843033653       -0.093621840939702
         43.660862093415254        0.000000002279429        0.064659745263873       -0.064659742984444
         43.781806309740503        0.000000002244162        0.022284939485751       -0.022284937241589
         43.902750526065752        0.000000001941654       -0.019634417447993        0.019634419389646
         44.023694742391001        0.000000001515905       -0.062200911309657        0.062200912825563
         44.144638958716250        0.000000001334932       -0.094874384595123        0.094874385930055
         44.265583175041499        0.000000001695425       -0.116500834948852        0.116500836644277
         44.386527391366755        0.000000002587513       -0.122845139182358        0.122845141769871
         44.507471607692004        0.000000003699335       -0.112725802814530        0.112725806513865
         44.628415824017253        0.000000004406947       -0.088879679587949        0.088879683994896
         44.749360040342502        0.000000004171666       -0.051202308797440        0.051202312969106
         44.870304256667751        0.000000003203528       -0.008309481233240        0.008309484436768
         44.991248472993000        0.000000001879305        0.038693915952393       -0.038693914073089
         45.112192689318249        0.000000001119923        0.078558792870340       -0.078558791750416
         45.233136905643505        0.000000001343298        0.111061569397294       -0.111061568053995
         45.354081121968754        0.000000002464672        0.126808717090727       -0.126808714626055
         45.475025338294003        0.000000004240594        0.128516705871462       -0.128516701630868
         45.595969554619252        0.000000005397876        0.111324490815676       -0.111324485417800
         45.716913770944501        0.000000005792779        0.080872940693453       -0.080872934900674
         45.837857987269750        0.000000004800506        0.038097788753374       -0.038097783952868
         45.958802203594999        0.000000003335545       -0.009958586431880        0.009958589767425
         46.079746419920255        0.000000002225881       -0.056792391991632        0.056792394217513
         46.200690636245504        0.000000001773116       -0.097854661961596        0.097854663734712
         46.321634852570753        0.000000002553793       -0.123963226835289        0.123963229389082
         46.442579068896002        0.000000003557532       -0.137340997125259        0.137341000682791
         46.563523285221251        0.000000004707457       -0.128608866537890        0.128608871245347
         46.684467501546500        0.000000005152889       -0.108094000716424        0.108094005869313
         46.805411717871749        0.000000004789015       -0.067132955022672        0.067132959811687
         46.926355934197005        0.000000004190048       -0.023409351187182        0.023409355377231
         47.047300150522254        0.000000003596708        0.030676360977403       -0.030676357380695
         47.168244366847503        0.000000003534700        0.073884035014859       -0.073884031480159
         47.289188583172752        0.000000003774011        0.114098852932314       -0.114098849158303
         47.410132799498001        0.000000003922506        0.133166791742584       -0.133166787820078
         47.531077015823250        0.000000003856746        0.140243148198682       -0.140243144341936
         47.652021232148499        0.000000003581206        0.124741892655147       -0.124741889073940
         47.772965448473755        0.000000003218205        0.095953217787654       -0.095953214569449
         47.893909664799004        0.000000003318421        0.052676815351659       -0.052676812033238
         48.014853881124253        0.000000003882879        0.002646883642373       -0.002646879759493
         48.135798097449502        0.000000004779277       -0.046515744574153        0.046515749353430
         48.256742313774751        0.000000005601137       -0.091748663724668        0.091748669325805
         48.377686530100000        0.000000005295676       -0.120986855620707        0.120986860916383
         48.498630746425249        0.000000004445505       -0.138883639375165        0.138883643820670
         48.619574962750505        0.000000002941842       -0.133256378895807        0.133256381837649
         48.740519179075754        0.000000001883985       -0.116359456078441        0.116359457962426
         48.861463395401003        0.000000001808721       -0.077816625661116        0.077816627469837
         48.982407611726252        0.000000002572808       -0.035966640050355        0.035966642623163
         49.103351828051501        0.000000004348743        0.017438040477205       -0.017438036128462
         49.224296044376750        0.000000005525847        0.060986554133690       -0.060986548607843
         49.345240260701999        0.000000006006895        0.103251342990421       -0.103251336983527
         49.466184477027255        0.000000005015654        0.124433434570536       -0.124433429554882
         49.587128693352504        0.000000003332947        0.136464080646942       -0.136464077313995
         49.708072909677753        0.000000001887898        0.123575766584851       -0.123575764696953
         49.829017126003002        0.000000001051064        0.101937631706950       -0.101937630655886
         49.949961342328251        0.000000001565939        0.059835306230924       -0.059835304664985
         50.070905558653500        0.000000002483867        0.017352837946731       -0.017352835462864
         50.191849774978749        0.000000003808570       -0.034455170911224        0.034455174719795
         50.312793991304005        0.000000004263355       -0.074019216343851        0.074019220607206
         50.433738207629254        0.000000004024114       -0.110823846779452        0.110823850803566
         50.554682423954503        0.000000003138038       -0.125784471804914        0.125784474942951
         50.675626640279752        0.000000002225711       -0.131370962079410        0.131370964305121
         50.796570856605001        0.000000001873734       -0.113259081311848        0.113259083185581
         50.917515072930250        0.000000001879903       -0.086723343881637        0.086723345761540
         51.038459289255499        0.000000002196375       -0.043060849503705        0.043060851700081
         51.159403505580755        0.000000002348968        0.001135182031415       -0.001135179682447
         51.280347721906004        0.000000002283989        0.049562974952250       -0.049562972668261
         51.401291938231253        0.000000002062640        0.087754083326202       -0.087754081263562
         51.522236154556502        0.000000001969340        0.117157500899989       -0.117157498930649
         51.643180370881751        0.000000002286456        0.129481734197973       -0.129481731911516
         51.764124587207000        0.000000003039939        0.125948982647991       -0.125948979608052
         51.885068803532249        0.000000003790457        0.106024519510663       -0.106024515720207
         52.006013019857505        0.000000004006384        0.071277727988158       -0.071277723981775
         52.126957236182754        0.000000003480282        0.028421197414970       -0.028421193934688
         52.247901452508003        0.000000002358618       -0.020591252651223        0.020591255009841
         52.368845668833252        0.000000001448291       -0.064520866077550        0.064520867525841
         52.489789885158501        0.000000001170122       -0.103042740173280        0.103042741343403
         52.610734101483750        0.000000001925971       -0.124978016549103        0.124978018475074
         52.731678317808999        0.000000003482216       -0.134133853827067        0.134133857309282
         52.852622534134255        0.000000004982774       -0.122386001859000        0.122386006841774
         52.973566750459504        0.000000005936014       -0.098010571310124        0.098010577246138
         53.094510966784753        0.000000005383998       -0.057144996741602        0.057145002125600
         53.215455183110002        0.000000004111291       -0.011368494110025        0.011368498221317
         53.336399399435251        0.000000002549568        0.038850448428719       -0.038850445879152
         53.457343615760500        0.000000001687813        0.082095316064667       -0.082095314376854
         53.578287832085749        0.000000002061868        0.115992104427544       -0.115992102365676
         53.699232048411005        0.000000003062268        0.134187690579377       -0.134187687517109
         53.820176264736254        0.000000004692268        0.134701512063956       -0.134701507371688
         53.941120481061503        0.000000005568699        0.118831283378678       -0.118831277809979
         54.062064697386752        0.000000005711440        0.085068756718533       -0.085068751007094
         54.183008913712001        0.000000004980396        0.043092114960019       -0.043092109979623
         54.303953130037250        0.000000003885132       -0.009091848747895        0.009091852633028
         54.424897346362499        0.000000003361445       -0.054877443241423        0.054877446602868
         54.545841562687755        0.000000003257835       -0.099362221196414        0.099362224454249
         54.666785779013004        0.000000003639198       -0.124032781389515        0.124032785028713
         54.787729995338253        0.000000004068137       -0.139358947612302        0.139358951680439
         54.908674211663502        0.000000004201491       -0.129588497689896        0.129588501891387
         55.029618427988751        0.000000004130256       -0.109609046606576        0.109609050736832
         55.150562644314000        0.000000003900436       -0.069120118480696        0.069120122381132
         55.271506860639249        0.000000003881822       -0.024825400385718        0.024825404267540
         55.392451076964505        0.000000004321903        0.026751589112704       -0.026751584790801
         55.513395293289754        0.000000004880760        0.071523725192483       -0.071523720311723
         55.634339509615003        0.000000005027478        0.107943998173472       -0.107943993145994
         55.755283725940252        0.000000004703989        0.129758936845586       -0.129758932141598
         55.876227942265501        0.000000003572927        0.133327110705498       -0.133327107132571
         55.997172158590750        0.000000002660106        0.121973758895332       -0.121973756235226
         56.118116374915999        0.000000002064898        0.091351958715531       -0.091351956650633
         56.239060591241255        0.000000002363843        0.053413030568907       -0.053413028205064
         56.360004807566504        0.000000003593182        0.003572845439995       -0.003572841846813
         56.480949023891753        0.000000004748372       -0.040301600341226        0.040301605089598
         56.601893240217002        0.000000005671566       -0.084554282152609        0.084554287824175
         56.722837456542251        0.000000005146904       -0.110425278865061        0.110425284011966
         56.843781672867500        0.000000003866086       -0.128419544387126        0.128419548253212
         56.964725889192749        0.000000002248236       -0.122571099075284        0.122571101323520
         57.085670105518005        0.000000001020027       -0.108026119021908        0.108026120041935
         57.206614321843254        0.000000001013311       -0.072462250373917        0.072462251387228
         57.327558538168503        0.000000001633640       -0.035023790975054        0.035023792608694
         57.448502754493752        0.000000003053424        0.013736690677443       -0.013736687624019
         57.569446970819001        0.000000003832972        0.052765648558910       -0.052765644725938
         57.690391187144250        0.000000004015142        0.091470316943552       -0.091470312928410
         57.811335403469499        0.000000003172227        0.110530918602326       -0.110530915430099
         57.932279619794755        0.000000001959018        0.122079645155217       -0.122079643196199
         58.053223836120004        0.000000001059864        0.110847311767085       -0.110847310707221
         58.174168052445253        0.000000000595264        0.092032739432768       -0.092032738837504
         58.295112268770502        0.000000000869297        0.055146955599913       -0.055146954730616
         58.416056485095751        0.000000001251966        0.017188944170446       -0.017188942918480
         58.537000701421000        0.000000001654020       -0.027864731548688        0.027864733202708
         58.657944917746249        0.000000001683094       -0.064306925625930        0.064306927309024
         58.778889134071505        0.000000001462638       -0.095619247818572        0.095619249281210
         58.899833350396754        0.000000001250632       -0.111534082417783        0.111534083668415
         59.020777566722003        0.000000001283726       -0.114543778969710        0.114543780253435
         59.141721783047252        0.000000001570621       -0.102169310714458        0.102169312285079
         59.262665999372501        0.000000001858777       -0.076032533589900        0.076032535448677
         59.383610215697750        0.000000001851102       -0.041575441039329        0.041575442890431
         59.504554432022999        0.000000001427550        0.000757633749903       -0.000757632322353
         59.625498648348255        0.000000000928978        0.039566974626879       -0.039566973697902
         59.746442864673504        0.000000000542576        0.077056589763069       -0.077056589220493
         59.867387080998753        0.000000000802361        0.099733114517733       -0.099733113715372
         59.988331297324002        0.000000001578194        0.114478812153385       -0.114478810575191
         60.109275513649251        0.000000002676360        0.108839531126059       -0.108839528449699
         60.230219729974500        0.000000003627425        0.094838083286025       -0.094838079658600
         60.351163946299749        0.000000003685226        0.062385726185007       -0.062385722499781
         60.472108162625005        0.000000003206892        0.027761944938852       -0.027761941731960
         60.593052378950254        0.000000002043626       -0.016737682572553        0.016737684616179
         60.713996595275503        0.000000001345074       -0.052949641897642        0.052949643242716
         60.834940811600752        0.000000001176484       -0.088113687722342        0.088113688898826
         60.955885027926001        0.000000001832832       -0.105921774917547        0.105921776750379
         61.076829244251250        0.000000003062693       -0.115395295730923        0.115395298793616
         61.197773460576499        0.000000003998197       -0.104693229662350        0.104693233660547
         61.318717676901755        0.000000004635962       -0.084973446264174        0.084973450900136
         61.439661893227004        0.000000004198234       -0.049970561987394        0.049970566185628
         61.560606109552253        0.000000003500563       -0.011675946987640        0.011675950488204
         61.681550325877502        0.000000002730504        0.030558417397649       -0.030558414667145
         61.802494542202751        0.000000002357052        0.067203911661523       -0.067203909304471
         61.923438758528000        0.000000002639451        0.095119179129091       -0.095119176489640
         62.044382974853249        0.000000003040915        0.111325257501558       -0.111325254460643
         62.165327191178505        0.000000003588860        0.110877175465511       -0.110877171876651
         62.286271407503754        0.000000003781541        0.099209482069269       -0.099209478287728
         62.407215623829003        0.000000003675992        0.070292647482071       -0.070292643806080
         62.528159840154252        0.000000003487197        0.037556874579859       -0.037556871092662
         62.649104056479501        0.000000003374609       -0.006016406091462        0.006016409466071
         62.770048272804750        0.000000003475572       -0.041775590394933        0.041775593870505
         62.890992489129999        0.000000003687783       -0.078581979718792        0.078581983406574
         63.011936705455255        0.000000003627526       -0.097707135797306        0.097707139424832
         63.132880921780504        0.000000003294877       -0.110582838259766        0.110582841554643
         63.253825138105753        0.000000002799879       -0.102692023630393        0.102692026430272
         63.374769354431002        0.000000002253401       -0.087140054412976        0.087140056666377
         63.495713570756251        0.000000002251920       -0.055579291028728        0.055579293280648
         63.616657787081500        0.000000002534466       -0.021023632042681        0.021023634577147
         63.737602003406749        0.000000003264104        0.018732621164448       -0.018732617900345
         63.858546219732006        0.000000003848135        0.053420706405579       -0.053420702557444
         63.979490436057254        0.000000003800537        0.081528904822808       -0.081528901022271
         64.100434652382503        0.000000003276196        0.098317127208662       -0.098317123932466
         64.221378868707745        0.000000002116620        0.101528725835865       -0.101528723719245
         64.342323085033001        0.000000001230483        0.092675749063200       -0.092675747832717
         64.463267301358258        0.000000000713085        0.070329670601193       -0.070329669888107
         64.584211517683499        0.000000000903702        0.041197633955480       -0.041197633051778
         64.705155734008756        0.000000001608728        0.004936987373046       -0.004936985764317
         64.826099950333997        0.000000002236905       -0.028871858535569        0.028871860772475
         64.947044166659254        0.000000002547550       -0.060672141785800        0.060672144333351
         65.067988382984495        0.000000002107958       -0.081601538417795        0.081601540525753
         65.188932599309751        0.000000001256923       -0.093631630223105        0.093631631480029
         65.309876815635008        0.000000000327013       -0.091642623526536        0.091642623853549
         65.430821031960249       -0.000000000311926       -0.079030060001609        0.079030059689684
         65.551765248285506       -0.000000000437386       -0.055850721915015        0.055850721477629
         65.672709464610747       -0.000000000218028       -0.025578645660603        0.025578645442574
         65.793653680936004        0.000000000108509        0.006492725864706       -0.006492725756197
         65.914597897261245        0.000000000287960        0.039130914063813       -0.039130913775853
         66.035542113586502        0.000000000156574        0.063237629092778       -0.063237628936205
         66.156486329911758       -0.000000000144175        0.082615463100764       -0.082615463244939
         66.277430546236999       -0.000000000424634        0.086231724342770       -0.086231724767404
         66.398374762562256       -0.000000000556971        0.084298094924304       -0.084298095481275
         66.519318978887497       -0.000000000485098        0.065125131386403       -0.065125131871501
         66.640263195212754       -0.000000000396543        0.044574755973017       -0.044574756369560
         66.761207411537995       -0.000000000419742        0.011184701800464       -0.011184702220207
         66.882151627863252       -0.000000000515409       -0.016004943634320        0.016004943118910
         67.003095844188508       -0.000000000700741       -0.048150495039232        0.048150494338491
         67.124040060513749       -0.000000000648926       -0.066665147943078        0.066665147294152
         67.244984276839006       -0.000000000377596       -0.083067083840522        0.083067083462926
         67.365928493164247        0.000000000160211       -0.082336946044364        0.082336946204575
         67.486872709489504        0.000000000767707       -0.076636543103188        0.076636543870895
         67.607816925814745        0.000000001081073       -0.055801187594300        0.055801188675374
         67.728761142140002        0.000000001109496       -0.032413069271611        0.032413070381107
         67.849705358465258        0.000000000709638       -0.000621652764742        0.000621653474380
         67.970649574790500        0.000000000383428        0.027275013628082       -0.027275013244654
         68.091593791115756        0.000000000189602        0.055079398992046       -0.055079398802445
         68.212538007440997        0.000000000538228        0.072123918741242       -0.072123918203014
         68.333482223766254        0.000000001137704        0.083061410757557       -0.083061409619853
         68.454426440091495        0.000000001936989        0.079715348830223       -0.079715346893234
         68.575370656416752        0.000000002463327        0.069552993556189       -0.069552991092863
         68.696314872742008        0.000000002568533        0.046471319806742       -0.046471317238210
         68.817259089067250        0.000000002348974        0.021543331652001       -0.021543329303027
         68.938203305392506        0.000000001847196       -0.010776024642348        0.010776026489544
         69.059147521717748        0.000000001661399       -0.036408796388350        0.036408798049749
         69.180091738043004        0.000000001611710       -0.062732033848370        0.062732035460080
         69.301035954368245        0.000000001985227       -0.074582428637793        0.074582430623020
         69.421980170693502        0.000000002404626       -0.083119044661573        0.083119047066199
         69.542924387018758        0.000000002708425       -0.073933650492725        0.073933653201149
         69.663868603344000        0.000000002875214       -0.062160502725659        0.062160505600873
         69.784812819669256        0.000000002718037       -0.035286211734704        0.035286214452741
         69.905757035994498        0.000000002606275       -0.010851334277784        0.010851336884059
         70.026701252319754        0.000000002504952        0.021262877731181       -0.021262875226228
         70.147645468644996        0.000000002523202        0.044359965332617       -0.044359962809415
         70.268589684970252        0.000000002592192        0.066439169514326       -0.066439166922134
         70.389533901295508        0.000000002566831        0.075449583951077       -0.075449581384246
         70.510478117620750        0.000000002402593        0.077536800078397       -0.077536797675804
         70.631422333946006        0.000000002225720        0.067644371732842       -0.067644369507122
         70.752366550271248        0.000000002025669        0.049717366178061       -0.049717364152391
         70.873310766596504        0.000000002056539        0.026092513957371       -0.026092511900832
         70.994254982921746        0.000000002241990       -0.002275066785705        0.002275069027695
         71.115199199247002        0.000000002417570       -0.027111301082954        0.027111303500524
         71.236143415572258        0.000000002563798       -0.051630405033870        0.051630407597668
         71.357087631897500        0.000000002258949       -0.064468662072261        0.064468664331210
         71.478031848222756        0.000000001836160       -0.073804901831299        0.073804903667460
         71.598976064547998        0.000000001225740       -0.067737105955917        0.067737107181656
         71.719920280873254        0.000000000767169       -0.059043030546709        0.059043031313878
         71.840864497198496        0.000000000675485       -0.036503682940435        0.036503683615920
         71.961808713523752        0.000000000725068       -0.016231180057961        0.016231180783029
         72.082752929849008        0.000000001078092        0.012435052683938       -0.012435051605846
         72.203697146174250        0.000000001110791        0.032044367643075       -0.032044366532284
         72.324641362499506        0.000000000999125        0.053887774514060       -0.053887773514935
         72.445585578824748        0.000000000480561        0.061396811499916       -0.061396811019356
         72.566529795150004       -0.000000000164066        0.067595821212879       -0.067595821376945
