#  GS molecular orbital populations, spin channel : 1
#          time (fs)            |   population (orb 1)       |    population (orb 2)      |           ...              |    population (orb N)      |
          0.118525331998745            1.999885875560295            0.000004304263719  
          0.239469548323995            1.999893056000557            0.000000095184080  
          0.360413764649245            1.999893009938495            0.000004331868810  
          0.481357980974495            1.999902152011146            0.000000581325880  
          0.602302197299745            1.999904902582903            0.000004398195952  
          0.723246413624995            1.999915305713202            0.000001683501249  
          0.844190629950245            1.999923021266240            0.000002711390112  
          0.965134846275495            1.999932837100125            0.000002596770549  
          1.086079062600745            1.999945198244234            0.000000786361302  
          1.207023278925995            1.999954090222182            0.000003164984519  
          1.327967495251245            1.999969042131582            0.000000058238331  
          1.448911711576495            1.999977021417596            0.000004345189552  
          1.569855927901745            1.999992161001710            0.000001724112515  
          1.690800144226995            2.000002919255532            0.000003568731725  
          1.811744360552245            2.000014831551636            0.000004169861310  
          1.932688576877495            2.000030581801562            0.000000675921992  
          2.053632793202745            2.000040053277406            0.000003036118154  
          2.174577009527995            2.000053912261207            0.000000429467622  
          2.295521225853245            2.000062786762129            0.000002081842928  
          2.416465442178495            2.000073099853482            0.000001442147559  
          2.537409658503745            2.000080182734312            0.000003076536972  
          2.658353874828995            2.000085887936149            0.000005029149592  
          2.779298091154245            2.000093772469135            0.000003679467090  
          2.900242307479495            2.000096676064568            0.000006132284280  
          3.021186523804745            2.000105473303508            0.000001489149644  
          3.142130740129995            2.000107766657923            0.000002140604014  
          3.263074956455245            2.000110350343006            0.000001286595092  
          3.384019172780495            2.000110547206080            0.000001625396919  
          3.504963389105745            2.000111277421375            0.000000277745758  
          3.625907605430995            2.000103197111262            0.000006631903746  
          3.746851821756245            2.000103676521690            0.000003385203110  
          3.867796038081495            2.000091347335693            0.000011940893446  
          3.988740254406745            2.000092046320062            0.000006541133885  
          4.109684470731995            2.000090033505670            0.000003009386213  
          4.230628687057245            2.000083916480646            0.000002803465198  
          4.351572903382495            2.000077602276090            0.000002097060200  
          4.472517119707745            2.000071638858344            0.000000400607934  
          4.593461336032996            2.000062186391663            0.000001641997366  
          4.714405552358246            2.000047112057274            0.000008046979949  
          4.835349768683495            2.000042172201552            0.000003918770349  
          4.956293985008745            2.000016561673717            0.000020124299858  
          5.077238201333995            2.000017553401417            0.000009472502767  
          5.198182417659245            2.000013852425466            0.000003336154536  
          5.319126633984495            2.000003975549764            0.000003263052681  
          5.440070850309746            1.999993274603197            0.000003958551659  
          5.561015066634996            1.999987218167147            0.000000019844874  
          5.681959282960245            1.999975739927410            0.000001598077251  
          5.802903499285495            1.999958618496867            0.000008989214438  
          5.923847715610745            1.999951018140600            0.000007069573649  
          6.044791931935995            1.999929499503917            0.000019356296087  
          6.165736148261245            1.999924801033276            0.000015199178083  
          6.286680364586495            1.999929617408981            0.000001974793781  
          6.407624580911745            1.999920872936329            0.000002830450966  
          6.528568797236995            1.999911666758943            0.000004716789250  
          6.649513013562244            1.999909685054898            0.000000046645869  
          6.770457229887494            1.999901906973814            0.000001939333385  
          6.891401446212745            1.999891218684701            0.000007576287097  
          7.012345662537995            1.999890410010608            0.000004194380179  
          7.133289878863245            1.999869982251600            0.000021393284277  
          7.254234095188495            1.999882359160950            0.000006824747957  
          7.375178311513745            1.999881267461012            0.000006824585479  
          7.496122527838994            1.999886109797879            0.000002029000088  
          7.617066744164244            1.999888894942878            0.000000423191251  
          7.738010960489495            1.999887712353460            0.000003996202527  
          7.858955176814745            1.999893680483047            0.000001662394278  
          7.979899393139995            1.999900124911828            0.000000061009543  
          8.100843609465246            1.999892957551047            0.000013252915566  
          8.221787825790495            1.999908722919366            0.000004631393668  
          8.342732042115745            1.999906478234798            0.000015127971348  
          8.463676258440994            1.999929482855191            0.000001391473184  
          8.584620474766245            1.999938409981888            0.000002641581115  
          8.705564691091494            1.999950567016719            0.000001414108731  
          8.826508907416745            1.999960358924834            0.000003191262888  
          8.947453123741996            1.999974311713646            0.000001315736041  
          9.068397340067245            1.999987847573024            0.000000198684062  
          9.189341556392495            1.999989907956887            0.000010726620309  
          9.310285772717744            2.000005745590436            0.000007448305965  
          9.431229989042995            2.000013739482088            0.000011827113299  
          9.552174205368244            2.000031643806268            0.000005959470109  
          9.673118421693495            2.000047474542157            0.000001675792075  
          9.794062638018746            2.000059994882850            0.000000050192373  
          9.915006854343995            2.000063866562094            0.000006252476879  
         10.035951070669245            2.000079233415288            0.000000034484551  
         10.156895286994494            2.000085440733524            0.000001973864899  
         10.277839503319745            2.000084144592078            0.000010376472769  
         10.398783719644994            2.000086344382022            0.000014105062514  
         10.519727935970245            2.000085638329194            0.000019511715160  
         10.640672152295496            2.000101448077737            0.000007194612471  
         10.761616368620745            2.000106866469787            0.000004079698697  
         10.882560584945995            2.000109347241060            0.000002761352449  
         11.003504801271244            2.000104076527438            0.000007960467655  
         11.124449017596495            2.000103870561358            0.000006915598822  
         11.245393233921744            2.000108170605621            0.000000332268435  
         11.366337450246995            2.000091844893728            0.000013387989671  
         11.487281666572246            2.000067719097055            0.000033308705319  
         11.608225882897495            2.000071851341030            0.000024010532243  
         11.729170099222745            2.000065544736542            0.000024315664797  
         11.850114315547994            2.000082334521260            0.000000872586127  
         11.971058531873245            2.000073143952214            0.000002762155994  
         12.092002748198494            2.000043391788628            0.000024578881931  
         12.212946964523745            2.000052144607019            0.000007338815848  
         12.333891180848996            2.000049992849629            0.000000609858634  
         12.454835397174245            2.000019016879120            0.000022391683413  
         12.575779613499495            1.999987377730932            0.000044534416063  
         12.696723829824744            1.999984446555439            0.000037688315998  
         12.817668046149995            1.999977888742013            0.000034337296759  
         12.938612262475244            1.999999738979701            0.000002560694668  
         13.059556478800495            1.999988431855442            0.000003905727007  
         13.180500695125746            1.999952409736274            0.000029963850376  
         13.301444911450995            1.999957155993757            0.000015377516460  
         13.422389127776245            1.999962609782830            0.000000329349550  
         13.543333344101494            1.999936383377476            0.000017242840710  
         13.664277560426745            1.999891983574771            0.000052586422207  
         13.785221776751994            1.999901559729790            0.000034325913346  
         13.906165993077245            1.999892703679051            0.000035050688628  
         14.027110209402496            1.999916727995842            0.000003493415269  
         14.148054425727745            1.999910525887440            0.000002706081901  
         14.268998642052996            1.999881669525372            0.000025225154812  
         14.389942858378244            1.999889412764899            0.000011970503811  
         14.510887074703495            1.999896061234036            0.000000736171450  
         14.631831291028744            1.999877393326687            0.000015757138251  
         14.752775507353995            1.999860298663145            0.000030060887834  
         14.873719723679246            1.999853817896837            0.000034807003372  
         14.994663940004495            1.999865483329412            0.000022623805486  
         15.115608156329746            1.999887625315246            0.000001124766602  
         15.236552372654995            1.999883890634101            0.000006644566637  
         15.357496588980245            1.999882437931318            0.000010986660443  
         15.478440805305494            1.999888564270590            0.000009016572590  
         15.599385021630745            1.999898912124160            0.000004132352007  
         15.720329237955996            1.999907308388052            0.000002323186688  
         15.841273454281245            1.999889008817160            0.000028278177447  
         15.962217670606496            1.999911143683803            0.000014799483195  
         16.083161886931745            1.999912741975782            0.000022884111919  
         16.204106103256994            1.999946025479595            0.000000175821279  
         16.325050319582246            1.999954825893846            0.000002639107758  
         16.445994535907495            1.999960382931139            0.000008857066344  
         16.566938752232744            1.999972988770016            0.000008434608522  
         16.687882968557997            1.999991433655974            0.000002480794052  
         16.808827184883246            2.000005813418992            0.000000706671036  
         16.929771401208495            1.999994351924240            0.000024679484789  
         17.050715617533744            2.000014713348107            0.000016511082751  
         17.171659833858996            2.000021020420389            0.000021951952102  
         17.292604050184245            2.000051199117879            0.000003008013891  
         17.413548266509494            2.000059244613391            0.000005520498891  
         17.534492482834747            2.000068925006917            0.000005545081729  
         17.655436699159996            2.000065108467726            0.000018003251861  
         17.776380915485245            2.000089245081634            0.000001447253638  
         17.897325131810494            2.000095513571791            0.000001731831833  
         18.018269348135746            2.000070951075833            0.000031764151346  
         18.139213564460995            2.000079578391536            0.000027322481986  
         18.260157780786244            2.000068273989622            0.000041473301480  
         18.381101997111497            2.000108704457987            0.000002761478619  
         18.502046213436746            2.000107916012260            0.000004195092878  
         18.622990429761995            2.000082729238150            0.000028917964377  
         18.743934646087244            2.000092488871236            0.000017421096417  
         18.864878862412496            2.000088655345009            0.000018384376886  
         18.985823078737745            2.000094581480078            0.000008767988339  
         19.106767295062994            2.000073891991331            0.000024945700656  
         19.227711511388247            2.000005486466776            0.000087889098690  
         19.348655727713496            2.000042632606600            0.000044370906349  
         19.469599944038745            2.000061069854194            0.000018912740390  
         19.590544160363994            2.000056943569125            0.000015543459571  
         19.711488376689246            2.000028811148932            0.000035641218337  
         19.832432593014495            2.000008935187871            0.000046832297634  
         19.953376809339744            2.000013804678839            0.000032850643888  
         20.074321025664997            2.000029210356258            0.000008167681489  
         20.195265241990246            1.999991719299481            0.000036159722165  
         20.316209458315495            1.999900673006791            0.000117406471214  
         20.437153674640744            1.999940064034292            0.000068028238912  
         20.558097890965996            1.999975392825074            0.000022761961351  
         20.679042107291245            1.999971312246565            0.000017012421407  
         20.799986323616494            1.999928089156472            0.000050377390659  
         20.920930539941747            1.999920253527301            0.000048391230646  
         21.041874756266996            1.999918870469793            0.000040268534167  
         21.162818972592245            1.999939350501169            0.000010705657671  
         21.283763188917494            1.999910225115164            0.000031011727933  
         21.404707405242746            1.999828052865582            0.000104657933167  
         21.525651621567995            1.999853762458774            0.000070961543538  
         21.646595837893244            1.999898205759139            0.000019272066295  
         21.767540054218497            1.999898891431009            0.000012035740174  
         21.888484270543746            1.999866893670172            0.000037975808136  
         22.009428486868995            1.999862176196172            0.000037385864572  
         22.130372703194244            1.999863026983369            0.000032308680287  
         22.251316919519496            1.999888795797246            0.000003366670705  
         22.372261135844745            1.999869718231514            0.000020147204622  
         22.493205352169994            1.999814227901728            0.000074234214505  
         22.614149568495247            1.999851918433843            0.000036327951344  
         22.735093784820496            1.999863370937379            0.000026044190478  
         22.856038001145745            1.999888359147072            0.000003387059715  
         22.976982217470994            1.999883002798434            0.000012087579264  
         23.097926433796246            1.999862791374559            0.000036782034565  
         23.218870650121495            1.999896969114517            0.000008414413830  
         23.339814866446744            1.999906479326712            0.000006016095097  
         23.460759082771997            1.999906853491814            0.000013716698123  
         23.581703299097246            1.999889005423972            0.000040537390124  
         23.702647515422495            1.999911382171808            0.000028049280761  
         23.823591731747744            1.999931047360257            0.000019190979212  
         23.944535948072996            1.999959280782111            0.000002498338778  
         24.065480164398245            1.999967863603450            0.000005872607466  
         24.186424380723494            1.999958750761109            0.000027217591243  
         24.307368597048747            1.999987918621441            0.000010480561970  
         24.428312813373996            2.000005920031523            0.000005031723459  
         24.549257029699245            2.000018358989919            0.000005057014914  
         24.670201246024494            1.999991937075245            0.000043567553158  
         24.791145462349750            2.000023059268561            0.000023950844126  
         24.912089678674999            2.000031716882190            0.000026150081284  
         25.033033895000248            2.000067955148234            0.000000166747884  
         25.153978111325497            2.000064531484510            0.000013012135148  
         25.274922327650749            2.000056531443700            0.000029367148728  
         25.395866543975998            2.000068591826881            0.000024410891634  
         25.516810760301247            2.000092098493605            0.000006905573911  
         25.637754976626500            2.000097938109532            0.000006148126283  
         25.758699192951749            2.000047895108342            0.000060077676367  
         25.879643409276998            2.000060322473411            0.000050138069584  
         26.000587625602247            2.000069646478978            0.000041956348857  
         26.121531841927499            2.000104771686785            0.000006992983490  
         26.242476058252748            2.000097631500254            0.000013412537272  
         26.363420274577997            2.000038039450494            0.000071049052386  
         26.484364490903250            2.000061161846363            0.000044688416627  
         26.605308707228499            2.000090376368481            0.000011310717244  
         26.726252923553748            2.000069563301895            0.000027318281933  
         26.847197139878997            2.000014086104354            0.000077288787003  
         26.968141356204249            1.999979879327343            0.000104945589522  
         27.089085572529498            1.999999782399307            0.000077677868869  
         27.210029788854747            2.000064860123167            0.000004888544890  
         27.330974005180000            2.000034086548365            0.000027580870171  
         27.451918221505249            1.999934450585012            0.000118551445118  
         27.572862437830498            1.999971684073020            0.000072063568782  
         27.693806654155747            2.000008989747165            0.000025292965286  
         27.814750870480999            1.999990837981392            0.000033969207417  
         27.935695086806248            1.999912880820968            0.000102242967643  
         28.056639303131497            1.999874747355842            0.000130360763003  
         28.177583519456750            1.999890558160158            0.000104531703548  
         28.298527735781999            1.999974618988581            0.000010715155778  
         28.419471952107248            1.999949486135822            0.000026178587761  
         28.540416168432497            1.999842519533252            0.000123427739089  
         28.661360384757749            1.999864532283269            0.000091880396941  
         28.782304601082998            1.999924841241635            0.000022565508254  
         28.903248817408247            1.999914596762616            0.000024311262549  
         29.024193033733500            1.999833743760160            0.000096850122583  
         29.145137250058749            1.999818228097596            0.000104404890867  
         29.266081466383998            1.999822522078826            0.000092974254457  
         29.387025682709247            1.999900181164668            0.000009082109269  
         29.507969899034499            1.999888348592222            0.000015246032507  
         29.628914115359748            1.999807559989282            0.000090922214814  
         29.749858331684997            1.999835788789727            0.000058517195073  
         29.870802548010250            1.999867843839589            0.000023561318523  
         29.991746764335499            1.999872764795272            0.000016856837345  
         30.112690980660748            1.999847782506811            0.000040752967851  
         30.233635196985997            1.999801511424123            0.000086964553962  
         30.354579413311249            1.999846565539003            0.000043257570731  
         30.475523629636498            1.999884498749943            0.000008052780571  
         30.596467845961747            1.999876842883382            0.000019550591976  
         30.717412062287000            1.999872045612234            0.000029057059680  
         30.838356278612249            1.999853224840970            0.000053821511350  
         30.959300494937498            1.999906505160196            0.000007868073073  
         31.080244711262747            1.999920031962464            0.000002801243370  
         31.201188927587999            1.999896868362528            0.000035235074705  
         31.322133143913248            1.999903836902253            0.000038263437353  
         31.443077360238497            1.999914782386438            0.000038179137716  
         31.564021576563750            1.999959029617298            0.000005565700954  
         31.684965792888999            1.999965171622522            0.000011576369692  
         31.805910009214248            1.999971890516135            0.000017172960635  
         31.926854225539497            1.999955186485066            0.000046249250202  
         32.047798441864749            2.000006510178439            0.000007335479100  
         32.168742658189998            2.000020824809940            0.000005370608309  
         32.289686874515247            2.000018326505878            0.000019940772431  
         32.410631090840496            1.999999472967713            0.000050202790117  
         32.531575307165745            2.000029076990311            0.000031212198782  
         32.652519523491002            2.000055348202302            0.000014818504118  
         32.773463739816250            2.000068733103778            0.000010625106549  
         32.894407956141499            2.000064910982872            0.000022675612890  
         33.015352172466748            2.000029507780783            0.000064987418434  
         33.136296388791997            2.000082381367512            0.000017731199738  
         33.257240605117246            2.000096148038746            0.000008548176137  
         33.378184821442495            2.000077045735682            0.000031377206216  
         33.499129037767752            2.000047117742952            0.000063688101305  
         33.620073254093001            2.000030514045190            0.000081160848729  
         33.741017470418250            2.000097051268795            0.000014343524831  
         33.861961686743498            2.000097727863770            0.000012554815330  
         33.982905903068747            2.000039154914250            0.000069178085018  
         34.103850119393996            2.000023684565550            0.000081353546010  
         34.224794335719245            2.000023816732387            0.000076702836442  
         34.345738552044502            2.000088790080724            0.000006594299936  
         34.466682768369751            2.000059486725504            0.000030260214689  
         34.587626984695000            1.999939246504894            0.000144036189498  
         34.708571201020249            1.999970877543112            0.000104947448731  
         34.829515417345497            2.000021725173674            0.000046064218883  
         34.950459633670746            2.000033486763646            0.000026083679103  
         35.071403849995995            1.999962534724401            0.000088495961746  
         35.192348066321252            1.999904528787096            0.000137280279188  
         35.313292282646501            1.999915429038327            0.000116745575587  
         35.434236498971750            2.000009938936118            0.000012651854849  
         35.555180715296999            1.999977283627798            0.000035714014206  
         35.676124931622248            1.999833852191176            0.000169268667221  
         35.797069147947497            1.999850745921361            0.000142287073472  
         35.918013364272745            1.999933423579584            0.000049742687227  
         36.038957580598002            1.999949233634903            0.000024413366161  
         36.159901796923251            1.999862912088453            0.000101226224641  
         36.280846013248500            1.999827064198763            0.000127541590151  
         36.401790229573749            1.999825402244724            0.000120120201278  
         36.522734445898998            1.999919366460469            0.000017776151064  
         36.643678662224247            1.999904245868331            0.000024876153302  
         36.764622878549496            1.999792152435535            0.000129178109340  
         36.885567094874752            1.999793266659314            0.000120833846582  
         37.006511311200001            1.999868983169447            0.000038908636633  
         37.127455527525250            1.999886193644748            0.000016433226010  
         37.248399743850499            1.999833668307922            0.000064136977644  
         37.369343960175748            1.999805474950529            0.000088186775183  
         37.490288176500997            1.999805286140033            0.000085475401747  
         37.611232392826246            1.999883378291580            0.000005809179052  
         37.732176609151502            1.999874300920861            0.000014282828277  
         37.853120825476751            1.999810755016910            0.000077976558940  
         37.974065041802000            1.999835148900259            0.000054891197981  
         38.095009258127249            1.999852969666358            0.000039948552298  
         38.215953474452498            1.999894841928937            0.000002240892334  
         38.336897690777747            1.999876252010834            0.000025946660564  
         38.457841907102996            1.999844973427660            0.000063267070095  
         38.578786123428252            1.999876366188944            0.000039186625188  
         38.699730339753501            1.999911911696163            0.000012296407092  
         38.820674556078750            1.999930958833237            0.000002792652990  
         38.941618772403999            1.999898932594753            0.000045046288641  
         39.062562988729248            1.999924937908442            0.000029898794428  
         39.183507205054497            1.999936076007936            0.000030370789042  
         39.304451421379746            1.999977904657439            0.000000753760925  
         39.425395637705002            1.999973681526611            0.000017438931030  
         39.546339854030251            1.999962679034619            0.000040878565396  
         39.667284070355500            1.999972152722151            0.000043708303029  
         39.788228286680749            2.000020456738977            0.000007597786515  
         39.909172503005998            2.000038379220715            0.000001636807188  
         40.030116719331247            2.000012704572074            0.000038754215189  
         40.151060935656496            2.000027230285878            0.000034791248308  
         40.272005151981752            2.000037737558198            0.000033903468424  
         40.392949368307001            2.000079913993568            0.000000613210484  
         40.513893584632250            2.000063789645705            0.000024780538835  
         40.634837800957499            2.000046424649101            0.000049083193335  
         40.755782017282748            2.000032758656672            0.000068212129321  
         40.876726233607997            2.000086353748691            0.000018839692703  
         40.997670449933246            2.000107044898213            0.000001501179343  
         41.118614666258502            2.000055675081007            0.000055188119113  
         41.239558882583751            2.000050766006916            0.000061016343355  
         41.360503098909000            2.000049235730876            0.000061988809782  
         41.481447315234249            2.000098773540547            0.000010933398319  
         41.602391531559498            2.000088215308075            0.000019320943095  
         41.723335747884747            1.999992311336164            0.000111993136818  
         41.844279964209996            1.999995670363525            0.000104122846836  
         41.965224180535252            2.000050729656713            0.000043592366036  
         42.086168396860501            2.000070017236025            0.000018342255043  
         42.207112613185750            2.000014441893736            0.000067500729663  
         42.328056829510999            1.999964347324103            0.000110228036204  
         42.449001045836248            1.999956473923833            0.000109907446062  
         42.569945262161497            2.000045316784557            0.000012588102658  
         42.690889478486746            2.000021148388609            0.000028125809442  
         42.811833694812002            1.999880433549746            0.000159768044752  
         42.932777911137251            1.999882505399726            0.000148068904241  
         43.053722127462500            1.999955521790301            0.000065254427059  
         43.174666343787749            1.999987988980393            0.000023121445116  
         43.295610560112998            1.999919686476784            0.000081694936178  
         43.416554776438247            1.999871393143260            0.000119963780749  
         43.537498992763496            1.999855150033808            0.000126209261827  
         43.658443209088752            1.999949843964824            0.000021921483776  
         43.779387425414001            1.999937246535465            0.000025165857453  
         43.900331641739250            1.999813989611181            0.000139087045813  
         44.021275858064499            1.999786536624702            0.000157386609291  
         44.142220074389748            1.999879996691414            0.000055414657170  
         44.263164290714997            1.999910299750425            0.000017301749331  
         44.384108507040246            1.999856324263390            0.000063769858530  
         44.505052723365502            1.999828841228402            0.000084075962836  
         44.625996939690751            1.999810545634584            0.000096065976361  
         44.746941156016000            1.999886872397099            0.000014552039192  
         44.867885372341249            1.999884752895265            0.000012226569602  
         44.988829588666498            1.999796078734030            0.000097066041096  
         45.109773804991747            1.999802864033131            0.000087326987763  
         45.230718021316996            1.999837622720513            0.000050989094698  
         45.351662237642252            1.999877857402348            0.000010493139607  
         45.472606453967501            1.999872090512721            0.000016796854754  
         45.593550670292750            1.999826104247100            0.000064295004579  
         45.714494886617999            1.999855890160634            0.000037352402257  
         45.835439102943248            1.999886616538771            0.000010942420554  
         45.956383319268497            1.999885895332129            0.000017191483376  
         46.077327535593746            1.999880132876414            0.000029314706792  
         46.198271751919002            1.999844883956080            0.000071990249497  
         46.319215968244251            1.999906445348228            0.000019082089456  
         46.440160184569500            1.999926475266009            0.000008821426615  
         46.561104400894749            1.999933827602166            0.000011970306086  
         46.682048617219998            1.999927736584903            0.000029114746854  
         46.802992833545247            1.999942980902117            0.000025492803092  
         46.923937049870496            1.999971404921775            0.000009241868217  
         47.044881266195752            1.999982874479206            0.000010316972817  
         47.165825482521001            1.999987257171077            0.000018490608374  
         47.286769698846250            1.999961358526539            0.000056747835647  
         47.407713915171499            2.000006568556036            0.000023614455271  
         47.528658131496748            2.000032653629183            0.000009302605319  
         47.649602347821997            2.000050094859384            0.000003218367641  
         47.770546564147246            2.000027301011999            0.000036580607593  
         47.891490780472502            2.000052655018233            0.000020790585249  
         48.012434996797751            2.000064556513490            0.000017454305309  
         48.133379213123000            2.000082154943506            0.000007603443946  
         48.254323429448249            2.000071374186131            0.000025143982103  
         48.375267645773498            2.000025510457713            0.000076471405756  
         48.496211862098747            2.000068429349678            0.000037605231685  
         48.617156078423996            2.000089308013520            0.000019611183362  
         48.738100294749252            2.000101926886078            0.000009026703156  
         48.859044511074501            2.000074275636575            0.000037508656435  
         48.979988727399750            2.000045612782226            0.000065592576494  
         49.100932943724999            2.000094869047822            0.000014533028281  
         49.221877160050248            2.000096479171458            0.000010264892391  
         49.342821376375497            2.000040052025954            0.000063330001009  
         49.463765592700746            2.000013343952517            0.000085563164210  
         49.584709809026002            1.999985747140123            0.000107553404563  
         49.705654025351251            2.000070158060279            0.000016859112570  
         49.826598241676500            2.000073578187443            0.000006721474157  
         49.947542458001749            1.999991574962490            0.000081381965043  
         50.068486674326998            1.999983943590571            0.000080865602004  
         50.189430890652247            2.000018917583869            0.000037182731079  
         50.310375106977496            2.000028118225217            0.000019078644565  
         50.431319323302752            1.999963863846314            0.000074249100675  
         50.552263539628001            1.999911842070433            0.000116718034357  
         50.673207755953250            1.999878257151943            0.000140418524823  
         50.794151972278499            1.999980290156823            0.000028533367829  
         50.915096188603748            1.999992408681654            0.000006639849550  
         51.036040404928997            1.999909471854429            0.000079692556266  
         51.156984621254246            1.999880146123448            0.000099029698129  
         51.277928837579502            1.999935423791154            0.000033992690967  
         51.398873053904751            1.999945052338723            0.000015016892393  
         51.519817270230000            1.999877646869313            0.000073283335262  
         51.640761486555249            1.999843071879617            0.000098829420088  
         51.761705702880498            1.999811016248229            0.000122312556809  
         51.882649919205747            1.999894093713933            0.000031403986615  
         52.003594135530996            1.999915363257978            0.000002857463671  
         52.124538351856252            1.999860662696484            0.000050720809401  
         52.245482568181501            1.999836463636936            0.000068670989356  
         52.366426784506750            1.999876702357573            0.000023187749612  
         52.487371000831999            1.999884630800832            0.000011095070621  
         52.608315217157248            1.999851678367715            0.000040613621049  
         52.729259433482497            1.999827412539291            0.000062234318862  
         52.850203649807746            1.999806365122874            0.000081793314484  
         52.971147866133002            1.999874812261237            0.000013190132386  
         53.092092082458251            1.999883563764144            0.000005466560958  
         53.213036298783500            1.999864717738903            0.000026269476961  
         53.333980515108749            1.999871052554687            0.000023013186756  
         53.454924731433998            1.999875394189902            0.000023151457568  
         53.575868947759247            1.999904026125287            0.000000300570677  
         53.696813164084496            1.999891698359438            0.000019504299707  
         53.817757380409752            1.999880783713804            0.000038195574446  
         53.938701596735001            1.999882624949058            0.000045187293290  
         54.059645813060250            1.999925879817357            0.000011850647977  
         54.180590029385499            1.999946275006112            0.000002213543428  
         54.301534245710748            1.999945200720726            0.000014656171771  
         54.422478462035997            1.999961501274599            0.000010158715752  
         54.543422678361246            1.999968525392185            0.000015353928801  
         54.664366894686502            1.999996333285351            0.000000070617934  
         54.785311111011751            1.999992372993584            0.000016644815647  
         54.906255327337000            2.000000736382618            0.000020712650923  
         55.027199543662249            1.999986450208691            0.000047049354710  
         55.148143759987498            2.000035930310180            0.000009180252480  
         55.269087976312747            2.000050306175391            0.000005888854655  
         55.390032192637996            2.000058758739075            0.000007865236251  
         55.510976408963252            2.000058758804830            0.000017314515410  
         55.631920625288501            2.000070849941766            0.000013585102427  
         55.752864841613750            2.000090179087866            0.000001601855259  
         55.873809057938999            2.000079499383633            0.000018624598222  
         55.994753274264248            2.000076212543317            0.000027148917808  
         56.115697490589497            2.000043758361419            0.000063463865843  
         56.236641706914746            2.000089730828064            0.000020061953366  
         56.357585923240002            2.000104200109467            0.000007081861429  
         56.478530139565251            2.000095313277214            0.000016436044258  
         56.599474355890500            2.000093121623454            0.000017893905383  
         56.720418572215749            2.000075511321587            0.000033476867071  
         56.841362788540998            2.000099537836653            0.000006395703575  
         56.962307004866247            2.000094612760999            0.000007495034758  
         57.083251221191496            2.000028294280532            0.000069112228256  
         57.204195437516752            2.000017826188124            0.000073913043003  
         57.325139653842001            2.000038421099608            0.000046782442194  
         57.446083870167250            2.000061596096653            0.000016489251711  
         57.567028086492499            2.000056075169450            0.000014448674251  
         57.687972302817748            2.000030242140284            0.000032074864130  
         57.808916519142997            2.000001071560106            0.000052444393170  
         57.929860735468246            2.000037443158651            0.000006936529820  
         58.050804951793502            2.000026136502991            0.000008920870512  
         58.171749168118751            1.999942788705561            0.000082697304781  
         58.292693384444000            1.999922740989623            0.000092880685059  
         58.413637600769249            1.999951740663351            0.000053893280226  
         58.534581817094498            1.999974151109067            0.000021574142887  
         58.655526033419747            1.999969151101289            0.000016719403084  
         58.776470249744996            1.999948549393253            0.000027433075120  
         58.897414466070252            1.999916202646979            0.000050016205589  
         59.018358682395501            1.999945600396586            0.000011205103757  
         59.139302898720750            1.999940396517770            0.000007341156746  
         59.260247115045999            1.999877317055680            0.000061647347325  
         59.381191331371248            1.999844223974178            0.000086309990164  
         59.502135547696497            1.999882416226158            0.000040284886355  
         59.623079764021746            1.999896128373328            0.000019470260233  
         59.744023980347002            1.999899177123077            0.000009913996073  
         59.864968196672251            1.999889233656687            0.000013955225738  
         59.985912412997500            1.999865156834411            0.000032981424845  
         60.106856629322749            1.999890085334222            0.000004045328979  
         60.227800845647998            1.999888388925908            0.000002708968746  
         60.348745061973247            1.999843690404177            0.000045304400549  
         60.469689278298496            1.999852217727531            0.000035655800743  
         60.590633494623752            1.999846427297600            0.000041572150639  
         60.711577710949001            1.999883796088034            0.000005611465605  
         60.832521927274250            1.999891728003106            0.000000198921711  
         60.953466143599499            1.999879578225797            0.000015993496775  
         61.074410359924748            1.999896330586988            0.000004084988232  
         61.195354576249997            1.999900531991803            0.000006018694430  
         61.316298792575246            1.999906729286029            0.000007132275643  
         61.437243008900502            1.999909859443094            0.000012316051696  
         61.558187225225751            1.999898745460868            0.000032684826924  
         61.679131441551000            1.999922824614917            0.000018780571389  
         61.800075657876249            1.999945114404738            0.000007513062397  
         61.921019874201498            1.999963741336712            0.000000521308374  
         62.041964090526747            1.999968022676373            0.000008321960748  
         62.162908306851996            1.999987534894319            0.000001174452722  
         62.283852523177252            1.999996245199239            0.000005004209551  
         62.404796739502501            2.000010838348650            0.000002981170018  
         62.525740955827750            2.000011424504424            0.000014776340280  
         62.646685172152999            2.000020729618587            0.000017468915240  
         62.767629388478248            2.000022745287587            0.000026889785303  
         62.888573604803497            2.000057119273947            0.000003313344617  
         63.009517821128746            2.000067844939207            0.000002630769812  
         63.130462037454002            2.000073126031599            0.000006498520496  
         63.251406253779251            2.000084812873670            0.000002876868539  
         63.372350470104500            2.000088581642514            0.000006029944269  
         63.493294686429749            2.000098751903614            0.000001696776083  
         63.614238902754998            2.000088986484702            0.000016142978525  
         63.735183119080247            2.000081132617368            0.000027481199193  
         63.856127335405496            2.000081679577052            0.000029116127365  
         63.977071551730752            2.000097334293350            0.000014430906172  
         64.098015768056001            2.000111078263393            0.000000593562761  
         64.218959984381243            2.000102881259683            0.000007576166613  
         64.339904200706499            2.000097249804611            0.000010874888317  
         64.460848417031755            2.000101493188342            0.000003219081200  
         64.581792633356997            2.000094097325246            0.000006272763198  
         64.702736849682253            2.000074125489935            0.000021125741854  
         64.823681066007495            2.000058413067959            0.000030874076102  
         64.944625282332751            2.000029044609353            0.000053480440550  
         65.065569498657993            2.000064621641128            0.000010491742868  
         65.186513714983249            2.000062393439718            0.000004777945329  
         65.307457931308505            2.000046264971049            0.000012485489516  
         65.428402147633747            2.000040382387607            0.000009462770501  
         65.549346363959003            2.000033211465853            0.000007336401713  
         65.670290580284245            2.000022949466103            0.000008056611267  
         65.791234796609501            1.999999250092148            0.000022046181206  
         65.912179012934743            1.999978903383003            0.000032496412379  
         66.033123229259999            1.999942243548485            0.000059150514287  
         66.154067445585255            1.999977505058810            0.000013899314658  
         66.275011661910497            1.999977446607329            0.000004054059731  
         66.395955878235753            1.999961805556093            0.000009903301474  
         66.516900094560995            1.999950531026901            0.000011529302743  
         66.637844310886251            1.999949245207697            0.000003440602264  
         66.758788527211493            1.999938258534748            0.000005442590135  
         66.879732743536749            1.999913862918874            0.000021254301107  
         67.000676959862005            1.999905612412220            0.000021349782337  
         67.121621176187247            1.999872655462833            0.000046709440016  
         67.242565392512503            1.999901002156828            0.000011441942699  
         67.363509608837745            1.999901720509757            0.000004521757139  
         67.484453825163001            1.999895264451246            0.000005536644113  
         67.605398041488243            1.999892067960658            0.000004100692945  
         67.726342257813499            1.999889449062109            0.000003052999009  
         67.847286474138755            1.999884829880321            0.000005063799129  
         67.968230690463997            1.999880750454041            0.000007553613839  
         68.089174906789253            1.999866937049921            0.000020870288000  
         68.210119123114495            1.999867946368801            0.000020509439384  
         68.331063339439751            1.999878600690431            0.000011725279160  
         68.452007555764993            1.999889088717248            0.000004352408161  
         68.572951772090249            1.999897064738051            0.000000650341775  
         68.693895988415505            1.999899798371854            0.000003384377546  
         68.814840204740747            1.999908421564895            0.000001409992320  
         68.935784421066003            1.999917474369682            0.000000143618387  
         69.056728637391245            1.999916143171220            0.000010315898173  
         69.177672853716501            1.999931368233956            0.000004849787244  
         69.298617070041743            1.999929032586636            0.000017782574309  
         69.419561286366999            1.999952423198742            0.000005703765795  
         69.540505502692255            1.999965798257454            0.000004222455313  
         69.661449719017497            1.999980949672574            0.000001359137051  
         69.782393935342753            1.999992844870815            0.000001983906755  
         69.903338151667995            2.000006569555066            0.000000843069131  
         70.024282367993251            2.000018946299396            0.000000953751728  
         70.145226584318493            2.000025989256144            0.000006142542296  
         70.266170800643749            2.000035505863481            0.000008414163670  
         70.387115016969005            2.000046047193642            0.000009065390572  
         70.508059233294247            2.000054139155187            0.000011422144453  
         70.629003449619503            2.000073796708110            0.000001362843146  
         70.749947665944745            2.000081261322630            0.000002537249589  
         70.870891882270001            2.000089778108073            0.000001597108117  
         70.991836098595243            2.000097061119323            0.000000745046925  
         71.112780314920499            2.000101840939573            0.000001212432524  
         71.233724531245755            2.000100257115049            0.000006862442863  
         71.354668747570997            2.000104080701864            0.000005889211078  
         71.475612963896253            2.000094399510748            0.000017207758331  
         71.596557180221495            2.000106293858672            0.000005755938350  
         71.717501396546751            2.000102436452535            0.000008899099153  
         71.838445612871993            2.000109297213324            0.000000249139729  
         71.959389829197249            2.000105511311074            0.000001182806099  
         72.080334045522505            2.000100704913295            0.000002140292929  
         72.201278261847747            2.000095495652334            0.000002578157187  
         72.322222478173003            2.000091483027503            0.000000980819554  
         72.443166694498245            2.000068534710983            0.000017555592580  
         72.564110910823501            2.000071367083738            0.000007650621404  
