#  GS molecular orbital populations, spin channel : 1
#          time (fs)            |   population (orb 1)       |    population (orb 2)      |           ...              |    population (orb N)      |
          0.118525331998745            1.999873100871737            0.000128532926017  
          0.239469548323995            1.999467111222718            0.000535386161589  
          0.360413764649245            1.999779228891595            0.000224139571559  
          0.481357980974495            1.999999525934907            0.000004564209891  
          0.602302197299745            1.999932912757172            0.000071852345082  
          0.723246413624995            1.999533963312658            0.000471474558236  
          0.844190629950245            1.999668106973070            0.000338037079725  
          0.965134846275495            1.999982462099511            0.000024205822665  
          1.086079062600745            1.999963631606594            0.000043473433536  
          1.207023278925995            1.999644730664909            0.000362754302301  
          1.327967495251245            1.999566909401746            0.000440992819603  
          1.448911711576495            1.999924170827427            0.000083986380804  
          1.569855927901745            1.999984828133600            0.000023446925659  
          1.690800144226995            1.999766023413999            0.000242288632907  
          1.811744360552245            1.999518099505524            0.000490262705179  
          1.932688576877495            1.999806671413142            0.000201649919587  
          2.053632793202745            2.000003697682045            0.000004400398378  
          2.174577009527995            1.999871639838997            0.000136154090076  
          2.295521225853245            1.999548821014154            0.000458645232854  
          2.416465442178495            1.999644872682285            0.000362265151343  
          2.537409658503745            2.000000056257887            0.000006564005767  
          2.658353874828995            1.999949177350944            0.000056843759388  
          2.779298091154245            1.999654142514517            0.000351236234313  
          2.900242307479495            1.999494861011068            0.000509939353727  
          3.021186523804745            1.999940540476413            0.000063550144720  
          3.142130740129995            1.999993134267394            0.000010148372808  
          3.263074956455245            1.999794912812653            0.000207532452429  
          3.384019172780495            1.999427537398779            0.000574151476136  
          3.504963389105745            1.999814756953140            0.000186154888520  
          3.625907605430995            1.999996939686424            0.000003080143307  
          3.746851821756245            1.999916671887748            0.000082458175906  
          3.867796038081495            1.999479753271153            0.000518554871181  
          3.988740254406745            1.999658429546265            0.000339149755365  
          4.109684470731995            1.999954466882912            0.000042288011822  
          4.230628687057245            1.999981911065880            0.000014038117987  
          4.351572903382495            1.999624402804441            0.000370800184469  
          4.472517119707745            1.999536449339362            0.000458166347998  
          4.593461336032996            1.999867174626613            0.000126832199091  
          4.714405552358246            1.999990643606217            0.000002759102041  
          4.835349768683495            1.999790220575711            0.000202648413903  
          4.956293985008745            1.999499843648510            0.000492655261907  
          5.077238201333995            1.999748156377064            0.000244055418493  
          5.198182417659245            1.999969349106452            0.000022554264619  
          5.319126633984495            1.999913584877799            0.000078092471788  
          5.440070850309746            1.999555523078940            0.000436061481935  
          5.561015066634996            1.999621787651789            0.000369872151446  
          5.681959282960245            1.999940112546075            0.000051594100003  
          5.802903499285495            1.999974662938174            0.000017159021331  
          5.923847715610745            1.999669407753667            0.000322629858424  
          6.044791931935995            1.999519964800168            0.000472485570546  
          6.165736148261245            1.999902216337171            0.000090642694610  
          6.286680364586495            1.999992451652810            0.000000837144042  
          6.407624580911745            1.999792157319657            0.000201637504823  
          6.528568797236995            1.999472641823334            0.000521827968126  
          6.649513013562244            1.999841596391764            0.000153585413821  
          6.770457229887494            1.999994399316833            0.000001451422413  
          6.891401446212745            1.999885837998949            0.000110732933765  
          7.012345662537995            1.999493890995689            0.000503507842538  
          7.133289878863245            1.999753662387079            0.000244634482017  
          7.254234095188495            1.999991225372812            0.000007870507097  
          7.375178311513745            1.999938136065696            0.000061770667793  
          7.496122527838994            1.999572593909453            0.000428164848102  
          7.617066744164244            1.999655706038335            0.000345982696949  
          7.738010960489495            1.999972616822183            0.000029874965669  
          7.858955176814745            1.999961180431298            0.000042067747559  
          7.979899393139995            1.999677369920143            0.000326622712625  
          8.100843609465246            1.999579293914560            0.000425499609689  
          8.221787825790495            1.999919500093093            0.000085976816012  
          8.342732042115745            1.999977070967315            0.000028972450518  
          8.463676258440994            1.999775224982586            0.000231339669081  
          8.584620474766245            1.999551662510576            0.000455436713423  
          8.705564691091494            1.999821514385890            0.000186044095727  
          8.826508907416745            1.999996620076258            0.000011218986492  
          8.947453123741996            1.999850690432525            0.000157363112623  
          9.068397340067245            1.999581643564358            0.000426592076690  
          9.189341556392495            1.999690912451516            0.000317483991422  
          9.310285772717744            2.000004923033186            0.000003431347825  
          9.431229989042995            1.999909163112090            0.000099059087169  
          9.552174205368244            1.999658303971629            0.000349728604986  
          9.673118421693495            1.999565770303915            0.000442089540191  
          9.794062638018746            1.999968678873569            0.000038840612737  
          9.915006854343995            1.999960320648322            0.000046733706088  
         10.035951070669245            1.999759151382968            0.000247386290746  
         10.156895286994494            1.999496541793031            0.000509505260636  
         10.277839503319745            1.999866139268455            0.000139336733592  
         10.398783719644994            1.999996939204454            0.000007812572373  
         10.519727935970245            1.999859533951125            0.000144464002915  
         10.640672152295496            1.999518133537147            0.000485130493800  
         10.761616368620745            1.999717345561000            0.000285203907129  
         10.882560584945995            1.999992613462322            0.000009079616500  
         11.003504801271244            1.999938764011113            0.000062053381172  
         11.124449017596495            1.999624197252225            0.000375768467916  
         11.245393233921744            1.999583265923612            0.000415936243950  
         11.366337450246995            1.999924742087059            0.000073624110759  
         11.487281666572246            1.999984303005394            0.000013195358709  
         11.608225882897495            1.999767060359013            0.000229617009636  
         11.729170099222745            1.999526818250528            0.000469149569725  
         11.850114315547994            1.999800658149431            0.000194634261243  
         11.971058531873245            1.999993637990292            0.000000930968285  
         12.092002748198494            1.999889208120307            0.000104706951031  
         12.212946964523745            1.999568453597340            0.000424916218004  
         12.333891180848996            1.999660102342279            0.000332851969930  
         12.454835397174245            1.999970393736560            0.000022107491129  
         12.575779613499495            1.999960409753759            0.000031705337179  
         12.696723829824744            1.999676536494509            0.000315297771271  
         12.817668046149995            1.999552983255594            0.000438746490751  
         12.938612262475244            1.999917952119000            0.000073681762774  
         13.059556478800495            1.999987114239762            0.000004457819169  
         13.180500695125746            1.999796407419624            0.000195209391403  
         13.301444911450995            1.999513086040894            0.000478745522013  
         13.422389127776245            1.999839789751659            0.000152325495996  
         13.543333344101494            1.999990950886330            0.000001437490194  
         13.664277560426745            1.999887132401078            0.000105626410006  
         13.785221776751994            1.999544697908530            0.000448564331096  
         13.906165993077245            1.999746923341596            0.000246952887858  
         14.027110209402496            1.999983176676146            0.000011269730804  
         14.148054425727745            1.999937832773309            0.000057246196137  
         14.268998642052996            1.999625180309238            0.000370620154275  
         14.389942858378244            1.999661425063221            0.000335211757148  
         14.510887074703495            1.999958374106760            0.000039043794803  
         14.631831291028744            1.999960736276359            0.000037464175497  
         14.752775507353995            1.999718974587500            0.000280056929617  
         14.873719723679246            1.999608232045030            0.000391714963846  
         14.994663940004495            1.999906422475674            0.000094392045469  
         15.115608156329746            1.999974097061138            0.000027513376178  
         15.236552372654995            1.999796313901605            0.000206103790332  
         15.357496588980245            1.999600804107999            0.000402455934951  
         15.478440805305494            1.999826795102861            0.000177276302027  
         15.599385021630745            1.999986900352753            0.000017846341387  
         15.720329237955996            1.999847647182853            0.000157747037084  
         15.841273454281245            1.999633558005930            0.000372470214784  
         15.962217670606496            1.999733451638704            0.000273195403154  
         16.083161886931745            1.999991333399914            0.000015761889311  
         16.204106103256994            1.999884367785417            0.000123101996612  
         16.325050319582246            1.999688194518894            0.000319604909490  
         16.445994535907495            1.999650113252831            0.000358005693527  
         16.566938752232744            1.999966911332528            0.000041366027534  
         16.687882968557997            1.999923366754994            0.000084944479800  
         16.808827184883246            1.999748370461234            0.000259921316827  
         16.929771401208495            1.999601262688609            0.000406992765404  
         17.050715617533744            1.999896687358981            0.000111420352022  
         17.171659833858996            1.999965657619574            0.000042138406645  
         17.292604050184245            1.999809365976189            0.000198068888050  
         17.413548266509494            1.999603104086286            0.000403945925897  
         17.534492482834747            1.999786876186499            0.000219743870408  
         17.655436699159996            1.999987664767084            0.000018358792869  
         17.776380915485245            1.999873569610907            0.000131805869127  
         17.897325131810494            1.999656721181842            0.000347991052653  
         18.018269348135746            1.999673731145592            0.000330327525879  
         18.139213564460995            1.999957246929736            0.000046040512287  
         18.260157780786244            1.999936763861394            0.000065686333971  
         18.381101997111497            1.999745743882005            0.000255879747646  
         18.502046213436746            1.999606464747602            0.000394373903410  
         18.622990429761995            1.999864587210185            0.000135435366536  
         18.743934646087244            1.999981403471210            0.000017726252687  
         18.864878862412496            1.999841997149145            0.000156276702062  
         18.985823078737745            1.999614701527646            0.000382777334287  
         19.106767295062994            1.999739160107139            0.000257580811038  
         19.227711511388247            1.999986233941679            0.000009709578221  
         19.348655727713496            1.999919226741145            0.000075963137914  
         19.469599944038745            1.999687673108201            0.000306845070903  
         19.590544160363994            1.999633689141032            0.000360272314092  
         19.711488376689246            1.999942645730949            0.000050751984571  
         19.832432593014495            1.999965473150601            0.000027389175804  
         19.953376809339744            1.999785038133959            0.000207392734892  
         20.074321025664997            1.999589145196929            0.000402989912665  
         20.195265241990246            1.999861954113284            0.000129945531029  
         20.316209458315495            1.999982680670199            0.000008990776185  
         20.437153674640744            1.999867908992513            0.000123645610858  
         20.558097890965996            1.999612065207404            0.000379505094447  
         20.679042107291245            1.999769880429613            0.000221816532208  
         20.799986323616494            1.999976023751739            0.000015798324937  
         20.920930539941747            1.999920502208602            0.000071536017338  
         21.041874756266996            1.999678509139227            0.000313864883668  
         21.162818972592245            1.999694926181022            0.000297909514488  
         21.283763188917494            1.999946984162776            0.000046318227628  
         21.404707405242746            1.999948186744517            0.000045627163665  
         21.525651621567995            1.999754168036898            0.000240257367623  
         21.646595837893244            1.999656868603865            0.000338275393865  
         21.767540054218497            1.999896929690311            0.000098949132165  
         21.888484270543746            1.999962464945547            0.000034135636541  
         22.009428486868995            1.999813690712709            0.000183700562997  
         22.130372703194244            1.999659202448500            0.000339048695015  
         22.251316919519496            1.999833800753706            0.000165329976628  
         22.372261135844745            1.999969293238408            0.000030650797722  
         22.493205352169994            1.999850151572789            0.000150629181202  
         22.614149568495247            1.999689266793223            0.000312378248079  
         22.735093784820496            1.999772130016774            0.000230389515948  
         22.856038001145745            1.999966479811084            0.000036811742778  
         22.976982217470994            1.999873055433928            0.000130974589323  
         23.097926433796246            1.999727404879356            0.000277356280657  
         23.218870650121495            1.999725939971484            0.000279542382393  
         23.339814866446744            1.999947025969709            0.000059062534725  
         23.460759082771997            1.999897029596812            0.000109572281183  
         23.581703299097246            1.999760293370449            0.000246789964609  
         23.702647515422495            1.999701986158924            0.000305545627695  
         23.823591731747744            1.999905060348952            0.000102815046398  
         23.944535948072996            1.999927485813000            0.000080593473105  
         24.065480164398245            1.999788973803429            0.000219259552357  
         24.186424380723494            1.999699393764515            0.000308945715829  
         24.307368597048747            1.999842362012338            0.000166002946015  
         24.428312813373996            1.999952907343635            0.000055325273715  
         24.549257029699245            1.999824581890766            0.000183450512468  
         24.670201246024494            1.999714815543887            0.000292970852355  
         24.791145462349750            1.999772147661451            0.000235339331765  
         24.912089678674999            1.999950888558912            0.000056161388089  
         25.033033895000248            1.999873818712745            0.000132707168297  
         25.153978111325497            1.999747057197308            0.000258917085114  
         25.274922327650749            1.999716395843922            0.000288999137465  
         25.395866543975998            1.999905947641080            0.000098782394622  
         25.516810760301247            1.999926119404913            0.000077849065387  
         25.637754976626500            1.999795618702328            0.000207582762754  
         25.758699192951749            1.999695893183054            0.000306541541004  
         25.879643409276998            1.999826366990852            0.000175279031029  
         26.000587625602247            1.999956228483223            0.000044547285839  
         26.121531841927499            1.999854580088037            0.000145332469635  
         26.242476058252748            1.999717760344298            0.000281323386793  
         26.363420274577997            1.999744121609329            0.000254166701702  
         26.484364490903250            1.999943045862873            0.000054409649928  
         26.605308707228499            1.999910139958767            0.000086490708890  
         26.726252923553748            1.999770232918428            0.000225642152408  
         26.847197139878997            1.999694626176669            0.000300566031058  
         26.968141356204249            1.999887881317272            0.000106650441512  
         27.089085572529498            1.999946448541338            0.000047430647791  
         27.210029788854747            1.999830885120202            0.000162433231262  
         27.330974005180000            1.999693198629497            0.000299658078369  
         27.451918221505249            1.999814596635718            0.000177873751644  
         27.572862437830498            1.999954038929398            0.000038062909081  
         27.693806654155747            1.999881334525929            0.000110490893706  
         27.814750870480999            1.999728871509895            0.000262793557845  
         27.935695086806248            1.999753083629303            0.000238526447681  
         28.056639303131497            1.999933402441455            0.000058189676482  
         28.177583519456750            1.999914787799315            0.000076858348484  
         28.298527735781999            1.999777521782031            0.000214298563396  
         28.419471952107248            1.999722003441890            0.000270101308216  
         28.540416168432497            1.999893395494202            0.000099047773871  
         28.661360384757749            1.999932556841747            0.000060265899056  
         28.782304601082998            1.999819171339118            0.000174136312386  
         28.903248817408247            1.999722377024282            0.000271511972328  
         29.024193033733500            1.999847551285111            0.000146976129930  
         29.145137250058749            1.999937562888999            0.000057611284273  
         29.266081466383998            1.999846511557599            0.000149379572004  
         29.387025682709247            1.999742105861622            0.000254573707505  
         29.507969899034499            1.999809214492593            0.000188295645601  
         29.628914115359748            1.999931921458576            0.000066398005829  
         29.749858331684997            1.999863392230119            0.000135756364895  
         29.870802548010250            1.999765811917001            0.000234205963967  
         29.991746764335499            1.999786126163659            0.000214775222308  
         30.112690980660748            1.999917666359712            0.000084072415861  
         30.233635196985997            1.999878037605351            0.000124502978460  
         30.354579413311249            1.999784129590545            0.000219218488065  
         30.475523629636498            1.999777498229881            0.000226640017898  
         30.596467845961747            1.999896962611254            0.000107900757392  
         30.717412062287000            1.999895509013497            0.000109995195894  
         30.838356278612249            1.999797811918687            0.000208303948533  
         30.959300494937498            1.999776489339372            0.000230195252394  
         31.080244711262747            1.999871491975793            0.000135684491513  
         31.201188927587999            1.999913192773376            0.000094359630126  
         31.322133143913248            1.999814651606121            0.000193215041812  
         31.443077360238497            1.999776864269243            0.000231260597936  
         31.564021576563750            1.999842715035999            0.000165587722232  
         31.684965792888999            1.999921933702411            0.000086422544791  
         31.805910009214248            1.999841317315385            0.000167004743734  
         31.926854225539497            1.999778787715666            0.000229444414638  
         32.047798441864749            1.999813332945450            0.000194735825599  
         32.168742658189998            1.999912180600693            0.000095614659303  
         32.289686874515247            1.999875520652973            0.000131900686771  
         32.410631090840496            1.999788823209857            0.000218177256420  
         32.531575307165745            1.999788742934946            0.000217782547645  
         32.652519523491002            1.999881429446558            0.000124541350764  
         32.773463739816250            1.999904499866445            0.000100823050858  
         32.894407956141499            1.999813192510452            0.000191446663570  
         33.015352172466748            1.999776525134689            0.000227406869736  
         33.136296388791997            1.999838226418937            0.000164957261109  
         33.257240605117246            1.999912542902224            0.000089827778445  
         33.378184821442495            1.999849419629741            0.000152113736763  
         33.499129037767752            1.999782520608246            0.000218187681399  
         33.620073254093001            1.999798980170789            0.000200902960204  
         33.741017470418250            1.999893066113824            0.000105970222987  
         33.861961686743498            1.999884792421599            0.000113388072310  
         33.982905903068747            1.999805739421709            0.000191628792899  
         34.103850119393996            1.999778289151148            0.000218307038157  
         34.224794335719245            1.999854828859486            0.000141019600925  
         34.345738552044502            1.999904555366927            0.000090558410532  
         34.466682768369751            1.999837520287925            0.000156922682543  
         34.587626984695000            1.999780061073099            0.000213786749650  
         34.708571201020249            1.999815909167439            0.000177406430338  
         34.829515417345497            1.999902350737243            0.000090472115208  
         34.950459633670746            1.999866629762176            0.000125772635342  
         35.071403849995995            1.999797130356137            0.000194951342736  
         35.192348066321252            1.999791164430058            0.000200685361322  
         35.313292282646501            1.999883298044681            0.000108382144170  
         35.434236498971750            1.999885402564959            0.000106179532681  
         35.555180715296999            1.999818519504970            0.000173071182810  
         35.676124931622248            1.999784540466711            0.000207158806278  
         35.797069147947497            1.999858700613474            0.000133180458944  
         35.918013364272745            1.999892095506676            0.000100030862490  
         36.038957580598002            1.999836663252428            0.000155802988473  
         36.159901796923251            1.999790724491669            0.000202177506217  
         36.280846013248500            1.999838615900998            0.000154790154555  
         36.401790229573749            1.999889673173125            0.000104284900611  
         36.522734445898998            1.999849645439691            0.000144931027314  
         36.643678662224247            1.999801783385439            0.000193488275455  
         36.764622878549496            1.999827551687049            0.000168464190226  
         36.885567094874752            1.999883278217876            0.000113506374119  
         37.006511311200001            1.999859428187538            0.000138152977693  
         37.127455527525250            1.999812708908439            0.000185714023340  
         37.248399743850499            1.999824330088192            0.000174954830999  
         37.369343960175748            1.999877411160992            0.000122730717932  
         37.490288176500997            1.999868771258186            0.000132213512633  
         37.611232392826246            1.999822993274716            0.000178840561527  
         37.732176609151502            1.999824784967039            0.000177886066422  
         37.853120825476751            1.999873646935224            0.000129825392860  
         37.974065041802000            1.999878583085666            0.000125637953080  
         38.095009258127249            1.999834665654464            0.000170270784772  
         38.215953474452498            1.999825314548781            0.000180296222498  
         38.336897690777747            1.999870365335977            0.000135857682268  
         38.457841907102996            1.999886987056795            0.000119766444146  
         38.578786123428252            1.999849100465355            0.000158117342694  
         38.699730339753501            1.999825250377809            0.000182369122627  
         38.820674556078750            1.999864822194892            0.000143120865617  
         38.941618772403999            1.999890518901139            0.000117650219011  
         39.062562988729248            1.999864959816488            0.000143348715683  
         39.183507205054497            1.999826727684492            0.000181646423086  
         39.304451421379746            1.999855890585140            0.000152468328406  
         39.425395637705002            1.999886355098979            0.000121890588881  
         39.546339854030251            1.999878233688896            0.000129807585202  
         39.667284070355500            1.999832306107367            0.000175456925273  
         39.788228286680749            1.999845488041001            0.000161926913961  
         39.909172503005998            1.999874241231557            0.000132741858730  
         40.030116719331247            1.999884118653648            0.000122353152785  
         40.151060935656496            1.999842083962831            0.000163813796835  
         40.272005151981752            1.999837685468953            0.000167590039462  
         40.392949368307001            1.999857401674440            0.000147194292981  
         40.513893584632250            1.999879931110678            0.000123931255828  
         40.634837800957499            1.999852639233546            0.000150447873250  
         40.755782017282748            1.999835791882718            0.000166499756405  
         40.876726233607997            1.999841605434439            0.000159867807581  
         40.997670449933246            1.999867412099622            0.000133222781904  
         41.118614666258502            1.999859109004909            0.000140674576980  
         41.239558882583751            1.999839541175829            0.000159401168444  
         41.360503098909000            1.999832082871150            0.000166031851312  
         41.481447315234249            1.999852239587270            0.000145064602767  
         41.602391531559498            1.999858905521064            0.000137607318735  
         41.723335747884747            1.999845194157308            0.000150566587367  
         41.844279964209996            1.999830321587643            0.000164733611329  
         41.965224180535252            1.999840512813396            0.000153888029051  
         42.086168396860501            1.999853534529585            0.000140261220332  
         42.207112613185750            1.999848710754181            0.000144544031558  
         42.328056829510999            1.999833748268289            0.000159036708945  
         42.449001045836248            1.999835233674305            0.000157158337439  
         42.569945262161497            1.999846894079937            0.000145176784239  
         42.690889478486746            1.999848778847353            0.000143051940101  
         42.811833694812002            1.999838432512924            0.000153242503700  
         42.932777911137251            1.999835825711641            0.000155783260860  
         43.053722127462500            1.999842263974991            0.000149361368149  
         43.174666343787749            1.999847025355072            0.000144703025672  
         43.295610560112998            1.999841938923944            0.000149976855870  
         43.416554776438247            1.999840256866171            0.000151933884039  
         43.537498992763496            1.999840963136386            0.000151581096475  
         43.658443209088752            1.999846082105931            0.000146894539048  
         43.779387425414001            1.999844117557770            0.000149362683605  
         43.900331641739250            1.999847116967901            0.000146937591695  
         44.021275858064499            1.999843081298577            0.000151607697559  
         44.142220074389748            1.999847737774441            0.000147643948966  
         44.263164290714997            1.999845997545832            0.000150123450968  
         44.384108507040246            1.999855961827034            0.000140940571683  
         44.505052723365502            1.999848582942916            0.000149130755712  
         44.625996939690751            1.999852342164426            0.000146210562061  
         44.746941156016000            1.999848120471697            0.000151285538782  
         44.867885372341249            1.999866187691235            0.000134078412128  
         44.988829588666498            1.999857369557449            0.000143749702366  
         45.109773804991747            1.999859289698354            0.000142674952840  
         45.230718021316996            1.999849700730863            0.000153089190758  
         45.351662237642252            1.999875906894731            0.000127679466246  
         45.472606453967501            1.999868495274062            0.000135843789598  
         45.593550670292750            1.999867914629016            0.000137134994737  
         45.714494886617999            1.999849373674051            0.000156336053473  
         45.835439102943248            1.999882128339984            0.000124183249964  
         45.956383319268497            1.999879663720832            0.000127175903076  
         46.077327535593746            1.999878003742681            0.000129294206215  
         46.198271751919002            1.999846904979251            0.000160779533150  
         46.319215968244251            1.999882100884317            0.000125894126220  
         46.440160184569500            1.999887521519489            0.000120692089267  
         46.561104400894749            1.999889315546279            0.000119030524280  
         46.682048617219998            1.999844295923079            0.000164101250670  
         46.802992833545247            1.999874764010673            0.000133605001518  
         46.923937049870496            1.999888417475710            0.000119828520243  
         47.044881266195752            1.999900301793030            0.000107732360167  
         47.165825482521001            1.999845183213804            0.000162560074340  
         47.286769698846250            1.999861830185462            0.000145554380727  
         47.407713915171499            1.999879550968461            0.000127392892442  
         47.528658131496748            1.999907214541445            0.000099211256839  
         47.649602347821997            1.999852446907029            0.000153394631710  
         47.770546564147246            1.999848207250583            0.000157004872902  
         47.891490780472502            1.999860791541637            0.000143736185807  
         48.012434996797751            1.999905129828467            0.000098660013635  
         48.133379213123000            1.999865197804169            0.000137809241287  
         48.254323429448249            1.999840566489242            0.000161641165348  
         48.375267645773498            1.999836338660666            0.000165051656740  
         48.496211862098747            1.999891242085174            0.000109310221004  
         48.617156078423996            1.999877820332996            0.000121876347925  
         48.738100294749252            1.999843525968437            0.000155327504310  
         48.859044511074501            1.999813965863336            0.000184067038350  
         48.979988727399750            1.999868021995760            0.000129207099334  
         49.100932943724999            1.999883149733757            0.000113287803270  
         49.221877160050248            1.999856081016553            0.000139603100206  
         49.342821376375497            1.999801108593610            0.000193880939401  
         49.463765592700746            1.999842594977900            0.000151753985436  
         49.584709809026002            1.999877763532198            0.000115985049141  
         49.705654025351251            1.999872165620654            0.000121040895046  
         49.826598241676500            1.999800889325623            0.000191858614972  
         49.947542458001749            1.999822197356343            0.000170177529648  
         50.068486674326998            1.999864291587255            0.000127772008881  
         50.189430890652247            1.999885315973651            0.000106507077675  
         50.310375106977496            1.999811717217424            0.000179957799443  
         50.431319323302752            1.999810161436657            0.000181470699972  
         50.552263539628001            1.999848513622306            0.000143149511067  
         50.673207755953250            1.999893013438406            0.000098753323565  
         50.794151972278499            1.999830029063888            0.000161926821469  
         50.915096188603748            1.999806084539002            0.000186168264111  
         51.036040404928997            1.999834455515953            0.000158169328241  
         51.156984621254246            1.999897057102241            0.000096001692704  
         51.277928837579502            1.999852823005857            0.000140734272862  
         51.398873053904751            1.999808917913198            0.000185229456604  
         51.519817270230000            1.999822035088372            0.000172767884473  
         51.640761486555249            1.999900374989735            0.000095122842716  
         51.761705702880498            1.999877967000657            0.000118258571752  
         51.882649919205747            1.999819157325014            0.000177855158520  
         52.003594135530996            1.999808716174107            0.000189129433465  
         52.124538351856252            1.999903345883842            0.000095341623035  
         52.245482568181501            1.999902995401029            0.000096528527253  
         52.366426784506750            1.999838131628015            0.000162245362523  
         52.487371000831999            1.999793284414214            0.000207965622390  
         52.608315217157248            1.999902592688638            0.000099507532213  
         52.729259433482497            1.999924363006826            0.000078541910856  
         52.850203649807746            1.999865622083241            0.000138059614774  
         52.971147866133002            1.999778674044719            0.000225775100724  
         53.092092082458251            1.999892997924588            0.000112170626730  
         53.213036298783500            1.999938071290715            0.000067735465995  
         53.333980515108749            1.999898451074976            0.000107927380743  
         53.454924731433998            1.999771781181625            0.000235131208000  
         53.575868947759247            1.999871271714601            0.000136113896414  
         53.696813164084496            1.999940381669611            0.000067370905767  
         53.817757380409752            1.999931168347469            0.000076858130265  
         53.938701596735001            1.999780369298184            0.000227869511027  
         54.059645813060250            1.999839201725103            0.000169190245438  
         54.180590029385499            1.999927405173268            0.000081025834431  
         54.301534245710748            1.999957490901640            0.000050874173601  
         54.422478462035997            1.999808653842387            0.000199568698516  
         54.543422678361246            1.999805629436846            0.000202403376105  
         54.664366894686502            1.999895403104736            0.000112340310871  
         54.785311111011751            1.999970878250990            0.000036473238307  
         54.906255327337000            1.999853274956116            0.000153605654798  
         55.027199543662249            1.999785254908564            0.000221123241542  
         55.148143759987498            1.999844640931658            0.000161171762478  
         55.269087976312747            1.999965029087236            0.000040131669293  
         55.390032192637996            1.999901797766111            0.000102643440976  
         55.510976408963252            1.999791765325966            0.000211939620854  
         55.631920625288501            1.999784943807359            0.000218012244616  
         55.752864841613750            1.999936567031232            0.000065584243512  
         55.873809057938999            1.999936651821519            0.000064648411494  
         55.994753274264248            1.999827441583878            0.000173005993246  
         56.115697490589497            1.999735708601113            0.000263922884023  
         56.236641706914746            1.999889139571133            0.000109665550837  
         56.357585923240002            1.999944620588705            0.000053337242462  
         56.478530139565251            1.999878363790021            0.000118763408354  
         56.599474355890500            1.999716331786385            0.000280036173319  
         56.720418572215749            1.999834061910727            0.000161591794580  
         56.841362788540998            1.999925127776576            0.000069816613147  
         56.962307004866247            1.999922494004027            0.000071777999340  
         57.083251221191496            1.999733953021799            0.000259734133305  
         57.204195437516752            1.999785247322354            0.000207951623535  
         57.325139653842001            1.999888838937779            0.000103903766134  
         57.446083870167250            1.999944985387343            0.000047353493545  
         57.567028086492499            1.999779833489290            0.000212190622049  
         57.687972302817748            1.999753178207699            0.000238660275198  
         57.808916519142997            1.999847637228000            0.000144076255834  
         57.929860735468246            1.999946495419972            0.000045149023106  
         58.050804951793502            1.999836705647607            0.000154950936810  
         58.171749168118751            1.999743097680939            0.000248704682739  
         58.292693384444000            1.999806630180825            0.000185404276884  
         58.413637600769249            1.999937852231550            0.000054460311526  
         58.534581817094498            1.999889179432117            0.000103475872526  
         58.655526033419747            1.999756260773473            0.000236849307779  
         58.776470249744996            1.999765484774775            0.000228180202420  
         58.897414466070252            1.999928037155700            0.000066209892666  
         59.018358682395501            1.999929252560706            0.000065613650994  
         59.139302898720750            1.999790291326728            0.000205267343689  
         59.260247115045999            1.999725569249346            0.000270776658223  
         59.381191331371248            1.999916706727400            0.000080432832333  
         59.502135547696497            1.999955543455541            0.000042387511010  
         59.623079764021746            1.999838199083991            0.000160550724337  
         59.744023980347002            1.999694447156824            0.000305190836982  
         59.864968196672251            1.999896205607886            0.000104309858477  
         59.985912412997500            1.999969562531370            0.000031781584297  
         60.106856629322749            1.999889165164304            0.000112989600724  
         60.227800845647998            1.999683345146071            0.000319649589790  
         60.348745061973247            1.999859646241255            0.000144167597488  
         60.469689278298496            1.999972037217799            0.000032502420706  
         60.590633494623752            1.999932998191779            0.000072208892266  
         60.711577710949001            1.999700275052849            0.000305583608471  
         60.832521927274250            1.999808236539812            0.000198249686052  
         60.953466143599499            1.999959966291646            0.000047024387231  
         61.074410359924748            1.999965210360112            0.000042192804984  
         61.195354576249997            1.999744928072569            0.000262832243871  
         61.316298792575246            1.999753743566680            0.000254349682187  
         61.437243008900502            1.999925692654240            0.000082607523095  
         61.558187225225751            1.999986873364171            0.000021515309524  
         61.679131441551000            1.999808829972784            0.000199567339945  
         61.800075657876249            1.999715757005711            0.000292621969513  
         61.921019874201498            1.999861673747151            0.000146590048245  
         62.041964090526747            1.999997736734843            0.000010277990115  
         62.162908306851996            1.999878878601140            0.000128800174877  
         62.283852523177252            1.999714127498029            0.000293182771908  
         62.404796739502501            1.999771601321405            0.000235295875871  
         62.525740955827750            1.999989551899854            0.000016804076324  
         62.646685172152999            1.999940329423322            0.000065402744896  
         62.767629388478248            1.999757628118263            0.000247446705199  
         62.888573604803497            1.999679299709927            0.000325127739224  
         63.009517821128746            1.999949477856781            0.000054211735255  
         63.130462037454002            1.999978648448223            0.000024227985365  
         63.251406253779251            1.999834558886022            0.000167482562294  
         63.372350470104500            1.999622414849696            0.000378839250735  
         63.493294686429749            1.999874074344380            0.000126369914743  
         63.614238902754998            1.999983016804098            0.000016552848183  
         63.735183119080247            1.999915212662179            0.000083483054363  
         63.856127335405496            1.999629347144010            0.000368539233257  
         63.977071551730752            1.999780327546352            0.000216805093713  
         64.098015768056001            1.999951130425088            0.000045208171467  
         64.218959984381243            1.999969439311736            0.000026126399577  
         64.339904200706499            1.999697700864322            0.000297163168998  
         64.460848417031755            1.999700139701333            0.000294138132305  
         64.581792633356997            1.999889995866875            0.000103702675864  
         64.702736849682253            1.999986108831436            0.000007038326503  
         64.823681066007495            1.999795594470951            0.000197078498875  
         64.944625282332751            1.999661991821702            0.000330346976776  
         65.065569498657993            1.999811280214533            0.000180794070068  
         65.186513714983249            1.999975729043362            0.000016102643575  
         65.307457931308505            1.999884890881982            0.000106778115933  
         65.428402147633747            1.999675953527808            0.000315685247580  
         65.549346363959003            1.999727476182351            0.000264257480367  
         65.670290580284245            1.999954661718058            0.000037181613361  
         65.791234796609501            1.999944212388558            0.000047808669273  
         65.912179012934743            1.999731661977769            0.000260644505814  
         66.033123229259999            1.999652774974951            0.000339967435271  
         66.154067445585255            1.999928657579972            0.000064536819905  
         66.275011661910497            1.999973946708665            0.000019734457015  
         66.395955878235753            1.999806341460405            0.000187903719424  
         66.516900094560995            1.999603799738031            0.000391147497031  
         66.637844310886251            1.999891273044540            0.000104401280941  
         66.758788527211493            1.999985132359798            0.000011254121397  
         66.879732743536749            1.999875966853448            0.000121175096559  
         67.000676959862005            1.999594545559310            0.000403448102011  
         67.121621176187247            1.999835484096170            0.000163394904087  
         67.242565392512503            1.999985612502317            0.000014084507430  
         67.363509608837745            1.999925216495789            0.000075301520494  
         67.484453825163001            1.999627864022436            0.000373516511343  
         67.605398041488243            1.999765362305293            0.000236914632911  
         67.726342257813499            1.999973318247678            0.000029748759711  
         67.847286474138755            1.999953164474763            0.000050647085962  
         67.968230690463997            1.999691883157386            0.000312662847063  
         68.089174906789253            1.999697660604802            0.000307641302478  
         68.210119123114495            1.999937901968237            0.000068037466551  
         68.331063339439751            1.999970669791767            0.000035807497445  
         68.452007555764993            1.999766640533204            0.000240326794047  
         68.572951772090249            1.999653790288533            0.000353663735167  
         68.693895988415505            1.999868447060317            0.000139395697557  
         68.814840204740747            1.999987983486161            0.000020098570904  
         68.935784421066003            1.999836532528913            0.000171718514133  
         69.056728637391245            1.999649597444928            0.000358789842493  
         69.177672853716501            1.999765138510135            0.000243330958584  
         69.298617070041743            1.999999915723740            0.000008460281108  
         69.419561286366999            1.999897319004857            0.000110877048683  
         69.540505502692255            1.999689016783284            0.000318947568030  
         69.661449719017497            1.999649455570244            0.000358268811430  
         69.782393935342753            1.999983009431496            0.000024317036926  
         69.903338151667995            1.999950152744223            0.000056669667549  
         70.024282367993251            1.999762758302139            0.000243511635385  
         70.145226584318493            1.999562658227601            0.000443079166039  
         70.266170800643749            1.999913380229906            0.000091732116746  
         70.387115016969005            1.999988236679976            0.000016126044242  
         70.508059233294247            1.999850800438610            0.000152785354972  
         70.629003449619503            1.999546025375940            0.000456813140647  
         70.749947665944745            1.999794449656740            0.000207638720402  
         70.870891882270001            1.999992086954322            0.000009131939192  
         70.991836098595243            1.999928797491088            0.000071543083822  
         71.112780314920499            1.999612162975247            0.000387336487111  
         71.233724531245755            1.999667619072499            0.000331112210019  
         71.354668747570997            1.999942382121227            0.000055511429180  
         71.475612963896253            1.999978259207637            0.000018787067479  
         71.596557180221495            1.999731880578950            0.000264373704488  
         71.717501396546751            1.999589474306927            0.000406098839813  
         71.838445612871993            1.999839152623809            0.000155758413175  
         71.959389829197249            1.999994263105018           -0.000000037408039  
         72.080334045522505            1.999853096722203            0.000140519658180  
         72.201278261847747            1.999592837951515            0.000400285434058  
         72.322222478173003            1.999708127748341            0.000284613913150  
         72.443166694498245            1.999982176995050            0.000010157028500  
         72.564110910823501            1.999936860955657            0.000055143669405  
