#             time (fs)      |   total net charge (e)  |   charge (atom_1) (e)   |   charge (atom_2) (e)   |        ...        |   charge (atom_N) (e)   |
          0.000000000000000       -0.000000000000000       -0.000000000000000        0.000000000000000
          0.120944216325250       -0.000000000042734       -0.035521174680286        0.035521174637553
          0.241888432650500        0.000000000096968        0.007074484260412       -0.007074484163444
          0.362832648975750        0.000000000431701        0.033757344531396       -0.033757344099695
          0.483776865301000        0.000000000363393       -0.013410813181724        0.013410813545116
          0.604721081626250        0.000000000253351       -0.033193089363161        0.033193089616513
          0.725665297951500        0.000000000409805        0.024426312315442       -0.024426311905636
          0.846609514276750        0.000000001187915        0.023279304342452       -0.023279303154537
          0.967553730602000        0.000000001210027       -0.024446687500769        0.024446688710797
          1.088497946927250        0.000000001048487       -0.023921233183761        0.023921234232248
          1.209442163252500        0.000000001072468        0.036788021938841       -0.036788020866373
          1.330386379577750        0.000000002046921        0.008154887494117       -0.008154885447196
          1.451330595903000        0.000000002414261       -0.030755731100745        0.030755733515006
          1.572274812228250        0.000000002187336       -0.009603974832266        0.009603977019602
          1.693219028553500        0.000000002112805        0.041749406055273       -0.041749403942469
          1.814163244878750        0.000000002889710       -0.008785968544663        0.008785971434373
          1.935107461204000        0.000000003690478       -0.030838415903984        0.030838419594462
          2.056051677529250        0.000000003478217        0.006793639341254       -0.006793635863038
          2.176995893854500        0.000000003370700        0.038301307150926       -0.038301303780226
          2.297940110179750        0.000000003742470       -0.024223844476364        0.024223848218835
          2.418884326505000        0.000000004708496       -0.024471489736993        0.024471494445488
          2.539828542830250        0.000000004683786        0.021841376564416       -0.021841371880630
          2.660772759155500        0.000000004564578        0.027075715769906       -0.027075711205329
          2.781716975480750        0.000000004624571       -0.034963282022562        0.034963286647133
          2.902661191806000        0.000000005317938       -0.012869342302715        0.012869347620652
          3.023605408131250        0.000000005505615        0.032367595268110       -0.032367589762494
          3.144549624456500        0.000000005413881        0.010309872470417       -0.010309867056537
          3.265493840781750        0.000000005383770       -0.038656291999775        0.038656297383545
          3.386438057107000        0.000000005606352        0.001534298846549       -0.001534293240197
          3.507382273432250        0.000000005727289        0.036152506280165       -0.036152500552876
          3.628326489757500        0.000000005709629       -0.008538148249149        0.008538153958777
          3.749270706082750        0.000000005723673       -0.034423916293614        0.034423922017287
          3.870214922408000        0.000000005673074        0.015640449247120       -0.015640443574046
          3.991159138733250        0.000000005387639        0.032439408212944       -0.032439402825306
          4.112103355058500        0.000000005357454       -0.025520804275065        0.025520809632519
          4.233047571383750        0.000000005420003       -0.023128657748125        0.023128663168128
          4.353991787709000        0.000000005411694        0.026410125686521       -0.026410120274827
          4.474936004034250        0.000000004717493        0.022119979499401       -0.022119974781908
          4.595880220359500        0.000000004421479       -0.037114942111931        0.037114946533410
          4.716824436684750        0.000000004490505       -0.007179874640918        0.007179879131423
          4.837768653010000        0.000000004623239        0.031568021972038       -0.031568017348799
          4.958712869335250        0.000000003887179        0.007506598623395       -0.007506594736216
          5.079657085660500        0.000000003125376       -0.041025955937781        0.041025959063157
          5.200601301985750        0.000000003145905        0.010046051162285       -0.010046048016380
          5.321545518311000        0.000000003310834        0.030118454528629       -0.030118451217796
          5.442489734636251        0.000000002889090       -0.008263135859290        0.008263138748380
          5.563433950961501        0.000000001771618       -0.036626827471096        0.036626829242713
          5.684378167286750        0.000000001647072        0.024966221260158       -0.024966219613086
          5.805322383612000        0.000000001758937        0.022546968578263       -0.022546966819326
          5.926266599937250        0.000000001685980       -0.021992594672994        0.021992596358974
          6.047210816262500        0.000000000605867       -0.024960700791581        0.024960701397449
          6.168155032587750        0.000000000262242        0.034534987171265       -0.034534986909023
          6.289099248913001        0.000000000339111        0.010649993520167       -0.010649993181056
          6.410043465238251        0.000000000411650       -0.031104975999847        0.031104976411497
          6.530987681563500       -0.000000000273174       -0.008414169656329        0.008414169383155
          6.651931897888750       -0.000000000728286        0.036838985240459       -0.036838985968745
          6.772876114214000       -0.000000000672993       -0.002948247694278        0.002948247021285
          6.893820330539250       -0.000000000621163       -0.034063556795477        0.034063556174314
          7.014764546864500       -0.000000000860720        0.009784071171987       -0.009784072032707
          7.135708763189751       -0.000000001125595        0.031450714862501       -0.031450715988095
          7.256652979515001       -0.000000001109512       -0.015414833512138        0.015414832402627
          7.377597195840250       -0.000000001103774       -0.030529106362969        0.030529105259195
          7.498541412165500       -0.000000001103385        0.026150605059714       -0.026150606163099
          7.619485628490750       -0.000000000930739        0.019467087231974       -0.019467088162713
          7.740429844816000       -0.000000000873901       -0.024258037587585        0.024258036713684
          7.861374061141250       -0.000000000904800       -0.021352283973653        0.021352283068854
          7.982318277466501       -0.000000000859881        0.037583707875985       -0.037583708735866
          8.103262493791750       -0.000000000305184        0.003227451593475       -0.003227451898659
          8.224206710117000        0.000000000013094       -0.027705976324397        0.027705976337492
          8.345150926442249       -0.000000000079244       -0.008452001620722        0.008452001541478
          8.466095142767500       -0.000000000039897        0.041965450262749       -0.041965450302645
          8.587039359092751        0.000000000597375       -0.014180335843703        0.014180336441078
          8.707983575418000        0.000000001345828       -0.024955302116124        0.024955303461951
          8.828927791743251        0.000000001227867        0.005474549432520       -0.005474548204653
          8.949872008068500        0.000000001256378        0.038581072991186       -0.038581071734807
          9.070816224393750        0.000000001716469       -0.029473908181356        0.029473909897824
          9.191760440718999        0.000000002782903       -0.016353022585139        0.016353025368042
          9.312704657044250        0.000000002812184        0.017461095862969       -0.017461093050785
          9.433648873369501        0.000000002775942        0.028244341566977       -0.028244338791035
          9.554593089694750        0.000000003005548       -0.039716985519962        0.039716988525510
          9.675537306020001        0.000000004025927       -0.003459582480600        0.003459586506527
          9.796481522345250        0.000000004360018        0.024924305722723       -0.024924301362705
          9.917425738670500        0.000000004243242        0.013124778886333       -0.013124774643091
         10.038369954995749        0.000000004319145       -0.042848774164688        0.042848778483832
         10.159314171321000        0.000000004966972        0.011143144675049       -0.011143139708077
         10.280258387646251        0.000000005498584        0.026270819700973       -0.026270814202388
         10.401202603971500        0.000000005402808       -0.003666459950890        0.003666465353697
         10.522146820296751        0.000000005404037       -0.038160231077295        0.038160236481333
         10.643091036622000        0.000000005637624        0.024366509980900       -0.024366504343277
         10.764035252947250        0.000000006009131        0.021270033986736       -0.021270027977605
         10.884979469272501        0.000000006006170       -0.018675781434975        0.018675787441145
         11.005923685597750        0.000000005992931       -0.026568029864191        0.026568035857122
         11.126867901923001        0.000000006013349        0.033349651734005       -0.033349645720656
         11.247812118248250        0.000000005962949        0.011089948528432       -0.011089942565482
         11.368756334573501        0.000000005896123       -0.028820443781876        0.028820449678000
         11.489700550898750        0.000000005918526       -0.010510378069812        0.010510383988338
         11.610644767224001        0.000000005929534        0.036177100565990       -0.036177094636456
         11.731588983549251        0.000000005565223       -0.001998771848004        0.001998777413227
         11.852533199874500        0.000000005141540       -0.032075850683911        0.032075855825451
         11.973477416199751        0.000000005177814        0.006587407013060       -0.006587401835246
         12.094421632525000        0.000000005240094        0.032340222435599       -0.032340217195505
         12.215365848850251        0.000000004895172       -0.015166635078591        0.015166639973763
         12.336310065175500        0.000000004020138       -0.027931527031806        0.027931531051944
         12.457254281500751        0.000000003924992        0.021126743900927       -0.021126739975935
         12.578198497826001        0.000000004015048        0.022819442585070       -0.022819438570022
         12.699142714151250        0.000000003891288       -0.025686679821990        0.025686683713278
         12.820086930476501        0.000000002826853       -0.017450066907175        0.017450069734027
         12.941031146801750        0.000000002427009        0.030153644832069       -0.030153642405060
         13.061975363127001        0.000000002526270        0.009803596801750       -0.009803594275480
         13.182919579452250        0.000000002570887       -0.031547033660010        0.031547036230896
         13.303863795777501        0.000000001711627       -0.002925567826737        0.002925569538364
         13.424808012102751        0.000000001007010        0.031948936599487       -0.031948935592478
         13.545752228428000        0.000000001083954       -0.003849420004235        0.003849421088189
         13.666696444753251        0.000000001163135       -0.031842402237871        0.031842403401006
         13.787640661078500        0.000000000702181        0.012692621628098       -0.012692620925917
         13.908584877403751       -0.000000000052525        0.026300318882809       -0.026300318935334
         14.029529093729000       -0.000000000056164       -0.015268244307314        0.015268244251149
         14.150473310054251        0.000000000002744       -0.026847466554865        0.026847466557609
         14.271417526379501       -0.000000000148976        0.026404033339841       -0.026404033488816
         14.392361742704750       -0.000000000623170        0.014468740502542       -0.014468741125713
         14.513305959030001       -0.000000000692313       -0.022177206558539        0.022177205866226
         14.634250175355250       -0.000000000657178       -0.017819828740975        0.017819828083797
         14.755194391680501       -0.000000000680930        0.035677895913325       -0.035677896594255
         14.876138608005750       -0.000000000743054       -0.001116373343716        0.001116372600662
         14.997082824331001       -0.000000000711402       -0.023303897158815        0.023303896447413
         15.118027040656251       -0.000000000722220       -0.006685237981327        0.006685237259107
         15.238971256981500       -0.000000000711569        0.038881671636802       -0.038881672348372
         15.359915473306751       -0.000000000497634       -0.017384342105332        0.017384341607698
         15.480859689632000       -0.000000000163395       -0.018510406470089        0.018510406306694
         15.601803905957251       -0.000000000215595        0.004280322779032       -0.004280322994626
         15.722748122282500       -0.000000000194945        0.035596822640647       -0.035596822835592
         15.843692338607751        0.000000000080838       -0.031257912243350        0.031257912324188
         15.964636554933001        0.000000000744757       -0.008708425549640        0.008708426294397
         16.085580771258250        0.000000000765356        0.012789253670989       -0.012789252905633
         16.206524987583499        0.000000000742447        0.026724160806944       -0.026724160064496
         16.327469203908752        0.000000000972172       -0.040228588740763        0.040228589712935
         16.448413420234001        0.000000001766240        0.004319245104577       -0.004319243338337
         16.569357636559250        0.000000002028719        0.016965440696413       -0.016965438667694
         16.690301852884499        0.000000001907970        0.014291105502703       -0.014291103594733
         16.811246069209751        0.000000002072996       -0.042760366781018        0.042760368854014
         16.932190285535000        0.000000002735325        0.018150795177234       -0.018150792441909
         17.053134501860249        0.000000003277581        0.015804656448079       -0.015804653170497
         17.174078718185502        0.000000003119553        0.000993398620928       -0.000993395501375
         17.295022934510751        0.000000003195038       -0.038514623964206        0.038514627159244
         17.415967150836000        0.000000003589280        0.030079183150469       -0.030079179561189
         17.536911367161249        0.000000004216862        0.009497010511406       -0.009497006294544
         17.657855583486501        0.000000004168410       -0.010393639377685        0.010393643546095
         17.778799799811750        0.000000004142270       -0.028418922710901        0.028418926853171
         17.899744016136999        0.000000004296109        0.037636274775773       -0.037636270479665
         18.020688232462252        0.000000004723170       -0.000561186442220        0.000561191165390
         18.141632448787501        0.000000004810389       -0.017587733556381        0.017587738366770
         18.262576665112750        0.000000004753000       -0.014552694955876        0.014552699708876
         18.383520881437999        0.000000004776517        0.039198343597012       -0.039198338820496
         18.504465097763251        0.000000004880120       -0.012110166964712        0.012110171844833
         18.625409314088500        0.000000004903104       -0.019246618928507        0.019246623831610
         18.746353530413749        0.000000004901319        0.000207767286287       -0.000207762384967
         18.867297746739002        0.000000004906552        0.034458221343417       -0.034458216436865
         18.988241963064251        0.000000004812087       -0.022611924204305        0.022611929016392
         19.109186179389500        0.000000004538849       -0.015213997952671        0.015214002491519
         19.230130395714749        0.000000004540768        0.012783452382199       -0.012783447841431
         19.351074612040001        0.000000004605956        0.024550684981493       -0.024550680375537
         19.472018828365250        0.000000004522644       -0.029878631385192        0.029878635907836
         19.592963044690499        0.000000003962378       -0.006513762691442        0.006513766653820
         19.713907261015752        0.000000003774065        0.020595524443707       -0.020595520669642
         19.834851477341001        0.000000003918563        0.011761474035594       -0.011761470117030
         19.955795693666250        0.000000003946365       -0.032562400567089        0.032562404513454
         20.076739909991499        0.000000003351332        0.004919693510947       -0.004919690159615
         20.197684126316751        0.000000002841179        0.022151072113313       -0.022151069272134
         20.318628342642000        0.000000003001006       -0.001064551589801        0.001064554590807
         20.439572558967249        0.000000003116622       -0.030400151770109        0.030400154886731
         20.560516775292502        0.000000002725786        0.016713056722387       -0.016713053996601
         20.681460991617751        0.000000001999945        0.017323774494360       -0.017323772494416
         20.802405207943000        0.000000002056545       -0.011205904768508        0.011205906825054
         20.923349424268253        0.000000002209627       -0.024179338470072        0.024179340679699
         21.044293640593501        0.000000002060393        0.026583664617083       -0.026583662556690
         21.165237856918750        0.000000001394932        0.007290192527262       -0.007290191132331
         21.286182073243999        0.000000001285386       -0.016653577474526        0.016653578759912
         21.407126289569252        0.000000001435950       -0.015455772606177        0.015455774042126
         21.528070505894501        0.000000001419307        0.032769296674853       -0.032769295255546
         21.649014722219750        0.000000001025599       -0.005791143858485        0.005791144884084
         21.769958938545003        0.000000000837746       -0.016490448473462        0.016490449311208
         21.890903154870252        0.000000000937141       -0.006132531177562        0.006132532114704
         22.011847371195501        0.000000000950554        0.034286711595832       -0.034286710645278
         22.132791587520749        0.000000000832652       -0.019252609776637        0.019252610609289
         22.253735803846002        0.000000000751215       -0.010992382568371        0.010992383319586
         22.374680020171251        0.000000000769136        0.001940144074069       -0.001940143304934
         22.495624236496500        0.000000000768924        0.031053140238458       -0.031053139469535
         22.616568452821753        0.000000000799394       -0.030471096202838        0.030471097002232
         22.737512669147002        0.000000000936911       -0.001442316355200        0.001442317292111
         22.858456885472251        0.000000000921752        0.007234007403405       -0.007234006481653
         22.979401101797500        0.000000000873968        0.023911572971135       -0.023911572097167
         23.100345318122752        0.000000000949954       -0.037412962410370        0.037412963360324
         23.221289534448001        0.000000001254579        0.010245436375425       -0.010245435120846
         23.342233750773250        0.000000001321864        0.008706497448387       -0.008706496126523
         23.463177967098503        0.000000001185347        0.014515983790092       -0.014515982604745
         23.584122183423752        0.000000001267380       -0.039027732835754        0.039027734103134
         23.705066399749001        0.000000001600957        0.021923409875993       -0.021923408275036
         23.826010616074250        0.000000001832157        0.005957736359022       -0.005957734526866
         23.946954832399502        0.000000001622164        0.005005708054780       -0.005005706432615
         24.067899048724751        0.000000001665168       -0.035378129960325        0.035378131625493
         24.188843265050000        0.000000001928642        0.031530310786340       -0.031530308857698
         24.309787481375253        0.000000002286436       -0.000605867125552        0.000605869411988
         24.430731697700502        0.000000002110671       -0.002496873664909        0.002496875775580
         24.551675914025751        0.000000002052962       -0.027516741142264        0.027516743195225
         24.672620130351000        0.000000002215660        0.037360028818592       -0.037360026602932
         24.793564346676252        0.000000002568133       -0.009720007643312        0.009720010211445
         24.914508563001501        0.000000002537745       -0.006408170005247        0.006408172542992
         25.035452779326750        0.000000002387785       -0.017206462186121        0.017206464573905
         25.156396995652003        0.000000002448142        0.038342702820185       -0.038342700372044
         25.277341211977252        0.000000002674307       -0.019455032407872        0.019455035082179
         25.398285428302501        0.000000002771866       -0.006046658253455        0.006046661025321
         25.519229644627750        0.000000002636952       -0.006570709630586        0.006570712267538
         25.640173860953002        0.000000002620912        0.034314743465928       -0.034314740845017
         25.761118077278251        0.000000002695860       -0.027667843429991        0.027667846125851
         25.882062293603500        0.000000002774944       -0.001731584835281        0.001731587610226
         26.003006509928753        0.000000002739124        0.002286225702967       -0.002286222963843
         26.123950726254002        0.000000002726347        0.026159404853008       -0.026159402126662
         26.244894942579251        0.000000002722233       -0.032579416232349        0.032579418954582
         26.365839158904500        0.000000002662353        0.005384824736826       -0.005384822074474
         26.486783375229752        0.000000002663008        0.007662360843602       -0.007662358180594
         26.607727591555001        0.000000002746086        0.015689336042435       -0.015689333296349
         26.728671807880250        0.000000002768027       -0.033260019055235        0.033260021823262
         26.849616024205503        0.000000002601886        0.013665254880173       -0.013665252278287
         26.970560240530752        0.000000002490241        0.008591807713783       -0.008591805223542
         27.091504456856001        0.000000002677302        0.005238890688659       -0.005238888011357
         27.212448673181250        0.000000002797568       -0.029839239556255        0.029839242353823
         27.333392889506502        0.000000002660717        0.021393951399540       -0.021393948738823
         27.454337105831751        0.000000002380526        0.005041464325679       -0.005041461945153
         27.575281322157000        0.000000002566969       -0.002918804571873        0.002918807138842
         27.696225538482253        0.000000002797335       -0.023389519176376        0.023389521973711
         27.817169754807502        0.000000002782820        0.027138861262607       -0.027138858479787
         27.938113971132751        0.000000002438576       -0.002105135016098        0.002105137454674
         28.059058187458000        0.000000002502891       -0.007126473674028        0.007126476176918
         28.180002403783252        0.000000002796279       -0.015564429670857        0.015564432467135
         28.300946620108501        0.000000002891770        0.029997475064432       -0.029997472172662
         28.421890836433750        0.000000002635074       -0.011274439626717        0.011274442261791
         28.542835052759003        0.000000002557900       -0.006699375933005        0.006699378490904
         28.663779269084252        0.000000002828484       -0.008133829040936        0.008133831869420
         28.784723485409501        0.000000002965870        0.029686892271100       -0.029686889305230
         28.905667701734750        0.000000002854765       -0.020556625769296        0.020556628624061
         29.026611918060002        0.000000002729339       -0.002014956812028        0.002014959541367
         29.147556134385251        0.000000002899667       -0.002560571188243        0.002560574087910
         29.268500350710500        0.000000003014382        0.026495615220590       -0.026495612206207
         29.389444567035753        0.000000002997275       -0.028095505676407        0.028095508673682
         29.510388783361002        0.000000002926184        0.005658936334454       -0.005658933408270
         29.631332999686251        0.000000002979059        0.000259353946892       -0.000259350967833
         29.752277216011500        0.000000003020788        0.021175654476966       -0.021175651456178
         29.873221432336752        0.000000003021221       -0.032466585666913        0.032466588688133
         29.994165648662001        0.000000003023741        0.014546645344943       -0.014546642321202
         30.115109864987250        0.000000003004767        0.000038814292482       -0.000038811287715
         30.236054081312503        0.000000002933979        0.014840483766014       -0.014840480832035
         30.356998297637752        0.000000002910416       -0.032993857596330        0.032993860506746
         30.477942513963001        0.000000002937455        0.022840387265646       -0.022840384328191
         30.598886730288250        0.000000002903424       -0.003009977895509        0.003009980798932
         30.719830946613502        0.000000002710940        0.008837515900182       -0.008837513189242
         30.840775162938751        0.000000002638476       -0.029902419489006        0.029902422127482
         30.961719379264000        0.000000002647448        0.029095780422140       -0.029095777774692
         31.082663595589253        0.000000002621636       -0.008293258451868        0.008293261073504
         31.203607811914502        0.000000002351859        0.004511532631457       -0.004511530279598
         31.324552028239751        0.000000002194921       -0.024215450964417        0.024215453159338
         31.445496244565000        0.000000002176611        0.032429811944120       -0.032429809767510
         31.566440460890252        0.000000002152559       -0.014888222570162        0.014888224722721
         31.687384677215501        0.000000001889110        0.002864071103298       -0.002864069214189
         31.808328893540750        0.000000001633439       -0.017426086827710        0.017426088461150
         31.929273109866003        0.000000001580216        0.032544970888373       -0.032544969308157
         32.050217326191252        0.000000001548337       -0.021595782866326        0.021595784414664
         32.171161542516501        0.000000001361819        0.004242707335044       -0.004242705973225
         32.292105758841750        0.000000001064008       -0.011085067787819        0.011085068851827
         32.413049975166999        0.000000000960976        0.029679184710714       -0.029679183749738
         32.533994191492248        0.000000000918993       -0.027100232247781        0.027100233166774
         32.654938407817504        0.000000000824457        0.008216224663805       -0.008216223839348
         32.775882624142753        0.000000000591125       -0.006446403194629        0.006446403785753
         32.896826840468002        0.000000000460364        0.024540374321648       -0.024540373861284
         33.017771056793251        0.000000000413972       -0.030258859022232        0.030258859436204
         33.138715273118500        0.000000000379604        0.013706231407905       -0.013706231028301
         33.259659489443749        0.000000000279446       -0.004250883990180        0.004250884269625
         33.380603705768998        0.000000000202203        0.018214382723565       -0.018214382521362
         33.501547922094254        0.000000000178894       -0.030434599689790        0.030434599868684
         33.622492138419503        0.000000000175329        0.019332034711189       -0.019332034535861
         33.743436354744752        0.000000000186513       -0.004666250111731        0.004666250298244
         33.864380571070001        0.000000000243314        0.012007004819572       -0.012007004576258
         33.985324787395250        0.000000000300343       -0.027724880830946        0.027724881131289
         34.106269003720499        0.000000000338328        0.023833267502814       -0.023833267164487
         34.227213220045748        0.000000000394897       -0.007354246425005        0.007354246819902
         34.348157436371004        0.000000000586239        0.007200746561743       -0.007200745975504
         34.469101652696253        0.000000000778707       -0.022959943836352        0.022959944615059
         34.590045869021502        0.000000000896528        0.026402804991311       -0.026402804094783
         34.710990085346751        0.000000000968449       -0.011608462012036        0.011608462980484
         34.831934301672000        0.000000001217463        0.004762635398534       -0.004762634181071
         34.952878517997249        0.000000001546584       -0.017445638903568        0.017445640450152
         35.073822734322498        0.000000001766045        0.026818343479421       -0.026818341713377
         35.194766950647754        0.000000001872741       -0.016515932727499        0.016515934600240
         35.315711166973003        0.000000002102104        0.005096245120304       -0.005096243018200
         35.436655383298252        0.000000002500558       -0.012552052331382        0.012552054831940
         35.557599599623501        0.000000002799165        0.025366977560205       -0.025366974761041
         35.678543815948750        0.000000002957035       -0.021117983393771        0.021117986350806
         35.799488032273999        0.000000003142044        0.007934458990259       -0.007934455848215
         35.920432248599248        0.000000003513587       -0.009312303313112        0.009312306826698
         36.041376464924504        0.000000003830462        0.022639196582204       -0.022639192751742
         36.162320681249753        0.000000004013160       -0.024556282308880        0.024556286322039
         36.283264897575002        0.000000004161364        0.012414115738291       -0.012414111576927
         36.404209113900251        0.000000004433523       -0.008171254688713        0.008171259122236
         36.525153330225500        0.000000004692890        0.019300670291464       -0.019300665598574
         36.646097546550749        0.000000004843974       -0.026201539094222        0.026201543938196
         36.767041762875998        0.000000004948515        0.017315665764394       -0.017315660815878
         36.887985979201254        0.000000005091249       -0.008958397839377        0.008958402930626
         37.008930195526503        0.000000005226778        0.015943627538239       -0.015943622311461
         37.129874411851752        0.000000005293527       -0.025777892007038        0.025777897300565
         37.250818628177001        0.000000005323689        0.021415211173400       -0.021415205849711
         37.371762844502250        0.000000005332443       -0.011078196823533        0.011078202155976
         37.492707060827499        0.000000005304940        0.013061555762775       -0.013061550457835
         37.613651277152748        0.000000005253993       -0.023471782394006        0.023471787647999
         37.734595493478004        0.000000005183757        0.023847809703421       -0.023847804519664
         37.855539709803253        0.000000005063005       -0.013809897939421        0.013809903002426
         37.976483926128502        0.000000004868524        0.011084823858686       -0.011084818990162
         38.097428142453751        0.000000004683389       -0.019947636444155        0.019947641127544
         38.218372358779000        0.000000004512133        0.024333444059680       -0.024333439547547
         38.339316575104249        0.000000004279857       -0.016546812012528        0.016546816292385
         38.460260791429498        0.000000003949397        0.010358271614321       -0.010358267664924
         38.581205007754754        0.000000003633192       -0.016186348493505        0.016186352126697
         38.702149224080003        0.000000003377547        0.023163534538657       -0.023163531161110
         38.823093440405252        0.000000003072767       -0.018873705686000        0.018873708758767
         38.944037656730501        0.000000002665510        0.011023145558263       -0.011023142892753
         39.064981873055750        0.000000002254390       -0.013174719844081        0.013174722098471
         39.185926089380999        0.000000001936930        0.020989568367892       -0.020989566430963
         39.306870305706248        0.000000001610453       -0.020528410186410        0.020528411796863
         39.427814522031504        0.000000001200033        0.012896123085942       -0.012896121885909
         39.548758738356753        0.000000000767091       -0.011588815801435        0.011588816568526
         39.669702954682002        0.000000000424865        0.018553085925569       -0.018553085500704
         39.790647171007251        0.000000000123179       -0.021357704827822        0.021357704951001
         39.911591387332500       -0.000000000221541        0.015461677562135       -0.015461677783676
         40.032535603657749       -0.000000000587089       -0.011609532524770        0.011609531937680
         40.153479819982998       -0.000000000890177        0.016470132212795       -0.016470133102972
         40.274424036308254       -0.000000001126374       -0.021321432626447        0.021321431500073
         40.395368252633503       -0.000000001356755        0.018011560346902       -0.018011561703657
         40.516312468958752       -0.000000001583443       -0.012925400551193        0.012925398967750
         40.637256685284001       -0.000000001769194        0.015113611114962       -0.015113612884156
         40.758200901609250       -0.000000001894770       -0.020527475405810        0.020527473511040
         40.879145117934499       -0.000000001983212        0.019881100266201       -0.019881102249413
         41.000089334259748       -0.000000002038105       -0.014903674815305        0.014903672777200
         41.121033550585004       -0.000000002049570        0.014596164307230       -0.014596166356800
         41.241977766910253       -0.000000002018491       -0.019254262320567        0.019254260302076
         41.362921983235502       -0.000000001949065        0.020687276687707       -0.020687278636773
         41.483866199560751       -0.000000001833120       -0.016855376609801        0.016855374776681
         41.604810415886000       -0.000000001660041        0.014827674699307       -0.014827676359348
         41.725754632211249       -0.000000001450420       -0.017916903597820        0.017916902147401
         41.846698848536505       -0.000000001218367        0.020459638782720       -0.020459640001087
         41.967643064861754       -0.000000000951097       -0.018278217437259        0.018278216486162
         42.088587281187003       -0.000000000624604        0.015593877522632       -0.015593878147236
         42.209531497512252       -0.000000000259271       -0.016951463124623        0.016951462865351
         42.330475713837501        0.000000000115224        0.019590147593275       -0.019590147478051
         42.451419930162750        0.000000000500571       -0.018971971924112        0.018971972424683
         42.572364146487999        0.000000000928026        0.016608354101526       -0.016608353173500
         42.693308362813255        0.000000001387693       -0.016642458444226        0.016642459831919
         42.814252579138504        0.000000001849914        0.018619301973223       -0.018619300123309
         42.935196795463753        0.000000002300826       -0.018998200566861        0.018998202867687
         43.056141011789002        0.000000002766606        0.017534245493845       -0.017534242727239
         43.177085228114251        0.000000003242923       -0.016972840845682        0.016972844088605
         43.298029444439500        0.000000003713097        0.017967066773591       -0.017967063060493
         43.418973660764749        0.000000004157682       -0.018544447538407        0.018544451696090
         43.539917877090005        0.000000004591189        0.018010886957109       -0.018010882365920
         43.660862093415254        0.000000005007166       -0.017584493685260        0.017584498692425
         43.781806309740503        0.000000005401534        0.017743952233407       -0.017743946831873
         43.902750526065752        0.000000005760808       -0.017793151050175        0.017793156810983
         44.023694742391001        0.000000006089434        0.017725547009889       -0.017725540920456
         44.144638958716250        0.000000006377405       -0.017896216402787        0.017896222780192
         44.265583175041499        0.000000006626420        0.017734681197350       -0.017734674570929
         44.386527391366755        0.000000006832045       -0.016876163247404        0.016876170079449
         44.507471607692004        0.000000006993600        0.016542706942855       -0.016542699949255
         44.628415824017253        0.000000007103479       -0.017357189458076        0.017357196561554
         44.749360040342502        0.000000007163571        0.017557593798350       -0.017557586634778
         44.870304256667751        0.000000007172959       -0.015923660570696        0.015923667743656
         44.991248472993000        0.000000007128226        0.014641631660019       -0.014641624531793
         45.112192689318249        0.000000007035329       -0.015729112774572        0.015729119809901
         45.233136905643505        0.000000006896531        0.016895735842537       -0.016895728946007
         45.354081121968754        0.000000006702961       -0.015123082920101        0.015123089623061
         45.475025338294003        0.000000006444974        0.012550362150571       -0.012550355705596
         45.595969554619252        0.000000006152116       -0.013239208445706        0.013239214597822
         45.716913770944501        0.000000005838186        0.015647315182324       -0.015647309344138
         45.837857987269750        0.000000005474824       -0.014683080675413        0.014683086150237
         45.958802203594999        0.000000005035518        0.010992652354309       -0.010992647318791
         46.079746419920255        0.000000004572600       -0.010511597465392        0.010511602037993
         46.200690636245504        0.000000004130660        0.013926093609517       -0.013926089478857
         46.321634852570753        0.000000003664315       -0.014702396005665        0.014702399669981
         46.442579068896002        0.000000003115370        0.010600457991698       -0.010600454876328
         46.563523285221251        0.000000002542993       -0.008334514537569        0.008334517080562
         46.684467501546500        0.000000002031297        0.011977934704522       -0.011977932673225
         46.805411717871749        0.000000001543868       -0.015059231818576        0.015059233362444
         46.926355934197005        0.000000000984898        0.011647568849384       -0.011647567864486
         47.047300150522254        0.000000000396134       -0.007399255688952        0.007399256085086
         47.168244366847503       -0.000000000117345        0.010110455143030       -0.010110455260376
         47.289188583172752       -0.000000000551519       -0.015422163799268        0.015422163247749
         47.410132799498001       -0.000000001019042        0.013925780482812       -0.013925781501854
         47.531077015823250       -0.000000001513050       -0.008099942369718        0.008099940856667
         47.652021232148499       -0.000000001943971        0.008656504536538       -0.008656506480510
         47.772965448473755       -0.000000002267565       -0.015380550717669        0.015380548450103
         47.893909664799004       -0.000000002570167        0.016791194216905       -0.016791196787072
         48.014853881124253       -0.000000002873800       -0.010420561303080        0.010420558429280
         48.135798097449502       -0.000000003127994        0.007939090599219       -0.007939093727213
         48.256742313774751       -0.000000003290152       -0.014627623010358        0.014627619720206
         48.377686530100000       -0.000000003396106        0.019355517953151       -0.019355521349257
         48.498630746425249       -0.000000003463386       -0.013927233955510        0.013927230492124
         48.619574962750505       -0.000000003470475        0.008222013353781       -0.008222016824255
         48.740519179075754       -0.000000003418193       -0.013124840521513        0.013124837103319
         48.861463395401003       -0.000000003324750        0.020770029772966       -0.020770033097716
         48.982407611726252       -0.000000003167977       -0.017877114475443        0.017877111307466
         49.103351828051501       -0.000000002919782        0.009653112162023       -0.009653115081806
         49.224296044376750       -0.000000002619381       -0.011179821946260        0.011179819326879
         49.345240260701999       -0.000000002331884        0.020506355267269       -0.020506357599153
         49.466184477027255       -0.000000002001249       -0.021406501397077        0.021406499395829
         49.587128693352504       -0.000000001555981        0.012199432385084       -0.012199433941065
         49.708072909677753       -0.000000001031854       -0.009379616590732        0.009379615558877
         49.829017126003002       -0.000000000564580        0.018514446484791       -0.018514447049371
         49.949961342328251       -0.000000000123066       -0.023717113858834        0.023717113735768
         50.070905558653500        0.000000000426662        0.015573591494210       -0.015573591067549
         50.191849774978749        0.000000001082421       -0.008376344278050        0.008376345360471
         50.312793991304005        0.000000001683333        0.015192065079741       -0.015192063396408
         50.433738207629254        0.000000002170709       -0.024200729423234        0.024200731593943
         50.554682423954503        0.000000002728675        0.019184354317739       -0.019184351589065
         50.675626640279752        0.000000003391381       -0.008611308066251        0.008611311457632
         50.796570856605001        0.000000004033274        0.011207963483635       -0.011207959450361
         50.917515072930250        0.000000004500892       -0.022508292893340        0.022508297394231
         51.038459289255499        0.000000004978179        0.022175283135974       -0.022175278157795
         51.159403505580755        0.000000005534157       -0.010114964697666        0.010114970231823
         51.280347721906004        0.000000006093264        0.007296208540757       -0.007296202447493
         51.401291938231253        0.000000006475120       -0.018612342017139        0.018612348492260
         51.522236154556502        0.000000006800807        0.023598785859462       -0.023598779058655
         51.643180370881751        0.000000007166376       -0.012486844718100        0.012486851884476
         51.764124587207000        0.000000007524261        0.004126516675320       -0.004126509151059
         51.885068803532249        0.000000007751618       -0.012891858977086        0.012891866728704
         52.006013019857505        0.000000007892511        0.022704558622332       -0.022704550729821
         52.126957236182754        0.000000008019735       -0.015057003082882        0.015057011102618
         52.247901452508003        0.000000008097116        0.002265284965544       -0.002265276868428
         52.368845668833252        0.000000008099423       -0.006195408717722        0.006195416817145
         52.489789885158501        0.000000008061889        0.019231896758570       -0.019231888696681
         52.610734101483750        0.000000007953657       -0.017118367551030        0.017118375504687
         52.731678317808999        0.000000007728846        0.002142723907446       -0.002142716178600
         52.852622534134255        0.000000007453475        0.000224097995999       -0.000224090542524
         52.973566750459504        0.000000007251919        0.013555749505035       -0.013555742253116
         53.094510966784753        0.000000006971929       -0.018090190882820        0.018090197854749
         53.215455183110002        0.000000006487020        0.003938729546556       -0.003938723059536
         53.336399399435251        0.000000005934988        0.004967736597261       -0.004967730662273
         53.457343615760500        0.000000005564552        0.006615619373740       -0.006615613809188
         53.578287832085749        0.000000005209667       -0.017573745342209        0.017573750551876
         53.699232048411005        0.000000004568992        0.007420803361101       -0.007420798792109
         53.820176264736254        0.000000003816078        0.006868038152430       -0.006868034336352
         53.941120481061503        0.000000003273883       -0.000304926982902        0.000304930256785
         54.062064697386752        0.000000002916385       -0.015382790056371        0.015382792972756
         54.183008913712001        0.000000002268125        0.011872323016313       -0.011872320748187
         54.303953130037250        0.000000001450658        0.005325877244955       -0.005325875794297
         54.424897346362499        0.000000000788831       -0.005836723097712        0.005836723886543
         54.545841562687755        0.000000000444763       -0.011619631207743        0.011619631652506
         54.666785779013004       -0.000000000070157        0.016206009040040       -0.016206009110197
         54.787729995338253       -0.000000000792922        0.000497398735917       -0.000497399528839
         54.908674211663502       -0.000000001443951       -0.008781203444528        0.008781202000577
         55.029618427988751       -0.000000001776124       -0.006755022671393        0.006755020895270
         55.150562644314000       -0.000000002090764        0.019231759586038       -0.019231761676801
         55.271506860639249       -0.000000002583576       -0.006692233661107        0.006692231077531
         55.392451076964505       -0.000000003056365       -0.008370524866210        0.008370521809844
         55.513395293289754       -0.000000003320615       -0.001616631813457        0.001616628492841
         55.634339509615003       -0.000000003457536        0.019980264269262       -0.019980267726798
         55.755283725940252       -0.000000003660312       -0.014708232294208        0.014708228633896
         55.876227942265501       -0.000000003830292       -0.004490679022370        0.004490675192079
         55.997172158590750       -0.000000003897674        0.002752539706323       -0.002752543603997
         56.118116374915999       -0.000000003895536        0.017991402595678       -0.017991406491213
         56.239060591241255       -0.000000003849068       -0.021736671550832        0.021736667701763
         56.360004807566504       -0.000000003692553        0.002227580767073       -0.002227584459626
         56.480949023891753       -0.000000003448819        0.005325238578510       -0.005325242027330
         56.601893240217002       -0.000000003278257        0.013491134630059       -0.013491137908315
         56.722837456542251       -0.000000003084879       -0.026127903341991        0.026127900257112
         56.843781672867500       -0.000000002676561        0.010511739348188       -0.010511742024749
         56.964725889192749       -0.000000002124497        0.005345720701289       -0.005345722825786
         57.085670105518005       -0.000000001709074        0.007382939106568       -0.007382940815641
         57.206614321843254       -0.000000001449507       -0.026810691123937        0.026810689674429
         57.327558538168503       -0.000000000918350        0.018708563881659       -0.018708564800009
         57.448502754493752       -0.000000000178960        0.002558163308847       -0.002558163487808
         57.569446970819001        0.000000000494077        0.001019093512888       -0.001019093018811
         57.690391187144250        0.000000000807722       -0.023523274063475        0.023523274871197
         57.811335403469499        0.000000001323771        0.025106249723835       -0.025106248400065
         57.932279619794755        0.000000002095323       -0.002646759737076        0.002646761832398
         58.053223836120004        0.000000002911016       -0.004184635144851        0.004184638055867
         58.174168052445253        0.000000003299124       -0.016805858988689        0.016805862287813
         58.295112268770502        0.000000003693867        0.028243249760804       -0.028243246066937
         58.416056485095751        0.000000004368022       -0.009235471315867        0.009235475683889
         58.537000701421000        0.000000005137634       -0.007135371866827        0.007135377004462
         58.657944917746249        0.000000005573347       -0.007825589062900        0.007825594636247
         58.778889134071505        0.000000005811187        0.027183210611228       -0.027183204800041
         58.899833350396754        0.000000006288207       -0.015730458810315        0.015730465098522
         59.020777566722003        0.000000006846735       -0.007295895963263        0.007295902809999
         59.141721783047252        0.000000007216332        0.001848453522818       -0.001848446306486
         59.262665999372501        0.000000007330566        0.021746655085834       -0.021746647755269
         59.383610215697750        0.000000007555482       -0.020570913165813        0.020570920721295
         59.504554432022999        0.000000007806440       -0.004714830546126        0.004714838352566
         59.625498648348255        0.000000007954661        0.010464796674311       -0.010464788719650
         59.746442864673504        0.000000007977885        0.012644189546287       -0.012644181568402
         59.867387080998753        0.000000007983186       -0.022507377898364        0.022507385881550
         59.988331297324002        0.000000007894121        0.000063691651811       -0.000063683757690
         60.109275513649251        0.000000007714922        0.016343469861897       -0.016343462146975
         60.230219729974500        0.000000007606861        0.001417381802067       -0.001417374195206
         60.351163946299749        0.000000007504486       -0.020876481838991        0.020876489343477
         60.472108162625005        0.000000007114346        0.006092667748781       -0.006092660634434
         60.593052378950254        0.000000006603207        0.018209989807057       -0.018209983203850
         60.713996595275503        0.000000006273304       -0.009851893026036        0.009851899299340
         60.834940811600752        0.000000006159433       -0.015695020613606        0.015695026773040
         60.955885027926001        0.000000005602599        0.012101174026943       -0.012101168424344
         61.076829244251250        0.000000004838707        0.015543938282000       -0.015543933443294
         61.197773460576499        0.000000004248651       -0.018976817650321        0.018976821898971
         61.318717676901755        0.000000004114941       -0.007640242173011        0.007640246287953
         61.439661893227004        0.000000003594768        0.016656986271361       -0.016656982676594
         61.560606109552253        0.000000002708088        0.008786056977304       -0.008786054269216
         61.681550325877502        0.000000001935102       -0.024102499427458        0.024102501362560
         61.802494542202751        0.000000001697507        0.002008869397684       -0.002008867700177
         61.923438758528000        0.000000001373598        0.018475648133632       -0.018475646760034
         62.044382974853249        0.000000000539412       -0.000700477368582        0.000700477907994
         62.165327191178505       -0.000000000257202       -0.024066597985986        0.024066597728784
         62.286271407503754       -0.000000000631721        0.011500551639364       -0.011500552271085
         62.407215623829003       -0.000000000755307        0.016794679528029       -0.016794680283336
         62.528159840154252       -0.000000001350550       -0.010897174641958        0.010897173291408
         62.649104056479501       -0.000000001997503       -0.018671074523614        0.018671072526110
         62.770048272804750       -0.000000002400989        0.018893777137081       -0.018893779538069
         62.890992489129999       -0.000000002443541        0.011648533690567       -0.011648536134107
         63.011936705455255       -0.000000002712750       -0.019547295681781        0.019547292969032
         63.132880921780504       -0.000000003069693       -0.008823630309981        0.008823627240289
         63.253825138105753       -0.000000003300328        0.022496166329516       -0.022496169629844
         63.374769354431002       -0.000000003328104        0.003925896441528       -0.003925899769631
         63.495713570756251       -0.000000003363252       -0.024646637935046        0.024646634571794
         63.616657787081500       -0.000000003369826        0.003547256191845       -0.003547259561671
         63.737602003406749       -0.000000003272650        0.021324115021545       -0.021324118294195
         63.858546219732006       -0.000000003181795       -0.004806065278225        0.004806062096429
         63.979490436057254       -0.000000003157943       -0.024921451394734        0.024921448236792
         64.100434652382503       -0.000000002885565        0.015865145218789       -0.015865148104354
         64.221378868707745       -0.000000002447414        0.015405562377441       -0.015405564824855
         64.342323085033001       -0.000000002067771       -0.012654352804957        0.012654350737186
         64.463267301358258       -0.000000002044724       -0.020165662310602        0.020165660265878
         64.584211517683499       -0.000000001686047        0.025492731194416       -0.025492732880463
         64.705155734008756       -0.000000001012584        0.005819147990207       -0.005819149002792
         64.826099950333997       -0.000000000308281       -0.017848892717327        0.017848892409046
         64.947044166659254       -0.000000000172785       -0.011304669545628        0.011304669372843
         65.067988382984495        0.000000000071326        0.030336879496927       -0.030336879425600
         65.188932599309751        0.000000000825297       -0.005519941110539        0.005519941935837
         65.309876815635008        0.000000001707038       -0.019186946584112        0.019186948291150
         65.430821031960249        0.000000002080494       -0.000145215135492        0.000145217215986
         65.551765248285506        0.000000002140651        0.029279769767130       -0.029279767626478
         65.672709464610747        0.000000002806457       -0.016250549460687        0.016250552267144
         65.793653680936004        0.000000003662395       -0.016345563467923        0.016345567130318
         65.914597897261245        0.000000004230380        0.011083247893209       -0.011083243662829
         66.035542113586502        0.000000004199485        0.022361593373658       -0.022361589174173
         66.156486329911758        0.000000004633010       -0.024049968751494        0.024049973384504
         66.277430546236999        0.000000005313609       -0.009950003894905        0.009950009208514
         66.398374762562256        0.000000005867858        0.020210350915510       -0.020210345047653
         66.519318978887497        0.000000005874670        0.010749594931796       -0.010749589057126
         66.640263195212754        0.000000006042405       -0.027129442978128        0.027129449020534
         66.761207411537995        0.000000006449291       -0.001381130276263        0.001381136725554
         66.882151627863252        0.000000006773337        0.025498212625411       -0.025498205852074
         67.003095844188508        0.000000006820149       -0.003456872066760        0.003456878886910
         67.124040060513749        0.000000006838799       -0.024631662944283        0.024631669783082
         67.244984276839006        0.000000006915307        0.007569267962234       -0.007569261046927
         67.365928493164247        0.000000006904597        0.025901293482467       -0.025901286577870
         67.486872709489504        0.000000006849728       -0.017581436514679        0.017581443364407
         67.607816925814745        0.000000006873613       -0.016811715878233        0.016811722751846
         67.728761142140002        0.000000006667329        0.015038973839115       -0.015038967171787
         67.849705358465258        0.000000006317652        0.021267510692837       -0.021267504375186
         67.970649574790500        0.000000006021476       -0.028879730298636        0.028879736320111
         68.091593791115756        0.000000006073042       -0.004957361643826        0.004957367716868
         68.212538007440997        0.000000005773469        0.019365195196361       -0.019365189422891
         68.333482223766254        0.000000005128343        0.012462345757255       -0.012462340628911
         68.454426440091495        0.000000004579755       -0.035107629092801        0.035107633672556
         68.575370656416752        0.000000004530012        0.008871847118101       -0.008871842588089
         68.696314872742008        0.000000004363428        0.019343612381741       -0.019343608018314
         68.817259089067250        0.000000003536377        0.001302223028539       -0.001302219492162
         68.938203305392506        0.000000002822515       -0.034988051958183        0.034988054780698
         69.059147521717748        0.000000002548900        0.022172594328358       -0.022172591779458
         69.180091738043004        0.000000002594789        0.014529615881533       -0.014529613286743
         69.301035954368245        0.000000001813263       -0.009781343884978        0.009781345698240
         69.421980170693502        0.000000001032072       -0.028467858678007        0.028467859710079
         69.542924387018758        0.000000000562035        0.032369062051132       -0.032369061489097
         69.663868603344000        0.000000000692667        0.005496408820538       -0.005496408127871
         69.784812819669256        0.000000000205607       -0.018284473095442        0.018284473301049
         69.905757035994498       -0.000000000526418       -0.016752907869384        0.016752907342966
         70.026701252319754       -0.000000001031749        0.037271761687990       -0.037271762719739
         70.147645468644996       -0.000000000994484       -0.006126474368227        0.006126473373744
         70.268589684970252       -0.000000001126295       -0.022217933367502        0.022217932241207
         70.389533901295508       -0.000000001637640       -0.002136300982670        0.002136299345030
         70.510478117620750       -0.000000001994923        0.035600959220463       -0.035600961215385
         70.631422333946006       -0.000000002062349       -0.017943883346247        0.017943881283898
         70.752366550271248       -0.000000002031430       -0.020576012689226        0.020576010657796
         70.873310766596504       -0.000000002197217        0.012390520031949       -0.012390522229166
         70.994254982921746       -0.000000002276586        0.027416878295395       -0.027416880571981
         71.115199199247002       -0.000000002262959       -0.027360675509457        0.027360673246498
         71.236143415572258       -0.000000002286514       -0.013579213877786        0.013579211591272
         71.357087631897500       -0.000000002197881        0.023736871351612       -0.023736873549493
         71.478031848222756       -0.000000001947285        0.014244878479134       -0.014244880426419
         71.598976064547998       -0.000000001659177       -0.032235242826879        0.032235241167702
         71.719920280873254       -0.000000001709592       -0.002640190710455        0.002640189000863
         71.840864497198496       -0.000000001646309        0.029417521805658       -0.029417523451967
         71.961808713523752       -0.000000001121662       -0.001214758238042        0.001214757116380
         72.082752929849008       -0.000000000532725       -0.031412383662985        0.031412383130260
         72.203697146174250       -0.000000000380555        0.009948617386469       -0.009948617767025
         72.324641362499506       -0.000000000545240        0.028151232687378       -0.028151233232618
         72.445585578824748        0.000000000063870       -0.015710269495976        0.015710269559846
         72.566529795150004        0.000000000837795       -0.024998274824179        0.024998275661974
