#             time (fs)      |   total net charge (e)  |   charge (atom_1) (e)   |   charge (atom_2) (e)   |        ...        |   charge (atom_N) (e)   |
          0.000000000000000       -0.000000000000000       -0.000000000000000        0.000000000000000
          0.120944216325250        0.000000000001612        0.000260730959868       -0.000260730958256
          0.241888432650500        0.000000000003925        0.000915506080098       -0.000915506076173
          0.362832648975750        0.000000000006601        0.000836632935821       -0.000836632929219
          0.483776865301000        0.000000000007665       -0.000640702878158        0.000640702885822
          0.604721081626250        0.000000000010114       -0.002012065680144        0.002012065690258
          0.725665297951500        0.000000000012425       -0.002606718664621        0.002606718677046
          0.846609514276750        0.000000000013786       -0.000436209503594        0.000436209517380
          0.967553730602000        0.000000000012994        0.002145251891982       -0.002145251878988
          1.088497946927250        0.000000000015932        0.004399360731352       -0.004399360715420
          1.209442163252500        0.000000000015579        0.002760275479767       -0.002760275464188
          1.330386379577750        0.000000000014088       -0.000680904506193        0.000680904520281
          1.451330595903000        0.000000000009581       -0.005081491911208        0.005081491920789
          1.572274812228250        0.000000000011394       -0.005432658070447        0.005432658081841
          1.693219028553500        0.000000000010359       -0.002303566621806        0.002303566632165
          1.814163244878750        0.000000000002153        0.003813729213034       -0.003813729210882
          1.935107461204000       -0.000000000000564        0.007223521675958       -0.007223521676522
          2.056051677529250        0.000000000004287        0.006009698344507       -0.006009698340220
          2.176995893854500       -0.000000000005974       -0.000387047987788        0.000387047981814
          2.297940110179750       -0.000000000014631       -0.006975784344809        0.006975784330178
          2.418884326505000       -0.000000000009480       -0.009073962272149        0.009073962262669
          2.539828542830250       -0.000000000011645       -0.004526223351901        0.004526223340256
          2.660772759155500       -0.000000000020675        0.004143834914687       -0.004143834935362
          2.781716975480750       -0.000000000020150        0.010082320226419       -0.010082320246570
          2.902661191806000       -0.000000000015891        0.009549280648281       -0.009549280664172
          3.023605408131250       -0.000000000018829        0.000959363276498       -0.000959363295328
          3.144549624456500       -0.000000000019779       -0.008038626811789        0.008038626792010
          3.265493840781750       -0.000000000015034       -0.012931697279245        0.012931697264211
          3.386438057107000       -0.000000000011955       -0.007066466148629        0.007066466136674
          3.507382273432250       -0.000000000006649        0.002876645340018       -0.002876645346667
          3.628326489757500        0.000000000001634        0.013198394648883       -0.013198394647248
          3.749270706082750        0.000000000002131        0.012338440833176       -0.012338440831044
          3.870214922408000        0.000000000010527        0.004443002697927       -0.004443002687400
          3.991159138733250        0.000000000033685       -0.009627673943992        0.009627673977678
          4.112103355058500        0.000000000033030       -0.014840985962409        0.014840985995439
          4.233047571383750        0.000000000035438       -0.012024409151601        0.012024409187039
          4.353991787709000        0.000000000060726        0.002688136776103       -0.002688136715376
          4.474936004034250        0.000000000079575        0.013270385509129       -0.013270385429554
          4.595880220359500        0.000000000072503        0.017626200875014       -0.017626200802511
          4.716824436684750        0.000000000083456        0.006045233566302       -0.006045233482846
          4.837768653010000        0.000000000118395       -0.007372345507695        0.007372345626090
          4.958712869335250        0.000000000137233       -0.019247232069576        0.019247232206808
          5.079657085660500        0.000000000110549       -0.014168106961263        0.014168107071812
          5.200601301985750        0.000000000141250       -0.001747832953736        0.001747833094987
          5.321545518311000        0.000000000187766        0.015872483308103       -0.015872483120337
          5.442489734636251        0.000000000161823        0.019205032708326       -0.019205032546503
          5.563433950961501        0.000000000154276        0.011902527579044       -0.011902527424768
          5.684378167286750        0.000000000215814       -0.007790872667657        0.007790872883471
          5.805322383612000        0.000000000217784       -0.019256312975696        0.019256313193481
          5.926266599937250        0.000000000195025       -0.020268207732254        0.020268207927279
          6.047210816262500        0.000000000216827       -0.003247764294184        0.003247764511011
          6.168155032587750        0.000000000250979        0.013716218991230       -0.013716218740251
          6.289099248913001        0.000000000242270        0.024262048847991       -0.024262048605721
          6.410043465238251        0.000000000233251        0.014493602226292       -0.014493601993040
          6.530987681563500        0.000000000259254       -0.003476541325880        0.003476541585134
          6.651931897888750        0.000000000276159       -0.022212282765397        0.022212283041556
          6.772876114214000        0.000000000267068       -0.022794736278773        0.022794736545841
          6.893820330539250        0.000000000275821       -0.009075461879256        0.009075462155076
          7.014764546864500        0.000000000282544        0.014021111166868       -0.014021110884324
          7.135708763189751        0.000000000288341        0.025557185417431       -0.025557185129091
          7.256652979515001        0.000000000307566        0.020689921887673       -0.020689921580107
          7.377597195840250        0.000000000298868       -0.001256245964041        0.001256246262909
          7.498541412165500        0.000000000282180       -0.021421192847111        0.021421193129290
          7.619485628490750        0.000000000317038       -0.027999714585105        0.027999714902143
          7.740429844816000        0.000000000341728       -0.013013972393847        0.013013972735575
          7.861374061141250        0.000000000285203        0.010854650533726       -0.010854650248523
          7.982318277466501        0.000000000284119        0.028551949484628       -0.028551949200509
          8.103262493791750        0.000000000367448        0.025032412739820       -0.025032412372373
          8.224206710117000        0.000000000328887        0.003878460447410       -0.003878460118523
          8.345150926442249        0.000000000243746       -0.021477618816540        0.021477619060286
          8.466095142767500        0.000000000321243       -0.031257536226141        0.031257536547384
          8.587039359092751        0.000000000372590       -0.019069007055276        0.019069007427866
          8.707983575418000        0.000000000264886        0.007990037486113       -0.007990037221226
          8.828927791743251        0.000000000239196        0.029466317426030       -0.029466317186834
          8.949872008068500        0.000000000347388        0.030576565174212       -0.030576564826824
          9.070816224393750        0.000000000328256        0.008818994373064       -0.008818994044808
          9.191760440718999        0.000000000200876       -0.019393620752110        0.019393620952986
          9.312704657044250        0.000000000245101       -0.034882674251457        0.034882674496558
          9.433648873369501        0.000000000347028       -0.024571558157764        0.024571558504792
          9.554593089694750        0.000000000241445        0.003096722242267       -0.003096722000822
          9.675537306020001        0.000000000169145        0.030223668166380       -0.030223667997235
          9.796481522345250        0.000000000283740        0.034853597915881       -0.034853597632141
          9.917425738670500        0.000000000287345        0.015483401894537       -0.015483401607192
         10.038369954995749        0.000000000175867       -0.017130056109795        0.017130056285662
         10.159314171321000        0.000000000205300       -0.036381944666737        0.036381944872037
         10.280258387646251        0.000000000269529       -0.031394139683317        0.031394139952845
         10.401202603971500        0.000000000227172       -0.001409721271502        0.001409721498673
         10.522146820296751        0.000000000200685        0.028095632411116       -0.028095632210431
         10.643091036622000        0.000000000235565        0.040139936884124       -0.040139936648559
         10.764035252947250        0.000000000242892        0.020684849951563       -0.020684849708671
         10.884979469272501        0.000000000246101       -0.011510406893158        0.011510407139260
         11.005923685597750        0.000000000267625       -0.038877282249308        0.038877282516933
         11.126867901923001        0.000000000243006       -0.035410999408458        0.035410999651464
         11.247812118248250        0.000000000263182       -0.009386656038503        0.009386656301685
         11.368756334573501        0.000000000351619        0.027380981912480       -0.027380981560861
         11.489700550898750        0.000000000312351        0.041333015439549       -0.041333015127198
         11.610644767224001        0.000000000258049        0.029205392805420       -0.029205392547371
         11.731588983549251        0.000000000390653       -0.008159321991179        0.008159322381831
         11.852533199874500        0.000000000451824       -0.036327680597561        0.036327681049385
         11.973477416199751        0.000000000337628       -0.042530786730246        0.042530787067874
         12.094421632525000        0.000000000358955       -0.013942553354440        0.013942553713395
         12.215365848850251        0.000000000542315        0.021163516803673       -0.021163516261358
         12.336310065175500        0.000000000524063        0.045550800799813       -0.045550800275750
         12.457254281500751        0.000000000374045        0.033107121476554       -0.033107121102509
         12.578198497826001        0.000000000514596        0.000657843941420       -0.000657843426824
         12.699142714151250        0.000000000704049       -0.036985104211505        0.036985104915554
         12.820086930476501        0.000000000522289       -0.044050223625830        0.044050224148118
         12.941031146801750        0.000000000473118       -0.023583514119584        0.023583514592703
         13.061975363127001        0.000000000732694        0.018610250500107       -0.018610249767413
         13.182919579452250        0.000000000719945        0.043571563079670       -0.043571562359726
         13.303863795777501        0.000000000547543        0.041592809002762       -0.041592808455219
         13.424808012102751        0.000000000666533        0.005165287246925       -0.005165286580392
         13.545752228428000        0.000000000812440       -0.031284879882548        0.031284880694987
         13.666696444753251        0.000000000719345       -0.049725311992364        0.049725312711709
         13.787640661078500        0.000000000659534       -0.028236560270232        0.028236560929766
         13.908584877403751        0.000000000784942        0.009931050339350       -0.009931049554408
         14.029529093729000        0.000000000827607        0.045492357707351       -0.045492356879744
         14.150473310054251        0.000000000750081        0.044534279832598       -0.044534279082517
         14.271417526379501        0.000000000773885        0.015276664332538       -0.015276663558654
         14.392361742704750        0.000000000820350       -0.029424048341723        0.029424049162073
         14.513305959030001        0.000000000812594       -0.049523448583993        0.049523449396587
         14.634250175355250        0.000000000840258       -0.037807764472779        0.037807765313037
         14.755194391680501        0.000000000814195        0.005205392820196       -0.005205392006000
         14.876138608005750        0.000000000773245        0.041474992656663       -0.041474991883419
         14.997082824331001        0.000000000864322        0.051663203348583       -0.051663202484262
         15.118027040656251        0.000000000900982        0.021185285880930       -0.021185284979948
         15.238971256981500        0.000000000741108       -0.021860077441739        0.021860078182846
         15.359915473306751        0.000000000746545       -0.052840434997123        0.052840435743668
         15.480859689632000        0.000000000963444       -0.042847321736962        0.042847322700406
         15.601803905957251        0.000000000840417       -0.004686096775399        0.004686097615816
         15.722748122282500        0.000000000603093        0.040485441186541       -0.040485440583448
         15.843692338607751        0.000000000839179        0.053926592606986       -0.053926591767807
         15.964636554933001        0.000000000975293        0.031469966410666       -0.031469965435373
         16.085580771258250        0.000000000627170       -0.017141926710103        0.017141927337274
         16.206524987583499        0.000000000595616       -0.051048942413302        0.051048943008918
         16.327469203908752        0.000000000918029       -0.051362447319068        0.051362448237096
         16.448413420234001        0.000000000805826       -0.011501582467115        0.011501583272941
         16.569357636559250        0.000000000480205        0.034350799284992       -0.034350798804786
         16.690301852884499        0.000000000648037        0.058875202941215       -0.058875202293178
         16.811246069209751        0.000000000890790        0.038048540125293       -0.038048539234503
         16.932190285535000        0.000000000589915       -0.007549154052639        0.007549154642555
         17.053134501860249        0.000000000413604       -0.051502491013785        0.051502491427389
         17.174078718185502        0.000000000736203       -0.055308688498567        0.055308689234770
         17.295022934510751        0.000000000733058       -0.022610083482668        0.022610084215726
         17.415967150836000        0.000000000409140        0.030567903186565       -0.030567902777425
         17.536911367161249        0.000000000509299        0.058425144195372       -0.058425143686073
         17.657855583486501        0.000000000697374        0.048189956874783       -0.048189956177409
         17.778799799811750        0.000000000534137       -0.001036292122945        0.001036292657082
         17.899744016136999        0.000000000445879       -0.046029705226184        0.046029705672063
         18.020688232462252        0.000000000558862       -0.062217242218820        0.062217242777682
         18.141632448787501        0.000000000570281       -0.029431272485541        0.029431273055822
         18.262576665112750        0.000000000520781        0.020828599003140       -0.020828598482360
         18.383520881437999        0.000000000545264        0.060719938603448       -0.060719938058184
         18.504465097763251        0.000000000518805        0.052714250261825       -0.052714249743020
         18.625409314088500        0.000000000535940        0.010936637540673       -0.010936637004732
         18.746353530413749        0.000000000669642       -0.043606468274741        0.043606468944383
         18.867297746739002        0.000000000580611       -0.062467286028363        0.062467286608974
         18.988241963064251        0.000000000467026       -0.040896023824652        0.040896024291678
         19.109186179389500        0.000000000713536        0.014952796425286       -0.014952795711750
         19.230130395714749        0.000000000803900        0.055892605552007       -0.055892604748107
         19.351074612040001        0.000000000530327        0.061091358067434       -0.061091357537107
         19.472018828365250        0.000000000596094        0.017930770108649       -0.017930769512555
         19.592963044690499        0.000000000951673       -0.034283194202455        0.034283195154128
         19.713907261015752        0.000000000831899       -0.066095952869477        0.066095953701376
         19.834851477341001        0.000000000545048       -0.046327661020898        0.046327661565946
         19.955795693666250        0.000000000849444        0.002984167352413       -0.002984166502970
         20.076739909991499        0.000000001157973        0.054424689965249       -0.054424688807276
         20.197684126316751        0.000000000770997        0.062767283575929       -0.062767282804933
         20.318628342642000        0.000000000684290        0.029935894661204       -0.029935893976914
         20.439572558967249        0.000000001200225       -0.028750574347073        0.028750575547298
         20.560516775292502        0.000000001136964       -0.062876476860519        0.062876477997483
         20.681460991617751        0.000000000750053       -0.055803047198988        0.055803047949041
         20.802405207943000        0.000000001021478       -0.004462065845441        0.004462066866920
         20.923349424268253        0.000000001318593        0.046439246876240       -0.046439245557646
         21.044293640593501        0.000000001051772        0.067904038068363       -0.067904037016591
         21.165237856918750        0.000000000938972        0.036640373749070       -0.036640372810097
         21.286182073243999        0.000000001230313       -0.017354746350827        0.017354747581140
         21.407126289569252        0.000000001280983       -0.063000384131960        0.063000385412943
         21.528070505894501        0.000000001075029       -0.059373993178586        0.059373994253615
         21.649014722219750        0.000000001132634       -0.017012365885326        0.017012367017960
         21.769958938545003        0.000000001277128        0.042099118008023       -0.042099116730895
         21.890903154870252        0.000000001214286        0.066797726960313       -0.066797725746027
         22.011847371195501        0.000000001203428        0.047797206738624       -0.047797205535195
         22.132791587520749        0.000000001207701       -0.010208191526902        0.010208192734603
         22.253735803846002        0.000000001171021       -0.056801596598241        0.056801597769262
         22.374680020171251        0.000000001266521       -0.066973457857101        0.066973459123622
         22.495624236496500        0.000000001287666       -0.024563033172467        0.024563034460133
         22.616568452821753        0.000000001082327        0.031596479860596       -0.031596478778269
         22.737512669147002        0.000000001109346        0.069550351776991       -0.069550350667644
         22.858456885472251        0.000000001382975        0.053212896511972       -0.053212895128997
         22.979401101797500        0.000000001186532        0.002714099495743       -0.002714098309211
         23.100345318122752        0.000000000868106       -0.054545305982095        0.054545306850201
         23.221289534448001        0.000000001217241       -0.068221184124536        0.068221185341777
         23.342233750773250        0.000000001398045       -0.037319290228102        0.037319291626148
         23.463177967098503        0.000000000842469        0.025394733438872       -0.025394732596403
         23.584122183423752        0.000000000837209        0.065571914789939       -0.065571913952729
         23.705066399749001        0.000000001338194        0.063189895651835       -0.063189894313641
         23.826010616074250        0.000000001088928        0.010695020144443       -0.010695019055515
         23.946954832399502        0.000000000618053       -0.045519881676642        0.045519882294696
         24.067899048724751        0.000000000940151       -0.073473571799326        0.073473572739477
         24.188843265050000        0.000000001238273       -0.044305472298449        0.044305473536722
         24.309787481375253        0.000000000750710        0.012833002109259       -0.012833001358549
         24.430731697700502        0.000000000528490        0.065300962850413       -0.065300962321923
         24.551675914025751        0.000000001018739        0.066600414008746       -0.066600412990008
         24.672620130351000        0.000000000978867        0.024176160571504       -0.024176159592636
         24.793564346676252        0.000000000470434       -0.040313022633002        0.040313023103437
         24.914508563001501        0.000000000645577       -0.071668592752014        0.071668593397592
         25.035452779326750        0.000000000954836       -0.055673290409290        0.055673291364126
         25.156396995652003        0.000000000639013        0.004656454011436       -0.004656453372423
         25.277341211977252        0.000000000484884        0.058024745615285       -0.058024745130401
         25.398285428302501        0.000000000706450        0.073329479812163       -0.073329479105713
         25.519229644627750        0.000000000710190        0.032422979473882       -0.032422978763692
         25.640173860953002        0.000000000566412       -0.028851936343325        0.028851936909737
         25.761118077278251        0.000000000598228       -0.072448714318314        0.072448714916542
         25.882062293603500        0.000000000613051       -0.061070527971948        0.061070528584999
         26.003006509928753        0.000000000605078       -0.008359560301221        0.008359560906299
         26.123950726254002        0.000000000713734        0.053082724319953       -0.053082723606219
         26.244894942579251        0.000000000623300        0.073865528272187       -0.073865527648887
         26.365839158904500        0.000000000505358        0.043746478251319       -0.043746477745960
         26.486783375229752        0.000000000773316       -0.019969949190450        0.019969949963766
         26.607727591555001        0.000000000868696       -0.067546046827321        0.067546047696017
         26.728671807880250        0.000000000514662       -0.067903192953713        0.067903193468376
         26.849616024205503        0.000000000623110       -0.018267205762656        0.018267206385765
         26.970560240530752        0.000000001079714        0.043714284573159       -0.043714283493445
         27.091504456856001        0.000000000849774        0.074675066860176       -0.074675066010402
         27.212448673181250        0.000000000519958        0.051548623992029       -0.051548623472072
         27.333392889506502        0.000000000965448       -0.008463780491164        0.008463781456612
         27.454337105831751        0.000000001253569       -0.062387355547798        0.062387356801367
         27.575281322157000        0.000000000760088       -0.071257575889060        0.071257576649148
         27.696225538482253        0.000000000717860       -0.028884201576287        0.028884202294147
         27.817169754807502        0.000000001351405        0.034175766227655       -0.034175764876249
         27.938113971132751        0.000000001253567        0.072595320655813       -0.072595319402247
         28.059058187458000        0.000000000750049        0.058525818805456       -0.058525818055408
         28.180002403783252        0.000000001121545        0.002716684423898       -0.002716683302353
         28.300946620108501        0.000000001533544       -0.055361019121778        0.055361020655322
         28.421890836433750        0.000000001103696       -0.072923631490770        0.072923632594466
         28.542835052759003        0.000000000975197       -0.038614816966853        0.038614817942049
         28.663779269084252        0.000000001444610        0.023997461711435       -0.023997460266825
         28.784723485409501        0.000000001453655        0.068668594390599       -0.068668592936945
         28.905667701734750        0.000000001135936        0.064272940120372       -0.064272938984437
         29.026611918060002        0.000000001263587        0.013412274531688       -0.013412273268101
         29.147556134385251        0.000000001493726       -0.046913682724213        0.046913684217939
         29.268500350710500        0.000000001360178       -0.073306307559861        0.073306308920039
         29.389444567035753        0.000000001291230       -0.047117350858615        0.047117352149845
         29.510388783361002        0.000000001385134        0.013206197140261       -0.013206195755127
         29.631332999686251        0.000000001380355        0.063630588992396       -0.063630587612041
         29.752277216011500        0.000000001396638        0.068545874608620       -0.068545873211982
         29.873221432336752        0.000000001408452        0.023783649511567       -0.023783648103116
         29.994165648662001        0.000000001263929       -0.037660631827518        0.037660633091447
         30.115109864987250        0.000000001306179       -0.072412563389548        0.072412564695727
         30.236054081312503        0.000000001503077       -0.054446206102416        0.054446207605493
         30.356998297637752        0.000000001298859        0.001973877336390       -0.001973876037531
         30.477942513963001        0.000000001055302        0.057850767235562       -0.057850766180260
         30.598886730288250        0.000000001357979        0.071012157995064       -0.071012156637086
         30.719830946613502        0.000000001480183        0.034237689775402       -0.034237688295219
         30.840775162938751        0.000000000978811       -0.028443937290370        0.028443938269181
         30.961719379264000        0.000000000978194       -0.069365200890692        0.069365201868886
         31.082663595589253        0.000000001465326       -0.061561291231549        0.061561292696875
         31.203607811914502        0.000000001165603       -0.008302896614070        0.008302897779673
         31.324552028239751        0.000000000685979        0.049931089090128       -0.049931088404148
         31.445496244565000        0.000000001061285        0.073080275570729       -0.073080274509444
         31.566440460890252        0.000000001301958        0.042841025912579       -0.042841024610621
         31.687384677215501        0.000000000754005       -0.017540147463283        0.017540148217288
         31.808328893540750        0.000000000621168       -0.065906290428532        0.065906291049700
         31.929273109866003        0.000000001086629       -0.066182578043524        0.066182579130153
         32.050217326191252        0.000000000968815       -0.019386970325861        0.019386971294676
         32.171161542516501        0.000000000471023        0.041822174131156       -0.041822173660133
         32.292105758841750        0.000000000651740        0.072482407589727       -0.072482406937987
         32.413049975166999        0.000000000949479        0.051119107882991       -0.051119106933512
         32.533994191492248        0.000000000603844       -0.006915471143622        0.006915471747466
         32.654938407817504        0.000000000422902       -0.060238972027245        0.060238972450147
         32.775882624142753        0.000000000691031       -0.069378956281471        0.069378956972502
         32.896826840468002        0.000000000674405       -0.029640254764553        0.029640255438959
         33.017771056793251        0.000000000456759        0.032651317805551       -0.032651317348792
         33.138715273118500        0.000000000502291        0.069647198511009       -0.069647198008717
         33.259659489443749        0.000000000558705        0.058250724413086       -0.058250723854381
         33.380603705768998        0.000000000513258        0.003056475941881       -0.003056475428624
         33.501547922094254        0.000000000551403       -0.051973230019458        0.051973230570861
         33.622492138419503        0.000000000503184       -0.071647614453575        0.071647614956759
         33.743436354744752        0.000000000435251       -0.037330781979331        0.037330782414582
         33.864380571070001        0.000000000617040        0.020999831344702       -0.020999830727662
         33.985324787395250        0.000000000691132        0.066755068778451       -0.066755068087319
         34.106269003720499        0.000000000418970        0.061191771127046       -0.061191770708075
         34.227213220045748        0.000000000514610        0.015101241356258       -0.015101240841648
         34.348157436371004        0.000000000895368       -0.045113296403513        0.045113297298881
         34.469101652696253        0.000000000667479       -0.068719074374900        0.068719075042379
         34.590045869021502        0.000000000410298       -0.046772137374203        0.046772137784501
         34.710990085346751        0.000000000865346        0.012567031589780       -0.012567030724434
         34.831934301672000        0.000000001045338        0.058387900870255       -0.058387899824916
         34.952878517997249        0.000000000625524        0.065970876515314       -0.065970875889790
         35.073822734322498        0.000000000670196        0.022189149629489       -0.022189148959294
         35.194766950647754        0.000000001178051       -0.033139162057749        0.033139163235800
         35.315711166973003        0.000000001058182       -0.068220183114073        0.068220184172255
         35.436655383298252        0.000000000679304       -0.050028195504487        0.050028196183791
         35.557599599623501        0.000000001019475       -0.000266708991607        0.000266710011082
         35.678543815948750        0.000000001402503        0.053451281826149       -0.053451280423646
         35.799488032273999        0.000000000999294        0.064058262490232       -0.064058261490938
         35.920432248599248        0.000000000903979        0.033019843097706       -0.033019842193727
         36.041376464924504        0.000000001372924       -0.025782332826403        0.025782334199326
         36.162320681249753        0.000000001339216       -0.061192705629897        0.061192706969113
         36.283264897575002        0.000000001030439       -0.056727065585369        0.056727066615808
         36.404209113900251        0.000000001221711       -0.007420656668277        0.007420657889987
         36.525153330225500        0.000000001436006        0.042623016058988       -0.042623014622982
         36.646097546550749        0.000000001284784        0.065715108923594       -0.065715107638810
         36.767041762875998        0.000000001209053        0.037515381032827       -0.037515379823774
         36.887985979201254        0.000000001346011       -0.013377706110783        0.013377707456794
         37.008930195526503        0.000000001361008       -0.058175660443093        0.058175661804101
         37.129874411851752        0.000000001306228       -0.056945763895410        0.056945765201638
         37.250818628177001        0.000000001318402       -0.018838064407257        0.018838065725659
         37.371762844502250        0.000000001272871        0.036389584863883       -0.036389583591012
         37.492707060827499        0.000000001284737        0.061189051532010       -0.061189050247273
         37.613651277152748        0.000000001363976        0.045728400435741       -0.045728399071765
         37.734595493478004        0.000000001231286       -0.006117315743054        0.006117316974340
         37.855539709803253        0.000000001114535       -0.049577042227568        0.049577043342103
         37.976483926128502        0.000000001280885       -0.060618193543825        0.060618194824711
         38.097428142453751        0.000000001295523       -0.024732665954933        0.024732667250455
         38.218372358779000        0.000000000995156        0.025348078431713       -0.025348077436558
         38.339316575104249        0.000000000977765        0.060109070043184       -0.060109069065418
         38.460260791429498        0.000000001255365        0.048272036124739       -0.048272034869374
         38.581205007754754        0.000000001043072        0.005135240722019       -0.005135239678947
         38.702149224080003        0.000000000714928       -0.044650411871571        0.044650412586499
         38.823093440405252        0.000000000970841       -0.058703875485745        0.058703876456585
         38.944037656730501        0.000000001088035       -0.033905319755203        0.033905320843238
         39.064981873055750        0.000000000646728        0.018426353001967       -0.018426352355239
         39.185926089380999        0.000000000591497        0.053733172517720       -0.053733171926224
         39.306870305706248        0.000000000873620        0.053630175279092       -0.053630174405472
         39.427814522031504        0.000000000721135        0.011648983568911       -0.011648982847777
         39.548758738356753        0.000000000401331       -0.034914636320194        0.034914636721525
         39.669702954682002        0.000000000524483       -0.059520463091704        0.059520463616186
         39.790647171007251        0.000000000665447       -0.037684174902209        0.037684175567656
         39.911591387332500        0.000000000407230        0.007327993137560       -0.007327992730331
         40.032535603657749        0.000000000253146        0.050458281712970       -0.050458281459824
         40.153479819982998        0.000000000436619        0.053086272849619       -0.053086272412999
         40.274424036308254        0.000000000401953        0.021700942692145       -0.021700942290191
         40.395368252633503        0.000000000210846       -0.029095391852532        0.029095392063379
         40.516312468958752        0.000000000242198       -0.054242178674016        0.054242178916214
         40.637256685284001        0.000000000293603       -0.044579117407840        0.044579117701444
         40.758200901609250        0.000000000220941        0.001251729233136       -0.001251729012195
         40.879145117934499        0.000000000210756        0.041303344722732       -0.041303344511976
         41.000089334259748        0.000000000202439        0.055637860474264       -0.055637860271825
         41.121033550585004        0.000000000174396        0.025640860132722       -0.025640859958326
         41.241977766910253        0.000000000245331       -0.017996275296177        0.017996275541508
         41.362921983235502        0.000000000269563       -0.052504605872763        0.052504606142326
         41.483866199560751        0.000000000154847       -0.044637326554260        0.044637326709108
         41.604810415886000        0.000000000211530       -0.009309872031291        0.009309872242821
         41.725754632211249        0.000000000421505        0.036521099250719       -0.036521098829215
         41.846698848536505        0.000000000301899        0.051214428095493       -0.051214427793594
         41.967643064861754        0.000000000191864        0.033382454356751       -0.033382454164887
         42.088587281187003        0.000000000455961       -0.012273668947753        0.012273669403714
         42.209531497512252        0.000000000547606       -0.044263443286874        0.044263443834479
         42.330475713837501        0.000000000319497       -0.048185718258506        0.048185718578003
         42.451419930162750        0.000000000419905       -0.013638288955050        0.013638289374955
         42.572364146487999        0.000000000698749        0.026152746142427       -0.026152745443678
         42.693308362813255        0.000000000638063        0.050438065160303       -0.050438064522240
         42.814252579138504        0.000000000472551        0.034470198921003       -0.034470198448452
         42.935196795463753        0.000000000692799       -0.002010930335672        0.002010931028471
         43.056141011789002        0.000000000883973       -0.040223474361780        0.040223475245753
         43.177085228114251        0.000000000694913       -0.045200215504329        0.045200216199241
         43.298029444439500        0.000000000670760       -0.021696723520133        0.021696724190893
         43.418973660764749        0.000000000972395        0.020745464589137       -0.020745463616742
         43.539917877090005        0.000000000950518        0.043691929337344       -0.043691928386827
         43.660862093415254        0.000000000796889        0.038965704161781       -0.038965703364892
         43.781806309740503        0.000000000933935        0.002588318427831       -0.002588317493895
         43.902750526065752        0.000000001062911       -0.030994747397623        0.030994748460534
         44.023694742391001        0.000000000966365       -0.045826105845959        0.045826106812324
         44.144638958716250        0.000000000949675       -0.023664341398758        0.023664342348433
         44.265583175041499        0.000000001046112        0.010883590793919       -0.010883589747807
         44.386527391366755        0.000000001063161        0.041158557412846       -0.041158556349685
         44.507471607692004        0.000000001012975        0.037301272778539       -0.037301271765564
         44.628415824017253        0.000000001024645        0.011180641865570       -0.011180640840925
         44.749360040342502        0.000000001027906       -0.026759343824644        0.026759344852550
         44.870304256667751        0.000000001016790       -0.040521684196144        0.040521685212934
         44.991248472993000        0.000000001026433       -0.029535012966603        0.029535013993037
         45.112192689318249        0.000000000965560        0.006748633513257       -0.006748632547697
         45.233136905643505        0.000000000920622        0.033102847028884       -0.033102846108261
         45.354081121968754        0.000000000955133        0.039786992520675       -0.039786991565542
         45.475025338294003        0.000000000929876        0.013534348812893       -0.013534347883017
         45.595969554619252        0.000000000803440       -0.017459571790592        0.017459572594031
         45.716913770944501        0.000000000785562       -0.039838191424432        0.039838192209994
         45.837857987269750        0.000000000840943       -0.028954505326778        0.028954506167721
         45.958802203594999        0.000000000733580       -0.002050674184863        0.002050674918444
         46.079746419920255        0.000000000563627        0.030242074041133       -0.030242073477506
         46.200690636245504        0.000000000640015        0.035900342926870       -0.035900342286855
         46.321634852570753        0.000000000636375        0.020292347982930       -0.020292347346556
         46.442579068896002        0.000000000428574       -0.013930549590496        0.013930550019070
         46.563523285221251        0.000000000383076       -0.033101448814972        0.033101449198049
         46.684467501546500        0.000000000460841       -0.032715537631394        0.032715538092235
         46.805411717871749        0.000000000323955       -0.004594589688022        0.004594590011977
         46.926355934197005        0.000000000182702        0.021814561569724       -0.021814561387022
         47.047300150522254        0.000000000187991        0.036517932072375       -0.036517931884384
         47.168244366847503        0.000000000195481        0.020489390506972       -0.020489390311491
         47.289188583172752        0.000000000060283       -0.005395772233548        0.005395772293831
         47.410132799498001       -0.000000000020505       -0.031253402388696        0.031253402368191
         47.531077015823250        0.000000000008215       -0.029872118205744        0.029872118213959
         47.652021232148499       -0.000000000033659       -0.011636345901757        0.011636345868098
         47.772965448473755       -0.000000000149362        0.018814362444223       -0.018814362593585
         47.893909664799004       -0.000000000152989        0.030796706809660       -0.030796706962649
         48.014853881124253       -0.000000000152490        0.024857574623000       -0.024857574775490
         48.135798097449502       -0.000000000203993       -0.002840745694745        0.002840745490752
         48.256742313774751       -0.000000000227380       -0.023635479369901        0.023635479142520
         48.377686530100000       -0.000000000231050       -0.031142151694829        0.031142151463779
         48.498630746425249       -0.000000000244028       -0.012333057872014        0.012333057627986
         48.619574962750505       -0.000000000233899        0.010824600940901       -0.010824601174801
         48.740519179075754       -0.000000000223350        0.029397755685968       -0.029397755909318
         48.861463395401003       -0.000000000242550        0.022882583517195       -0.022882583759745
         48.982407611726252       -0.000000000213351        0.003881647839047       -0.003881648052398
         49.103351828051501       -0.000000000151573       -0.020719106891117        0.020719106739544
         49.224296044376750       -0.000000000158683       -0.026521288783537        0.026521288624854
         49.345240260701999       -0.000000000163916       -0.016535540260182        0.016535540096266
         49.466184477027255       -0.000000000055659        0.007910262431561       -0.007910262487219
         49.587128693352504       -0.000000000010207        0.022951122599049       -0.022951122609257
         49.708072909677753       -0.000000000030780        0.024062007810292       -0.024062007841072
         49.829017126003002        0.000000000035576        0.005357409777665       -0.005357409742089
         49.949961342328251        0.000000000141564       -0.013798098224595        0.013798098366159
         50.070905558653500        0.000000000151232       -0.025053916505962        0.025053916657195
         50.191849774978749        0.000000000170262       -0.015655802685884        0.015655802856146
         50.312793991304005        0.000000000263717        0.001965945028240       -0.001965944764523
         50.433738207629254        0.000000000352119        0.019934976343576       -0.019934975991457
         50.554682423954503        0.000000000347347        0.020664901847977       -0.020664901500630
         50.675626640279752        0.000000000388907        0.009214852850812       -0.009214852461904
         50.796570856605001        0.000000000490798       -0.010706452741337        0.010706453232135
         50.917515072930250        0.000000000524407       -0.019726730588353        0.019726731112760
         51.038459289255499        0.000000000521409       -0.016983457455082        0.016983457976491
         51.159403505580755        0.000000000598468        0.000199762746978       -0.000199762148510
         51.280347721906004        0.000000000651399        0.013779047404320       -0.013779046752921
         51.401291938231253        0.000000000658864        0.019777310945557       -0.019777310286693
         51.522236154556502        0.000000000680054        0.008721013548846       -0.008721012868792
         51.643180370881751        0.000000000723095       -0.004977849055180        0.004977849778275
         51.764124587207000        0.000000000738984       -0.017556360967850        0.017556361706834
         51.885068803532249        0.000000000742878       -0.013988964354731        0.013988965097609
         52.006013019857505        0.000000000753596       -0.004067519458174        0.004067520211770
         52.126957236182754        0.000000000762976        0.011574188164332       -0.011574187401356
         52.247901452508003        0.000000000758264        0.014743893974625       -0.014743893216361
         52.368845668833252        0.000000000751000        0.011000182846679       -0.011000182095680
         52.489789885158501        0.000000000736424       -0.003933899760432        0.003933900496856
         52.610734101483750        0.000000000717131       -0.011458534696638        0.011458535413769
         52.731678317808999        0.000000000702084       -0.014371491257771        0.014371491959854
         52.852622534134255        0.000000000667770       -0.003130101003286        0.003130101671056
         52.973566750459504        0.000000000633039        0.005596742994429       -0.005596742361390
         53.094510966784753        0.000000000592314        0.013877566172698       -0.013877565580384
         53.215455183110002        0.000000000561258        0.007841405006016       -0.007841404444758
         53.336399399435251        0.000000000508267        0.000871751664965       -0.000871751156699
         53.457343615760500        0.000000000453277       -0.010333686334959        0.010333686788236
         53.578287832085749        0.000000000404907       -0.009361475924841        0.009361476329748
         53.699232048411005        0.000000000359580       -0.006126353867098        0.006126354226678
         53.820176264736254        0.000000000278527        0.005258776627418       -0.005258776348892
         53.941120481061503        0.000000000228861        0.007871815006291       -0.007871814777430
         54.062064697386752        0.000000000169787        0.008964586382515       -0.008964586212728
         54.183008913712001        0.000000000105120       -0.000375104027175        0.000375104132295
         54.303953130037250        0.000000000036868       -0.004422424918191        0.004422424955059
         54.424897346362499       -0.000000000015460       -0.009111820165625        0.009111820150164
         54.545841562687755       -0.000000000083092       -0.002975075893874        0.002975075810781
         54.666785779013004       -0.000000000136933        0.000462450825168       -0.000462450962102
         54.787729995338253       -0.000000000200428        0.007144353906649       -0.007144354107077
         54.908674211663502       -0.000000000246782        0.004165410698661       -0.004165410945443
         55.029618427988751       -0.000000000298093        0.002637007635170       -0.002637007933263
         55.150562644314000       -0.000000000341453       -0.004226009028101        0.004226008686648
         55.271506860639249       -0.000000000383302       -0.003432640314236        0.003432639930935
         55.392451076964505       -0.000000000413554       -0.004069869806048        0.004069869392494
         55.513395293289754       -0.000000000445167        0.001597981180633       -0.001597981625800
         55.634339509615003       -0.000000000465059        0.001639443276426       -0.001639443741485
         55.755283725940252       -0.000000000481115        0.003765738904237       -0.003765739385352
         55.876227942265501       -0.000000000489544       -0.000172133456858        0.000172132967314
         55.997172158590750       -0.000000000490947        0.000071756034952       -0.000071756525899
         56.118116374915999       -0.000000000486030       -0.002381098254975        0.002381097768944
         56.239060591241255       -0.000000000473400        0.000175680015622       -0.000175680489022
         56.360004807566504       -0.000000000455570       -0.000801907517413        0.000801907061843
         56.480949023891753       -0.000000000428774        0.000921713027463       -0.000921713456237
         56.601893240217002       -0.000000000398985       -0.001178668733575        0.001178668334590
         56.722837456542251       -0.000000000359379        0.000186780129046       -0.000186780488425
         56.843781672867500       -0.000000000319039       -0.000368306399048        0.000368306080009
         56.964725889192749       -0.000000000268699        0.002250023388099       -0.002250023656798
         57.085670105518005       -0.000000000218048        0.001402424343709       -0.001402424561756
         57.206614321843254       -0.000000000161132        0.001193407072271       -0.001193407233403
         57.327558538168503       -0.000000000103018       -0.002439236542893        0.002439236439875
         57.448502754493752       -0.000000000039056       -0.003086816008753        0.003086815969697
         57.569446970819001        0.000000000019921       -0.003223366727534        0.003223366747455
         57.690391187144250        0.000000000089540        0.001120727202543       -0.001120727113002
         57.811335403469499        0.000000000153802        0.003758830241001       -0.003758830087199
         57.932279619794755        0.000000000217535        0.005598377067241       -0.005598376849706
         58.053223836120004        0.000000000281305        0.001621771940497       -0.001621771659192
         58.174168052445253        0.000000000347180       -0.002622849608610        0.002622849955790
         58.295112268770502        0.000000000404467       -0.007164410688469        0.007164411092936
         58.416056485095751        0.000000000463000       -0.005037624418758        0.005037624881759
         58.537000701421000        0.000000000516325       -0.000524026503219        0.000524027019544
         58.657944917746249        0.000000000573540        0.006827442536287       -0.006827441962747
         58.778889134071505        0.000000000616576        0.007835758036352       -0.007835757419776
         58.899833350396754        0.000000000656564        0.005033939730136       -0.005033939073572
         59.020777566722003        0.000000000698344       -0.004091461624007        0.004091462322351
         59.141721783047252        0.000000000731930       -0.008706185108430        0.008706185840360
         59.262665999372501        0.000000000753623       -0.009620738435415        0.009620739189038
         59.383610215697750        0.000000000778906       -0.000752933742833        0.000752934521739
         59.504554432022999        0.000000000794823        0.006718467607214       -0.006718466812390
         59.625498648348255        0.000000000804149        0.012640565635358       -0.012640564831210
         59.746442864673504        0.000000000809975        0.006515324102565       -0.006515323292590
         59.867387080998753        0.000000000805728       -0.001814653834560        0.001814654640288
         59.988331297324002        0.000000000795262       -0.012710700557145        0.012710701352407
         60.109275513649251        0.000000000788113       -0.011471433181019        0.011471433969132
         60.230219729974500        0.000000000772120       -0.005114065550398        0.005114066322518
         60.351163946299749        0.000000000728437        0.009137047468190       -0.009137046739753
         60.472108162625005        0.000000000707640        0.013779537966369       -0.013779537258729
         60.593052378950254        0.000000000686781        0.012282223553139       -0.012282222866358
         60.713996595275503        0.000000000628693       -0.002344589491910        0.002344590120603
         60.834940811600752        0.000000000572230       -0.012163790744258        0.012163791316488
         60.955885027926001        0.000000000551139       -0.017540221835241        0.017540222386380
         61.076829244251250        0.000000000495233       -0.006168679861871        0.006168680357103
         61.197773460576499        0.000000000417188        0.006338917667776       -0.006338917250587
         61.318717676901755        0.000000000352749        0.018927488329036       -0.018927487976287
         61.439661893227004        0.000000000330740        0.014068598548421       -0.014068598217681
         61.560606109552253        0.000000000254897        0.002655283171665       -0.002655282916768
         61.681550325877502        0.000000000153258       -0.015403340742346        0.015403340895604
         61.802494542202751        0.000000000123904       -0.018891251246374        0.018891251370278
         61.923438758528000        0.000000000095324       -0.012661228683722        0.012661228779046
         62.044382974853249       -0.000000000026914        0.007224694691955       -0.007224694718869
         62.165327191178505       -0.000000000082829        0.018718127529693       -0.018718127612522
         62.286271407503754       -0.000000000091267        0.020841253097470       -0.020841253188737
         62.407215623829003       -0.000000000160396        0.003863916141126       -0.003863916301521
         62.528159840154252       -0.000000000243016       -0.012924722011607        0.012924721768591
         62.649104056479501       -0.000000000259512       -0.024559269042617        0.024559268783105
         62.770048272804750       -0.000000000277982       -0.015054652419208        0.015054652141225
         62.890992489129999       -0.000000000332872        0.002451958366320       -0.002451958699192
         63.011936705455255       -0.000000000372801        0.022127324034861       -0.022127324407662
         63.132880921780504       -0.000000000366928        0.023125187428579       -0.023125187795507
         63.253825138105753       -0.000000000377388        0.010198418269728       -0.010198418647116
         63.374769354431002       -0.000000000394784       -0.013513592865036        0.013513592470252
         63.495713570756251       -0.000000000387654       -0.025464234495282        0.025464234107628
         63.616657787081500       -0.000000000380283       -0.021645984761085        0.021645984380802
         63.737602003406749       -0.000000000356625        0.000442512611560       -0.000442512968185
         63.858546219732006       -0.000000000318926        0.020808338782767       -0.020808339101693
         63.979490436057254       -0.000000000308277        0.028473423286234       -0.028473423594511
         64.100434652382503       -0.000000000280674        0.013836955755529       -0.013836956036203
         64.221378868707745       -0.000000000197284       -0.009834930754063        0.009834930556780
         64.342323085033001       -0.000000000145146       -0.028334569335499        0.028334569190353
         64.463267301358258       -0.000000000142031       -0.025486176561522        0.025486176419491
         64.584211517683499       -0.000000000066425       -0.004961568815141        0.004961568748716
         64.705155734008756        0.000000000070386        0.020601724994996       -0.020601724924610
         64.826099950333997        0.000000000090697        0.031052420510070       -0.031052420419373
         64.947044166659254        0.000000000093962        0.019735780828850       -0.019735780734889
         65.067988382984495        0.000000000257663       -0.006785087678207        0.006785087935870
         65.188932599309751        0.000000000366968       -0.028581728881663        0.028581729248632
         65.309876815635008        0.000000000324694       -0.030428165481241        0.030428165805935
         65.430821031960249        0.000000000416756       -0.009839398995902        0.009839399412658
         65.551765248285506        0.000000000600217        0.018130121327344       -0.018130120727127
         65.672709464610747        0.000000000617557        0.033791188164976       -0.033791187547419
         65.793653680936004        0.000000000606108        0.024918617724821       -0.024918617118713
         65.914597897261245        0.000000000747188       -0.001996204047374        0.001996204794562
         66.035542113586502        0.000000000864875       -0.028431210270051        0.028431211134925
         66.156486329911758        0.000000000837779       -0.034302401680136        0.034302402517915
         66.277430546236999        0.000000000868074       -0.015873762498215        0.015873763366288
         66.398374762562256        0.000000001008916        0.015160443829602       -0.015160442820686
         66.519318978887497        0.000000001041917        0.035067065663587       -0.035067064621670
         66.640263195212754        0.000000001013421        0.030757583131844       -0.030757582118423
         66.761207411537995        0.000000001080267        0.002956068532695       -0.002956067452428
         66.882151627863252        0.000000001136204       -0.026458165220504        0.026458166356708
         67.003095844188508        0.000000001128913       -0.038526791696303        0.038526792825216
         67.124040060513749        0.000000001144324       -0.021391724348123        0.021391725492448
         67.244984276839006        0.000000001150344        0.010097058821478       -0.010097057671134
         67.365928493164247        0.000000001138728        0.036647324295562       -0.036647323156834
         67.486872709489504        0.000000001171524        0.035188500545970       -0.035188499374446
         67.607816925814745        0.000000001158413        0.010149579886649       -0.010149578728236
         67.728761142140002        0.000000001062007       -0.025028345732728        0.025028346794735
         67.849705358465258        0.000000001082074       -0.040389810679056        0.040389811761131
         67.970649574790500        0.000000001145275       -0.029160120616962        0.029160121762237
         68.091593791115756        0.000000000993275        0.006100392214668       -0.006100391221392
         68.212538007440997        0.000000000888860        0.035010520666539       -0.035010519777680
         68.333482223766254        0.000000000999271        0.041764087981745       -0.041764086982474
         68.454426440091495        0.000000000954983        0.015500739367764       -0.015500738412781
         68.575370656416752        0.000000000721602       -0.019786835346850        0.019786836068452
         68.696314872742008        0.000000000710623       -0.044248429779689        0.044248430490312
         68.817259089067250        0.000000000830028       -0.034152280075308        0.034152280905336
         68.938203305392506        0.000000000653150       -0.001901201842485        0.001901202495635
         69.059147521717748        0.000000000411223        0.035287899276394       -0.035287898865171
         69.180091738043004        0.000000000539423        0.044639205466123       -0.044639204926699
         69.301035954368245        0.000000000581198        0.024589223695955       -0.024589223114757
         69.421980170693502        0.000000000261078       -0.016567193018898        0.016567193279976
         69.542924387018758        0.000000000197049       -0.043712024979498        0.043712025176547
         69.663868603344000        0.000000000376425       -0.042230926871859        0.042230927248285
         69.784812819669256        0.000000000215596       -0.007519500371888        0.007519500587484
         69.905757035994498       -0.000000000014558        0.030924749666920       -0.030924749681478
         70.026701252319754        0.000000000073689        0.049765276223840       -0.049765276150151
         70.147645468644996        0.000000000126370        0.030745766270770       -0.030745766144400
         70.268589684970252       -0.000000000058969       -0.009068655822935        0.009068655763966
         70.389533901295508       -0.000000000129588       -0.044651222448298        0.044651222318711
         70.510478117620750       -0.000000000038183       -0.046857890251442        0.046857890213259
         70.631422333946006       -0.000000000068908       -0.016435701612312        0.016435701543404
         70.752366550271248       -0.000000000156014        0.027526938585341       -0.027526938741355
         70.873310766596504       -0.000000000133791        0.051225845757779       -0.051225845891569
         70.994254982921746       -0.000000000117379        0.038785512494216       -0.038785512611595
         71.115199199247002       -0.000000000111378       -0.002383654162290        0.002383654050912
         71.236143415572258       -0.000000000061998       -0.042238309428052        0.042238309366055
         71.357087631897500       -0.000000000095942       -0.051848042084295        0.051848041988354
         71.478031848222756       -0.000000000092131       -0.024413738770872        0.024413738678741
         71.598976064547998        0.000000000072202        0.021705641948458       -0.021705641876255
         71.719920280873254        0.000000000104011        0.051755293830558       -0.051755293726547
         71.840864497198496       -0.000000000006481        0.045724000496802       -0.045724000503283
         71.961808713523752        0.000000000134318        0.005277743689706       -0.005277743555388
         72.082752929849008        0.000000000378662       -0.038053884403300        0.038053884781963
         72.203697146174250        0.000000000279525       -0.055793906120917        0.055793906400442
         72.324641362499506        0.000000000194487       -0.031691381460001        0.031691381654488
         72.445585578824748        0.000000000533343        0.013805397064614       -0.013805396531271
         72.566529795150004        0.000000000693753        0.051666321353997       -0.051666320660244
