#  GS molecular orbital populations, spin channel : 1
#          time (fs)            |   population (orb 1)       |    population (orb 2)      |           ...              |    population (orb N)      |
          0.118525331998745            1.999954183248577            0.000000155127412  
          0.239469548323995            1.999956266733885            0.000000544973714  
          0.360413764649245            1.999957782108249            0.000001978120514  
          0.481357980974495            1.999962384051740            0.000000775523807  
          0.602302197299745            1.999965251633145            0.000001725641433  
          0.723246413624995            1.999967071656230            0.000004096910202  
          0.844190629950245            1.999975077442684            0.000000622007410  
          0.965134846275495            1.999973527352348            0.000006987507657  
          1.086079062600745            1.999976828724615            0.000008723532938  
          1.207023278925995            1.999989536484426            0.000001238484892  
          1.327967495251245            1.999982697749102            0.000013409487596  
          1.448911711576495            1.999991550704877            0.000009925992211  
          1.569855927901745            2.000003914593984            0.000002941586302  
          1.690800144226995            1.999984858316495            0.000027295433034  
          1.811744360552245            2.000004226434795            0.000013068075467  
          1.932688576877495            2.000014972801571            0.000007304866109  
          2.053632793202745            1.999987494432703            0.000039497638405  
          2.174577009527995            2.000019315144915            0.000012058605791  
          2.295521225853245            2.000015629802252            0.000019838233009  
          2.416465442178495            1.999979305545593            0.000059823317351  
          2.537409658503745            2.000029704481014            0.000012627519186  
          2.658353874828995            2.000006773227577            0.000038397645872  
          2.779298091154245            1.999973044959077            0.000074395672752  
          2.900242307479495            2.000036843925156            0.000012362177566  
          3.021186523804745            1.999977149174711            0.000073430105581  
          3.142130740129995            1.999957347848543            0.000093940425107  
          3.263074956455245            2.000033380138485            0.000018158021854  
          3.384019172780495            1.999937576247205            0.000113810311362  
          3.504963389105745            1.999949881486285            0.000100648158180  
          3.625907605430995            2.000011920854011            0.000037419792010  
          3.746851821756245            1.999877104843897            0.000170632102591  
          3.867796038081495            1.999940993974521            0.000104476903315  
          3.988740254406745            1.999968606006203            0.000074435609060  
          4.109684470731995            1.999819113944175            0.000221049403016  
          4.230628687057245            1.999945138995617            0.000091625086511  
          4.351572903382495            1.999893117470734            0.000140234088117  
          4.472517119707745            1.999754213462716            0.000275245475216  
          4.593461336032996            1.999948194598645            0.000077092828503  
          4.714405552358246            1.999801783083166            0.000219393311073  
          4.835349768683495            1.999711583339541            0.000305016452204  
          4.956293985008745            1.999945259315699            0.000066787056899  
          5.077238201333995            1.999694676544102            0.000312849983087  
          5.198182417659245            1.999685035138964            0.000317622785181  
          5.319126633984495            1.999917597181017            0.000080505455796  
          5.440070850309746            1.999602001317288            0.000391469397203  
          5.561015066634996            1.999699936729956            0.000288799568207  
          5.681959282960245            1.999857372515572            0.000127141091570  
          5.802903499285495            1.999519340603514            0.000460748293304  
          5.923847715610745            1.999739441417801            0.000236479847753  
          6.044791931935995            1.999774309981132            0.000198002378854  
          6.165736148261245            1.999472441085773            0.000496001354307  
          6.286680364586495            1.999796417939205            0.000168814191393  
          6.407624580911745            1.999677021766338            0.000285447794256  
          6.528568797236995            1.999457589291612            0.000501931672834  
          6.649513013562244            1.999842269511413            0.000115307879384  
          6.770457229887494            1.999586381144756            0.000369474080747  
          6.891401446212745            1.999488339037703            0.000465826634592  
          7.012345662537995            1.999865104983130            0.000088575786070  
          7.133289878863245            1.999508029778996            0.000445130778486  
          7.254234095188495            1.999550504070486            0.000402479687619  
          7.375178311513745            1.999857754385742            0.000096266221663  
          7.496122527838994            1.999453955751028            0.000500857984959  
          7.617066744164244            1.999634333384416            0.000321920806063  
          7.738010960489495            1.999822343735418            0.000136398237541  
          7.858955176814745            1.999425094551697            0.000535769152424  
          7.979899393139995            1.999724101523365            0.000239732257020  
          8.100843609465246            1.999764137738863            0.000203441969993  
          8.221787825790495            1.999416441800970            0.000554461777384  
          8.342732042115745            1.999805439865060            0.000169685795757  
          8.463676258440994            1.999692823987594            0.000287009466053  
          8.584620474766245            1.999427774066872            0.000556285774335  
          8.705564691091494            1.999868144463511            0.000120959603123  
          8.826508907416745            1.999607799628591            0.000386587115121  
          8.947453123741996            1.999448474906289            0.000550580840160  
          9.068397340067245            1.999897378672701            0.000107040994369  
          9.189341556392495            1.999516672670613            0.000493142298305  
          9.310285772717744            1.999494035964104            0.000520330744840  
          9.431229989042995            1.999880545151201            0.000139018506448  
          9.552174205368244            1.999401454430819            0.000623109555794  
          9.673118421693495            1.999551560835675            0.000476886190274  
          9.794062638018746            1.999809231315169            0.000223845778731  
          9.915006854343995            1.999283656123899            0.000753515474586  
         10.035951070669245            1.999632645350581            0.000407304596584  
         10.156895286994494            1.999661689338168            0.000382029245624  
         10.277839503319745            1.999153412319539            0.000893049169871  
         10.398783719644994            1.999703820637605            0.000344092518795  
         10.519727935970245            1.999443228412185            0.000607386451589  
         10.640672152295496            1.999071326122346            0.000980360303435  
         10.761616368620745            1.999759732613108            0.000292082914213  
         10.882560584945995            1.999123127833911            0.000930157559044  
         11.003504801271244            1.999022860485370            0.001029711735955  
         11.124449017596495            1.999764889240689            0.000286700042580  
         11.245393233921744            1.998762011953237            0.001289676558202  
         11.366337450246995            1.999060756519138            0.000988551757721  
         11.487281666572246            1.999695551769738            0.000351951575662  
         11.608225882897495            1.998367835019493            0.001678290006074  
         11.729170099222745            1.999112319111052            0.000930113275648  
         11.850114315547994            1.999519393391765            0.000520684896545  
         11.971058531873245            1.998110070513389            0.001927151583399  
         12.092002748198494            1.999205683395789            0.000827038949097  
         12.212946964523745            1.999164724384662            0.000865230808095  
         12.333891180848996            1.997980785555663            0.002045018684768  
         12.454835397174245            1.999301719849466            0.000719357064393  
         12.575779613499495            1.998691041400355            0.001326856126606  
         12.696723829824744            1.998058952880096            0.001953879740745  
         12.817668046149995            1.999443233722025            0.000565140723656  
         12.938612262475244            1.998162215378437            0.001842504126864  
         13.059556478800495            1.998159508299864            0.001839802937932  
         13.180500695125746            1.999522267590963            0.000473196100419  
         13.301444911450995            1.997851853079655            0.002139479162890  
         13.422389127776245            1.998366289173800            0.001619932203872  
         13.543333344101494            1.999421648580478            0.000561462445209  
         13.664277560426745            1.997709735539066            0.002268941310447  
         13.785221776751994            1.998621766205227            0.001352722082914  
         13.906165993077245            1.999155596528513            0.000816495388374  
         14.027110209402496            1.997796953755449            0.002170762279745  
         14.148054425727745            1.999008171673770            0.000956724444453  
         14.268998642052996            1.998795774892743            0.001167356118575  
         14.389942858378244            1.997904178454809            0.002055179610036  
         14.510887074703495            1.999340078833786            0.000618071472005  
         14.631831291028744            1.998547505534800            0.001409449407886  
         14.752775507353995            1.998154186983304            0.001800148040982  
         14.873719723679246            1.999568336927454            0.000386421079295  
         14.994663940004495            1.998356589378483            0.001597608305213  
         15.115608156329746            1.998404983934313            0.001548194966814  
         15.236552372654995            1.999630090809509            0.000324994330952  
         15.357496588980245            1.998336835841958            0.001618465897610  
         15.478440805305494            1.998754810791734            0.001201250896661  
         15.599385021630745            1.999552727985356            0.000406480927170  
         15.720329237955996            1.998331356920535            0.001629035389818  
         15.841273454281245            1.999044603943579            0.000918253531848  
         15.962217670606496            1.999417562601598            0.000549404970575  
         16.083161886931745            1.998447811151062            0.001521355402443  
         16.204106103256994            1.999336281582770            0.000636718208559  
         16.325050319582246            1.999216234092656            0.000761579815095  
         16.445994535907495            1.998516055100113            0.001464842385898  
         16.566938752232744            1.999523491525364            0.000462138242102  
         16.687882968557997            1.999069023558040            0.000921846028342  
         16.808827184883246            1.998664925871199            0.001329532347372  
         16.929771401208495            1.999635514131197            0.000364056134330  
         17.050715617533744            1.998885870733220            0.001119049810282  
         17.171659833858996            1.998762775371933            0.001245738498973  
         17.292604050184245            1.999633111381844            0.000380457442672  
         17.413548266509494            1.998781556666429            0.001237054330045  
         17.534492482834747            1.998964781797191            0.001056880135331  
         17.655436699159996            1.999501382966306            0.000524934384919  
         17.776380915485245            1.998607122415799            0.001423450883463  
         17.897325131810494            1.999142665136452            0.000890017401262  
         18.018269348135746            1.999292260921164            0.000744442026257  
         18.139213564460995            1.998516511031742            0.001523168425135  
         18.260157780786244            1.999395702639049            0.000644936700693  
         18.381101997111497            1.998945747410001            0.001098046972412  
         18.502046213436746            1.998362415676337            0.001682706726946  
         18.622990429761995            1.999580949200819            0.000464059415765  
         18.743934646087244            1.998620390471648            0.001426684301232  
         18.864878862412496            1.998341692283290            0.001704869240064  
         18.985823078737745            1.999704217441539            0.000341372770674  
         19.106767295062994            1.998234184581796            0.001812132250781  
         19.227711511388247            1.998294702848291            0.001749353530401  
         19.348655727713496            1.999647356983902            0.000395159046109  
         19.469599944038745            1.998037986274402            0.002003738462015  
         19.590544160363994            1.998458814633853            0.001579226757009  
         19.711488376689246            1.999343183466371            0.000692890450290  
         19.832432593014495            1.997829672755845            0.002204050794114  
         19.953376809339744            1.998708067378996            0.001321124203095  
         20.074321025664997            1.998922971745518            0.001103838206812  
         20.195265241990246            1.997769128353305            0.002253904219685  
         20.316209458315495            1.999155400278402            0.000862850186066  
         20.437153674640744            1.998470722951994            0.001544612767805  
         20.558097890965996            1.997603434771243            0.002407056085867  
         20.679042107291245            1.999460778229818            0.000545221421745  
         20.799986323616494            1.998294941102193            0.001707518291636  
         20.920930539941747            1.997730441986607            0.002266618869736  
         21.041874756266996            1.999519789757014            0.000473366551417  
         21.162818972592245            1.998134454817269            0.001854561279735  
         21.283763188917494            1.998043158475732            0.001940568879414  
         21.404707405242746            1.999369722825228            0.000610789679805  
         21.525651621567995            1.998074951523824            0.001901025825342  
         21.646595837893244            1.998668812956848            0.001302586467001  
         21.767540054218497            1.999183243790195            0.000785567251107  
         21.888484270543746            1.997925106940143            0.002039223268422  
         22.009428486868995            1.999157284791890            0.000803694178393  
         22.130372703194244            1.999125765626451            0.000833147414779  
         22.251316919519496            1.998053391887669            0.001901627001140  
         22.372261135844745            1.999511346552318            0.000441843565173  
         22.493205352169994            1.999046429750428            0.000905233379017  
         22.614149568495247            1.998254739987671            0.001694183763225  
         22.735093784820496            1.999646034492737            0.000302682047255  
         22.856038001145745            1.999049128169916            0.000898746905958  
         22.976982217470994            1.998664122633436            0.001282557292612  
         23.097926433796246            1.999680653631057            0.000267354787552  
         23.218870650121495            1.999006748782782            0.000941380711822  
         23.339814866446744            1.998982075547076            0.000966626444840  
         23.460759082771997            1.999660792622802            0.000290586609047  
         23.581703299097246            1.999096696561978            0.000855978022093  
         23.702647515422495            1.999320250880136            0.000634708321072  
         23.823591731747744            1.999583743786463            0.000375028268345  
         23.944535948072996            1.999159078905323            0.000802253811109  
         24.065480164398245            1.999526459256396            0.000438613718316  
         24.186424380723494            1.999536355345881            0.000433408802072  
         24.307368597048747            1.999313777064596            0.000659644852576  
         24.428312813373996            1.999709671174388            0.000268503085970  
         24.549257029699245            1.999453895235662            0.000529561986618  
         24.670201246024494            1.999398425353346            0.000589424214478  
         24.791145462349750            1.999801599347340            0.000191502857549  
         24.912089678674999            1.999451818000272            0.000546776999144  
         25.033033895000248            1.999529859762902            0.000473320388605  
         25.153978111325497            1.999849506755731            0.000158892197907  
         25.274922327650749            1.999414832785994            0.000598820805620  
         25.395866543975998            1.999601888183984            0.000415989465893  
         25.516810760301247            1.999845316085544            0.000177284052732  
         25.637754976626500            1.999449770724569            0.000577347942015  
         25.758699192951749            1.999725550429394            0.000304930656445  
         25.879643409276998            1.999783100995644            0.000251213917478  
         26.000587625602247            1.999427357553409            0.000610296979373  
         26.121531841927499            1.999807806866944            0.000232031979665  
         26.242476058252748            1.999719317419493            0.000323183998970  
         26.363420274577997            1.999469524215845            0.000574808800352  
         26.484364490903250            1.999909789917808            0.000135395111424  
         26.605308707228499            1.999605433607109            0.000441034276316  
         26.726252923553748            1.999459671022298            0.000586985780799  
         26.847197139878997            1.999959349194837            0.000086862059348  
         26.968141356204249            1.999552047958171            0.000493976598990  
         27.089085572529498            1.999520223115357            0.000524390704275  
         27.210029788854747            1.999967226901254            0.000075761093691  
         27.330974005180000            1.999481675827190            0.000559676507215  
         27.451918221505249            1.999545083141343            0.000493494587946  
         27.572862437830498            1.999915396542598            0.000120559381890  
         27.693806654155747            1.999514696766929            0.000518323246243  
         27.814750870480999            1.999652532806856            0.000376677328467  
         27.935695086806248            1.999790399886981            0.000235367482399  
         28.056639303131497            1.999512338534243            0.000509464939360  
         28.177583519456750            1.999750443830985            0.000266922152779  
         28.298527735781999            1.999691785691018            0.000321525066485  
         28.419471952107248            1.999558606834636            0.000450066955362  
         28.540416168432497            1.999878081081115            0.000125904527254  
         28.661360384757749            1.999607227469457            0.000392329312925  
         28.782304601082998            1.999544097422674            0.000450580698903  
         28.903248817408247            1.999931192747399            0.000058899734394  
         29.024193033733500            1.999639359605709            0.000346223357465  
         29.145137250058749            1.999607408693397            0.000373484504233  
         29.266081466383998            1.999917116983526            0.000059594892045  
         29.387025682709247            1.999664493650061            0.000307981767310  
         29.507969899034499            1.999669671859403            0.000298726681251  
         29.628914115359748            1.999872182621735            0.000092721261839  
         29.749858331684997            1.999730440936205            0.000230879511392  
         29.870802548010250            1.999786175833876            0.000172028145238  
         29.991746764335499            1.999816048419079            0.000139614468288  
         30.112690980660748            1.999751114382699            0.000202006781070  
         30.233635196985997            1.999856461508409            0.000094789626432  
         30.354579413311249            1.999807881798265            0.000142016220555  
         30.475523629636498            1.999805379416099            0.000143327244637  
         30.596467845961747            1.999913679731437            0.000034594117157  
         30.717412062287000            1.999797168316849            0.000151140866349  
         30.838356278612249            1.999838142567019            0.000110529681224  
         30.959300494937498            1.999935318067600            0.000014451003860  
         31.080244711262747            1.999825477309596            0.000125809551913  
         31.201188927587999            1.999892858607724            0.000060376418677  
         31.322133143913248            1.999949562758649            0.000006258941652  
         31.443077360238497            1.999838312669396            0.000120471974158  
         31.564021576563750            1.999928248348573            0.000033934391165  
         31.684965792888999            1.999960550447381            0.000005524422431  
         31.805910009214248            1.999879777964377            0.000090485501307  
         31.926854225539497            1.999964427575486            0.000010370948630  
         32.047798441864749            1.999969957741512            0.000009699020990  
         32.168742658189998            1.999907299198887            0.000077390582411  
         32.289686874515247            1.999987414437160            0.000002495937009  
         32.410631090840496            1.999982931918971            0.000012330242628  
         32.531575307165745            1.999953957790257            0.000046669012394  
         32.652519523491002            2.000005799132010            0.000000192212650  
         32.773463739816250            1.999991198741973            0.000020091322926  
         32.894407956141499            1.999985225707562            0.000031202865244  
         33.015352172466748            2.000021026755005            0.000000354109584  
         33.136296388791997            2.000007304814952            0.000018777958982  
         33.257240605117246            2.000016581930381            0.000013883027497  
         33.378184821442495            2.000033665851731            0.000000838667310  
         33.499129037767752            2.000018399018729            0.000019747647039  
         33.620073254093001            2.000033404888484            0.000007947017262  
         33.741017470418250            2.000042944146115            0.000001158023917  
         33.861961686743498            2.000035553556706            0.000010808886009  
         33.982905903068747            2.000041932249673            0.000006187171534  
         34.103850119393996            2.000047601498149            0.000001765236535  
         34.224794335719245            2.000042975365979            0.000007115593449  
         34.345738552044502            2.000044976469930            0.000005322183443  
         34.466682768369751            2.000045294900858            0.000004699028582  
         34.587626984695000            2.000046790594598            0.000002397443464  
         34.708571201020249            2.000041662848901            0.000006233581970  
         34.829515417345497            2.000038232992509            0.000007908744984  
         34.950459633670746            2.000039146140444            0.000004801991240  
         35.071403849995995            2.000039021826780            0.000002319250169  
         35.192348066321252            2.000024374692869            0.000013978153452  
         35.313292282646501            2.000018575530928            0.000016438498188  
         35.434236498971750            2.000030799207171            0.000000566779786  
         35.555180715296999            2.000014185872446            0.000013251235768  
         35.676124931622248            1.999996454170015            0.000026805853925  
         35.797069147947497            2.000010745845993            0.000008157937471  
         35.918013364272745            1.999999273758731            0.000015098896655  
         36.038957580598002            1.999972580943409            0.000037130673400  
         36.159901796923251            1.999980625780316            0.000024384308823  
         36.280846013248500            1.999980722922570            0.000019513267039  
         36.401790229573749            1.999970339666475            0.000025127812446  
         36.522734445898998            1.999937499724264            0.000053288727116  
         36.643678662224247            1.999938638487848            0.000047504019012  
         36.764622878549496            1.999969225304816            0.000012426780517  
         36.885567094874752            1.999911521184761            0.000065831573171  
         37.006511311200001            1.999899164707156            0.000074038637313  
         37.127455527525250            1.999966275528040            0.000003088103307  
         37.248399743850499            1.999887234152672            0.000078545899922  
         37.369343960175748            1.999860757718416            0.000101730106705  
         37.490288176500997            1.999948664413627            0.000010973581604  
         37.611232392826246            1.999879064515812            0.000078006397133  
         37.732176609151502            1.999856948534796            0.000098003965492  
         37.853120825476751            1.999916710562376            0.000036657392531  
         37.974065041802000            1.999860295039938            0.000091778994685  
         38.095009258127249            1.999861718178150            0.000089662556569  
         38.215953474452498            1.999887035917299            0.000064207590477  
         38.336897690777747            1.999856673401012            0.000094727927394  
         38.457841907102996            1.999886191083254            0.000066078954854  
         38.578786123428252            1.999849118369389            0.000104528130869  
         38.699730339753501            1.999850097014457            0.000105223320338  
         38.820674556078750            1.999905341832087            0.000052399501965  
         38.941618772403999            1.999825582812861            0.000134970709760  
         39.062562988729248            1.999863571978399            0.000100077202714  
         39.183507205054497            1.999923589214037            0.000043854932369  
         39.304451421379746            1.999797737383465            0.000173737743389  
         39.425395637705002            1.999873574690601            0.000102155232286  
         39.546339854030251            1.999929040540312            0.000051518431592  
         39.667284070355500            1.999792447527423            0.000192994727910  
         39.788228286680749            1.999896528119272            0.000093900088068  
         39.909172503005998            1.999915196959226            0.000080629495990  
         40.030116719331247            1.999784359007311            0.000216723385910  
         40.151060935656496            1.999916033633532            0.000090235433698  
         40.272005151981752            1.999883664794378            0.000128050798230  
         40.392949368307001            1.999789647022028            0.000227144611464  
         40.513893584632250            1.999946261306816            0.000075361165338  
         40.634837800957499            1.999821206384948            0.000205402053082  
         40.755782017282748            1.999780713750020            0.000250244382612  
         40.876726233607997            1.999970058657869            0.000064894260575  
         40.997670449933246            1.999740856327369            0.000298180471520  
         41.118614666258502            1.999779900796569            0.000262292388942  
         41.239558882583751            1.999983553046953            0.000061465116936  
         41.360503098909000            1.999622201080080            0.000425653325832  
         41.481447315234249            1.999776286648527            0.000273224737707  
         41.602391531559498            1.999969045599380            0.000081975010593  
         41.723335747884747            1.999488437286383            0.000563937464817  
         41.844279964209996            1.999789362140526            0.000263057229862  
         41.965224180535252            1.999910995611444            0.000141625134568  
         42.086168396860501            1.999337241533935            0.000715134190039  
         42.207112613185750            1.999798430497056            0.000252477436547  
         42.328056829510999            1.999796159123584            0.000253758026381  
         42.449001045836248            1.999225161041472            0.000822933045177  
         42.569945262161497            1.999799467239567            0.000245916396415  
         42.690889478486746            1.999597005924446            0.000446336921396  
         42.811833694812002            1.999177874356914            0.000862240011925  
         42.932777911137251            1.999782255024191            0.000254284588686  
         43.053722127462500            1.999313153936183            0.000720423647278  
         43.174666343787749            1.999221793777547            0.000807479553470  
         43.295610560112998            1.999761307198925            0.000263929825009  
         43.416554776438247            1.998978481290978            0.001042992469428  
         43.537498992763496            1.999305837856474            0.000710714833462  
         43.658443209088752            1.999726966891495            0.000285437419050  
         43.779387425414001            1.998704128711793            0.001303874390076  
         43.900331641739250            1.999377913939481            0.000625077763834  
         44.021275858064499            1.999622487486051            0.000376485644117  
         44.142220074389748            1.998592997684702            0.001401199152081  
         44.263164290714997            1.999438099783562            0.000551515398680  
         44.384108507040246            1.999395105802220            0.000590766336796  
         44.505052723365502            1.998646622715121            0.001334484144030  
         44.625996939690751            1.999523109193216            0.000454276641273  
         44.746941156016000            1.999091737749541            0.000882286574154  
         44.867885372341249            1.998799414709731            0.001170340281306  
         44.988829588666498            1.999631754467583            0.000335421134131  
         45.109773804991747            1.998809750336178            0.001154575258901  
         45.230718021316996            1.998965725792387            0.000995348060978  
         45.351662237642252            1.999699768132206            0.000259997867274  
         45.472606453967501            1.998650910627335            0.001306699267421  
         45.593550670292750            1.999149260047983            0.000806558906439  
         45.714494886617999            1.999678589501003            0.000277206769361  
         45.835439102943248            1.998597498236374            0.001357075522879  
         45.956383319268497            1.999325448378590            0.000629065030546  
         46.077327535593746            1.999579785503280            0.000375929190479  
         46.198271751919002            1.998653662870722            0.001301994910124  
         46.319215968244251            1.999502846192968            0.000454519799966  
         46.440160184569500            1.999427950935059            0.000531746161993  
         46.561104400894749            1.998738844579163            0.001222110869054  
         46.682048617219998            1.999635456411449            0.000328795715400  
         46.802992833545247            1.999290665349380            0.000676914603759  
         46.923937049870496            1.998872803242525            0.001097303194863  
         47.044881266195752            1.999713862917046            0.000260775044436  
         47.165825482521001            1.999159033388445            0.000819749419200  
         47.286769698846250            1.998991364521288            0.000990952562601  
         47.407713915171499            1.999716339714483            0.000271306490131  
         47.528658131496748            1.999080065192128            0.000912260242008  
         47.649602347821997            1.999149561388062            0.000846845815116  
         47.770546564147246            1.999631383549527            0.000370705890026  
         47.891490780472502            1.998983643666886            0.001023258587770  
         48.012434996797751            1.999293964005097            0.000717025782817  
         48.133379213123000            1.999483841553909            0.000532787607078  
         48.254323429448249            1.998921203798866            0.001099851925421  
         48.375267645773498            1.999464978767996            0.000559654613467  
         48.496211862098747            1.999240911549303            0.000788966466918  
         48.617156078423996            1.998830327264059            0.001203050794628  
         48.738100294749252            1.999587818119486            0.000448286772200  
         48.859044511074501            1.998960146280500            0.001080476035172  
         48.979988727399750            1.998825833324670            0.001216887492933  
         49.100932943724999            1.999665752576827            0.000378704318950  
         49.221877160050248            1.998565652207513            0.001482241179780  
         49.342821376375497            1.998842209925492            0.001206113219307  
         49.463765592700746            1.999653097626950            0.000396048120205  
         49.584709809026002            1.998182996812189            0.001868151961996  
         49.705654025351251            1.998969368440909            0.001080520290988  
         49.826598241676500            1.999523504333631            0.000526449038201  
         49.947542458001749            1.997759518516321            0.002290703635057  
         50.068486674326998            1.999060902224468            0.000986639249533  
         50.189430890652247            1.999269505778316            0.000777491460262  
         50.310375106977496            1.997566363920903            0.002479025090258  
         50.431319323302752            1.999161137142989            0.000880583700872  
         50.552263539628001            1.998770452861745            0.001270107463859  
         50.673207755953250            1.997531832403033            0.002505375662869  
         50.794151972278499            1.999215481862173            0.000817621867581  
         50.915096188603748            1.998139466996081            0.001891709104095  
         51.036040404928997            1.997793621072539            0.002232855088144  
         51.156984621254246            1.999329236590814            0.000693164034422  
         51.277928837579502            1.997423734710804            0.002595757292304  
         51.398873053904751            1.997985070053841            0.002029003687376  
         51.519817270230000            1.999387008662975            0.000623337757222  
         51.640761486555249            1.997112539815620            0.002893833359631  
         51.761705702880498            1.998218154824449            0.001782758621890  
         51.882649919205747            1.999164011487375            0.000833577214375  
         52.003594135530996            1.997086393516322            0.002906343576697  
         52.124538351856252            1.998468885030502            0.001519012837440  
         52.245482568181501            1.998708649568642            0.001276215848917  
         52.366426784506750            1.997373880967741            0.002605691156430  
         52.487371000831999            1.998950437983750            0.001025362994599  
         52.608315217157248            1.998180397500417            0.001792512041372  
         52.729259433482497            1.997540279341685            0.002427575575022  
         52.850203649807746            1.999355252043910            0.000610148747508  
         52.971147866133002            1.997982824948295            0.001979739465044  
         53.092092082458251            1.997846406673939            0.002112032664668  
         53.213036298783500            1.999544252027183            0.000413090003341  
         53.333980515108749            1.997924274950350            0.002030419913960  
         53.454924731433998            1.998160140018916            0.001791956724089  
         53.575868947759247            1.999486902786067            0.000465360933296  
         53.696813164084496            1.998100220597362            0.001849896848055  
         53.817757380409752            1.998653844480048            0.001295507805115  
         53.938701596735001            1.999274437716676            0.000676194717045  
         54.059645813060250            1.998229173376001            0.001720278674905  
         54.180590029385499            1.999052769646528            0.000897816017719  
         54.301534245710748            1.999096636492437            0.000856172260580  
         54.422478462035997            1.998499384307177            0.001453554520532  
         54.543422678361246            1.999416196317391            0.000539580845890  
         54.664366894686502            1.998894275376733            0.001064581087539  
         54.785311111011751            1.998694825197473            0.001265634159424  
         54.906255327337000            1.999615521556221            0.000349138925331  
         55.027199543662249            1.998831565325717            0.001136923601394  
         55.148143759987498            1.998978987654324            0.000992409366797  
         55.269087976312747            1.999714521632751            0.000261996496819  
         55.390032192637996            1.998743802296171            0.001237156084986  
         55.510976408963252            1.999169510977244            0.000815279898160  
         55.631920625288501            1.999713674851725            0.000276709062811  
         55.752864841613750            1.998789886620397            0.001205244161803  
         55.873809057938999            1.999410896860919            0.000588434271513  
         55.994753274264248            1.999616023564804            0.000388946361371  
         56.115697490589497            1.998766944823340            0.001242654620816  
         56.236641706914746            1.999569718452247            0.000443913401481  
         56.357585923240002            1.999505342140378            0.000513587949037  
         56.478530139565251            1.998849766137080            0.001173142254847  
         56.599474355890500            1.999733762572897            0.000292547800308  
         56.720418572215749            1.999309408294309            0.000721486331869  
         56.841362788540998            1.998859000426109            0.001174748107841  
         56.962307004866247            1.999806901352383            0.000229360208261  
         57.083251221191496            1.999168557116329            0.000871222768519  
         57.204195437516752            1.998996086220979            0.001045066628732  
         57.325139653842001            1.999807926018862            0.000234718061296  
         57.446083870167250            1.998948738090042            0.001096039848567  
         57.567028086492499            1.999090019854997            0.000954552120123  
         57.687972302817748            1.999725200275495            0.000319852329566  
         57.808916519142997            1.998846222423012            0.001199355783569  
         57.929860735468246            1.999308649160889            0.000735250916660  
         58.050804951793502            1.999527883711270            0.000515490621679  
         58.171749168118751            1.998684797383693            0.001357422595909  
         58.292693384444000            1.999476328819833            0.000563073775972  
         58.413637600769249            1.999335263810877            0.000702632587033  
         58.534581817094498            1.998691905153835            0.001343255522446  
         58.655526033419747            1.999671139600076            0.000360439088473  
         58.776470249744996            1.999081762040727            0.000947327929761  
         58.897414466070252            1.998669011191221            0.001356079366009  
         59.018358682395501            1.999746634963814            0.000274501085116  
         59.139302898720750            1.998968556326983            0.001049166605556  
         59.260247115045999            1.998861206048722            0.001151695668490  
         59.381191331371248            1.999718184739379            0.000290646220228  
         59.502135547696497            1.998817272372884            0.001187372542796  
         59.623079764021746            1.999057831431252            0.000941728769400  
         59.744023980347002            1.999626316069724            0.000369239695655  
         59.864968196672251            1.998822039255557            0.001168829430815  
         59.985912412997500            1.999382101956664            0.000603922365255  
         60.106856629322749            1.999491722647349            0.000490473043512  
         60.227800845647998            1.998787795094849            0.001189642540882  
         60.348745061973247            1.999591919425620            0.000381362871662  
         60.469689278298496            1.999441034036442            0.000528716056700  
         60.590633494623752            1.998950961350152            0.001014439042920  
         60.711577710949001            1.999748647929187            0.000213587022281  
         60.832521927274250            1.999362343019090            0.000596858756445  
         60.953466143599499            1.999098018429656            0.000857757582966  
         61.074410359924748            1.999797091637425            0.000156709331373  
         61.195354576249997            1.999384386851690            0.000567145504103  
         61.316298792575246            1.999361283542790            0.000588138627279  
         61.437243008900502            1.999796041928071            0.000152701557632  
         61.558187225225751            1.999373042765130            0.000574530281694  
         61.679131441551000            1.999535376008575            0.000411678788486  
         61.800075657876249            1.999785011685933            0.000162704059986  
         61.921019874201498            1.999468905651383            0.000478994697261  
         62.041964090526747            1.999718640063051            0.000230410089737  
         62.162908306851996            1.999744048191613            0.000207009300765  
         62.283852523177252            1.999528137816600            0.000424608649480  
         62.404796739502501            1.999813847811390            0.000141627985966  
         62.525740955827750            1.999743852925564            0.000214887420142  
         62.646685172152999            1.999654865310003            0.000306988973743  
         62.767629388478248            1.999893763118666            0.000072137868389  
         62.888573604803497            1.999719664747602            0.000250573985105  
         63.009517821128746            1.999727975872410            0.000246536186179  
         63.130462037454002            1.999929513537664            0.000049975771237  
         63.251406253779251            1.999753873822070            0.000230683031701  
         63.372350470104500            1.999829134236935            0.000160392082102  
         63.493294686429749            1.999946831597893            0.000048114428823  
         63.614238902754998            1.999761482404622            0.000238804955145  
         63.735183119080247            1.999881634236841            0.000123774156630  
         63.856127335405496            1.999954480631878            0.000056264157429  
         63.977071551730752            1.999818142073174            0.000197678062201  
         64.098015768056001            1.999947919816228            0.000072605466633  
         64.218959984381243            1.999939407311368            0.000085854345524  
         64.339904200706499            1.999839199610074            0.000190355980424  
         64.460848417031755            1.999981025979699            0.000052342566869  
         64.581792633356997            1.999939322818263            0.000097742634755  
         64.702736849682253            1.999894280533053            0.000145870241002  
         64.823681066007495            2.000015027463316            0.000027687447163  
         64.944625282332751            1.999914043977101            0.000131003078126  
         65.065569498657993            1.999914428958605            0.000132238502202  
         65.186513714983249            2.000027120141964            0.000020679541532  
         65.307457931308505            1.999919994177260            0.000128602905286  
         65.428402147633747            1.999957936981087            0.000090722872552  
         65.549346363959003            2.000027070787399            0.000021240998168  
         65.670290580284245            1.999902823833712            0.000144733332839  
         65.791234796609501            1.999970110356671            0.000076033326425  
         65.912179012934743            2.000020038475323            0.000024371026878  
         66.033123229259999            1.999925996062225            0.000116239167261  
         66.154067445585255            1.999992125972183            0.000047412215233  
         66.275011661910497            1.999994020761535            0.000042581953393  
         66.395955878235753            1.999928749252898            0.000104508227336  
         66.516900094560995            1.999992603500022            0.000036956542790  
         66.637844310886251            1.999978910019776            0.000046778689136  
         66.758788527211493            1.999959402829548            0.000062091454122  
         66.879732743536749            1.999997008978051            0.000020105063442  
         67.000676959862005            1.999949835561182            0.000062790945301  
         67.121621176187247            1.999962294385939            0.000045659210404  
         67.242565392512503            1.999992496626512            0.000010743255282  
         67.363509608837745            1.999950259836725            0.000048235238939  
         67.484453825163001            1.999971358494225            0.000022362126310  
         67.605398041488243            1.999982815259660            0.000006212854094  
         67.726342257813499            1.999942918063200            0.000041488976300  
         67.847286474138755            1.999962778604419            0.000017131648872  
         67.968230690463997            1.999971592592388            0.000004008357265  
         68.089174906789253            1.999954301099177            0.000017179549563  
         68.210119123114495            1.999959900864977            0.000007718803937  
         68.331063339439751            1.999956357814822            0.000007691465780  
         68.452007555764993            1.999952227749675            0.000008561177458  
         68.572951772090249            1.999953564112863            0.000004332672243  
         68.693895988415505            1.999951505536684            0.000003885225485  
         68.814840204740747            1.999952836629608            0.000000462738433  
         68.935784421066003            1.999950599195804            0.000001059581357  
         69.056728637391245            1.999946959400181            0.000003526636726  
         69.177672853716501            1.999949753657916            0.000000047757670  
         69.298617070041743            1.999949302764735            0.000000318805462  
         69.419561286366999            1.999949433463436            0.000000522501168  
         69.540505502692255            1.999947763440296            0.000003046334023  
         69.661449719017497            1.999952120010956            0.000000062160220  
         69.782393935342753            1.999953272150996            0.000000791969344  
         69.903338151667995            1.999952586384039            0.000003859607415  
         70.024282367993251            1.999957596753895            0.000001715413567  
         70.145226584318493            1.999957114980790            0.000005510603214  
         70.266170800643749            1.999958538936339            0.000007829260015  
         70.387115016969005            1.999967971517388            0.000002529982383  
         70.508059233294247            1.999965619566482            0.000009341880649  
         70.629003449619503            1.999973225971771            0.000006502241331  
         70.749947665944745            1.999976111047537            0.000008630601496  
         70.870891882270001            1.999968088882648            0.000021826132591  
         70.991836098595243            1.999987819396204            0.000007414682299  
         71.112780314920499            1.999988210323767            0.000012410965648  
         71.233724531245755            1.999978827672791            0.000027144703650  
         71.354668747570997            2.000003509789284            0.000007784312250  
         71.475612963896253            1.999988935481337            0.000027564298509  
         71.596557180221495            1.999981081233139            0.000040386337708  
         71.717501396546751            2.000015566196377            0.000010684219879  
         71.838445612871993            1.999990333464843            0.000040409558560  
         71.959389829197249            1.999994940367424            0.000039873818175  
         72.080334045522505            2.000014931908278            0.000023665459515  
         72.201278261847747            1.999970845401265            0.000071095941228  
         72.322222478173003            1.999999617161256            0.000045114191562  
         72.443166694498245            2.000005742805262            0.000041456258145  
         72.564110910823501            1.999956780284530            0.000092318633094  
