#             time (fs)      |   total net charge (e)  |   charge (atom_1) (e)   |   charge (atom_2) (e)   |        ...        |   charge (atom_N) (e)   |
          0.000000000000000       -0.000000000000000       -0.000000000000000        0.000000000000000
          0.120944216325250       -0.000000000016174       -0.000910425331230        0.000910425315056
          0.241888432650500       -0.000000000046776       -0.003581580774790        0.003581580728014
          0.362832648975750       -0.000000000078734        0.000965993374591       -0.000965993453325
          0.483776865301000       -0.000000000105689        0.006099484173107       -0.006099484278796
          0.604721081626250       -0.000000000182468        0.006814855280742       -0.006814855463209
          0.725665297951500       -0.000000000193262       -0.003819431937230        0.003819431743968
          0.846609514276750       -0.000000000229951       -0.011610565017582        0.011610564787631
          0.967553730602000       -0.000000000308054       -0.008309495352809        0.008309495044756
          1.088497946927250       -0.000000000288005        0.008293532673149       -0.008293532961154
          1.209442163252500       -0.000000000319290        0.017033068378265       -0.017033068697555
          1.330386379577750       -0.000000000333054        0.007775710397062       -0.007775710730115
          1.451330595903000       -0.000000000328445       -0.014068307489155        0.014068307160710
          1.572274812228250       -0.000000000282155       -0.021878298748281        0.021878298466126
          1.693219028553500       -0.000000000229387       -0.005067697438486        0.005067697209100
          1.814163244878750       -0.000000000308380        0.020868849607805       -0.020868849916185
          1.935107461204000       -0.000000000048995        0.025590557450455       -0.025590557499450
          2.056051677529250       -0.000000000071325        0.000212953426537       -0.000212953497862
          2.176995893854500       -0.000000000228731       -0.028368000285542        0.028368000056811
          2.297940110179750        0.000000000365267       -0.027585620534693        0.027585620899959
          2.418884326505000        0.000000000010282        0.006701331194450       -0.006701331184169
          2.539828542830250       -0.000000000057241        0.036112538299096       -0.036112538356337
          2.660772759155500        0.000000000850527        0.027381790791053       -0.027381789940526
          2.781716975480750       -0.000000000083176       -0.015513039047732        0.015513038964556
          2.902661191806000        0.000000000237591       -0.043462611822400        0.043462612059992
          3.023605408131250        0.000000001200979       -0.024592881114409        0.024592882315388
          3.144549624456500       -0.000000000332454        0.025944637165481       -0.025944637497935
          3.265493840781750        0.000000000686258        0.049692997371562       -0.049692996685304
          3.386438057107000        0.000000001259623        0.018961465899571       -0.018961464639948
          3.507382273432250       -0.000000000606967       -0.037489145754640        0.037489145147672
          3.628326489757500        0.000000001190460       -0.054050138776164        0.054050139966624
          3.749270706082750        0.000000000965307       -0.010361727381885        0.010361728347192
          3.870214922408000       -0.000000000696951        0.049427471568660       -0.049427472265611
          3.991159138733250        0.000000001604614        0.055855985103498       -0.055855983498884
          4.112103355058500        0.000000000466864       -0.001087873562564        0.001087874029428
          4.233047571383750       -0.000000000495215       -0.060863411738955        0.060863411243740
          4.353991787709000        0.000000001712271       -0.054514729655797        0.054514731368068
          4.474936004034250        0.000000000049680        0.014968200082239       -0.014968200032559
          4.595880220359500       -0.000000000024966        0.070892492908332       -0.070892492933299
          4.716824436684750        0.000000001448498        0.049582059614843       -0.049582058166345
          4.837768653010000        0.000000000013377       -0.030482293158256        0.030482293171632
          4.958712869335250        0.000000000473548       -0.078682056802769        0.078682057276318
          5.079657085660500        0.000000000943447       -0.040808352860861        0.040808353804308
          5.200601301985750        0.000000000510527        0.046596958373326       -0.046596957862799
          5.321545518311000        0.000000000686266        0.083533788585208       -0.083533787898941
          5.442489734636251        0.000000000557320        0.028332156016527       -0.028332155459207
          5.563433950961501        0.000000001448357       -0.062223464952754        0.062223466401110
          5.684378167286750        0.000000000378921       -0.084809105131110        0.084809105510031
          5.805322383612000        0.000000000671884       -0.012726862490730        0.012726863162614
          5.926266599937250        0.000000002491418        0.076438018412764       -0.076438015921346
          6.047210816262500       -0.000000000392864        0.082035113661531       -0.082035114054394
          6.168155032587750        0.000000001483473       -0.005062947519580        0.005062949003053
          6.289099248913001        0.000000003167349       -0.088444000676297        0.088444003843646
          6.410043465238251       -0.000000001246908       -0.075016281258658        0.075016280011750
          6.530987681563500        0.000000002887291        0.024020254643394       -0.024020251756103
          6.651931897888750        0.000000003070789        0.097563676262595       -0.097563673191805
          6.772876114214000       -0.000000001694161        0.063980165440993       -0.063980167135155
          6.893820330539250        0.000000004483360       -0.043196967690670        0.043196972174030
          7.014764546864500        0.000000002148952       -0.103198915178897        0.103198917327850
          7.135708763189751       -0.000000001375807       -0.049458799929649        0.049458798553841
          7.256652979515001        0.000000005695181        0.061825744886581       -0.061825739191400
          7.377597195840250        0.000000000760399        0.104948194472871       -0.104948193712472
          7.498541412165500       -0.000000000284948        0.032179278385568       -0.032179278670516
          7.619485628490750        0.000000006022540       -0.079251872234018        0.079251878256558
          7.740429844816000       -0.000000000433631       -0.102598553811626        0.102598553377995
          7.861374061141250        0.000000001209455       -0.012844912687728        0.012844913897183
          7.982318277466501        0.000000005301656        0.094929623556373       -0.094929618254717
          8.103262493791750       -0.000000000792424        0.096191176124161       -0.096191176916585
          8.224206710117000        0.000000002494873       -0.007956703684328        0.007956706179201
          8.345150926442249        0.000000003870777       -0.108269212319266        0.108269216190042
          8.466095142767500       -0.000000000037782       -0.085969627906716        0.085969627868934
          8.587039359092751        0.000000002965583        0.029888218216993       -0.029888215251410
          8.707983575418000        0.000000002545242        0.118611483850878       -0.118611481305636
          8.828927791743251        0.000000001567406        0.072354099738780       -0.072354098171374
          8.949872008068500        0.000000002274117       -0.052711159825028        0.052711162099145
          9.070816224393750        0.000000002284661       -0.125253655615673        0.125253657900335
          9.191760440718999        0.000000003311039       -0.055664849342161        0.055664852653200
          9.312704657044250        0.000000000547804        0.076042305532568       -0.076042304984764
          9.433648873369501        0.000000003678550        0.127700766915572       -0.127700763237023
          9.554593089694750        0.000000004339060        0.035978070238315       -0.035978065899255
          9.675537306020001       -0.000000001491645       -0.099064229493247        0.099064228001602
          9.796481522345250        0.000000006574386       -0.125664107078650        0.125664113653037
          9.917425738670500        0.000000003971609       -0.013173348889014        0.013173352860623
         10.038369954995749       -0.000000002747487        0.120643516750205       -0.120643519497692
         10.159314171321000        0.000000010089585        0.118951989179523       -0.118951979089938
         10.280258387646251        0.000000002014389       -0.012678653667200        0.012678655681589
         10.401202603971500       -0.000000002226229       -0.139474081154146        0.139474078927917
         10.522146820296751        0.000000013044217       -0.107306791374086        0.107306804418302
         10.643091036622000       -0.000000000967345        0.041150605756299       -0.041150606723644
         10.764035252947250        0.000000000310720        0.154227880864836       -0.154227880554116
         10.884979469272501        0.000000014269213        0.090590169354314       -0.090590155085101
         11.005923685597750       -0.000000003739960       -0.071377577575021        0.071377573835061
         11.126867901923001        0.000000004347780       -0.163518194805466        0.163518199153246
         11.247812118248250        0.000000013228955       -0.068916158176220        0.068916171405175
         11.368756334573501       -0.000000004992913        0.102139455901626       -0.102139460894539
         11.489700550898750        0.000000008559264        0.166132943961443       -0.166132935402179
         11.610644767224001        0.000000010214441        0.042731462187623       -0.042731451973182
         11.731588983549251       -0.000000003999637       -0.131689354824411        0.131689350824774
         11.852533199874500        0.000000011663057       -0.161369906873075        0.161369918536132
         11.973477416199751        0.000000006590244       -0.012536496715343        0.012536503305586
         12.094421632525000       -0.000000001179099        0.157698884989351       -0.157698886168450
         12.215365848850251        0.000000012484860        0.149466137498326       -0.149466125013466
         12.336310065175500        0.000000004140090       -0.021127576343565        0.021127580483654
         12.457254281500751        0.000000002430415       -0.177519125339152        0.177519127769567
         12.578198497826001        0.000000010792495       -0.131303122637218        0.131303133429713
         12.699142714151250        0.000000004094795        0.057214959613347       -0.057214955518552
         12.820086930476501        0.000000005376515        0.189262624127571       -0.189262618751056
         12.941031146801750        0.000000007494751        0.107605686998602       -0.107605679503851
         13.061975363127001        0.000000006418149       -0.093371402956211        0.093371409374361
         13.182919579452250        0.000000006287401       -0.192596446934440        0.192596453221841
         13.303863795777501        0.000000004651940       -0.078485961789371        0.078485966441311
         13.424808012102751        0.000000010121578        0.126333537970334       -0.126333527848756
         13.545752228428000        0.000000004293758        0.188337896984735       -0.188337892690977
         13.666696444753251        0.000000004014791        0.044387455099768       -0.044387451084978
         13.787640661078500        0.000000013698183       -0.153387422685399        0.153387436383582
         13.908584877403751        0.000000000016069       -0.177137586077858        0.177137586093928
         14.029529093729000        0.000000005973098       -0.007044503054247        0.007044509027345
         14.150473310054251        0.000000015440131        0.173408390293818       -0.173408374853687
         14.271417526379501       -0.000000004372535        0.159157278563263       -0.159157282935798
         14.392361742704750        0.000000009765411       -0.030819370833291        0.030819380598701
         14.513305959030001        0.000000013905637       -0.186299913307299        0.186299927212936
         14.634250175355250       -0.000000006850219       -0.134770068444156        0.134770061593937
         14.755194391680501        0.000000014011683        0.066765782856980       -0.066765768845296
         14.876138608005750        0.000000009404493        0.192113672652909       -0.192113663248416
         14.997082824331001       -0.000000006328132        0.105203764863633       -0.105203771191765
         15.118027040656251        0.000000017014777       -0.099278777118381        0.099278794133158
         15.238971256981500        0.000000003477894       -0.190747143729654        0.190747147207548
         15.359915473306751       -0.000000003334088       -0.072292544574954        0.072292541240866
         15.480859689632000        0.000000017527844        0.127649189660694       -0.127649172132850
         15.601803905957251       -0.000000001332816        0.182249307126061       -0.182249308458877
         15.722748122282500        0.000000000811297        0.037924171380088       -0.037924170568791
         15.843692338607751        0.000000015045114       -0.151487109234028        0.151487124279142
         15.964636554933001       -0.000000003410057       -0.167052975040137        0.167052971630080
         16.085580771258250        0.000000004310774       -0.003527397593981        0.003527401904755
         16.206524987583499        0.000000010606488        0.170391934874289       -0.170391924267801
         16.327469203908752       -0.000000002179649        0.146106711960013       -0.146106714139662
         16.448413420234001        0.000000005824832       -0.030110064083305        0.030110069908137
         16.569357636559250        0.000000006046125       -0.183715521786029        0.183715527832154
         16.690301852884499        0.000000001204587       -0.120735962925411        0.120735964129998
         16.811246069209751        0.000000004776602        0.062755554484569       -0.062755549707967
         16.932190285535000        0.000000003723679        0.190700995721437       -0.190700991997757
         17.053134501860249        0.000000004898936        0.092299958715867       -0.092299953816931
         17.174078718185502        0.000000001554447       -0.094191087034418        0.094191088588865
         17.295022934510751        0.000000004950121       -0.190845631718118        0.190845636668238
         17.415967150836000        0.000000007204408       -0.061662929914277        0.061662937118685
         17.536911367161249       -0.000000002472526        0.123698520986771       -0.123698523459298
         17.657855583486501        0.000000009283518        0.184262377925355       -0.184262368641837
         17.778799799811750        0.000000007229065        0.029103463383309       -0.029103456154244
         17.899744016136999       -0.000000005247874       -0.149904534576474        0.149904529328599
         18.020688232462252        0.000000014952123       -0.171500274603183        0.171500289555306
         18.141632448787501        0.000000005021211        0.005319391631988       -0.005319386610777
         18.262576665112750       -0.000000005093218        0.171218296131798       -0.171218301225016
         18.383520881437999        0.000000019437716        0.153189007802805       -0.153188988365089
         18.504465097763251        0.000000001497813       -0.041137411657121        0.041137413154934
         18.625409314088500       -0.000000001282794       -0.186252643873452        0.186252642590657
         18.746353530413749        0.000000021225092       -0.129720169309600        0.129720190534692
         18.867297746739002       -0.000000001905168        0.077170250833280       -0.077170252738448
         18.988241963064251        0.000000005029855        0.194200411985286       -0.194200406955432
         19.109186179389500        0.000000019666116        0.101258109654979       -0.101258089988863
         19.230130395714749       -0.000000003615165       -0.111394905300343        0.111394901685178
         19.351074612040001        0.000000011942879       -0.194931596148108        0.194931608090987
         19.472018828365250        0.000000016015679       -0.067852410272629        0.067852426288309
         19.592963044690499       -0.000000002839275        0.141304011256625       -0.141304014095900
         19.713907261015752        0.000000016573593        0.188850373330873       -0.188850356757280
         19.834851477341001        0.000000012039609        0.030075260068363       -0.030075248028754
         19.955795693666250        0.000000000667260       -0.164744246978273        0.164744247645533
         20.076739909991499        0.000000017457504       -0.176099626535704        0.176099643993207
         20.197684126316751        0.000000009421391        0.010072721320183       -0.010072711898792
         20.318628342642000        0.000000005545757        0.181064254757862       -0.181064249212105
         20.439572558967249        0.000000014799903        0.155973707585065       -0.155973692785162
         20.560516775292502        0.000000008934734       -0.048925763688154        0.048925772622888
         20.681460991617751        0.000000009445854       -0.190990090139540        0.190990099585394
         20.802405207943000        0.000000010873278       -0.127731734865645        0.127731745738922
         20.923349424268253        0.000000010784448        0.082904824648502       -0.082904813864054
         21.044293640593501        0.000000010061994        0.194911577735811       -0.194911567673817
         21.165237856918750        0.000000007546110        0.092670029703708       -0.092670022157599
         21.286182073243999        0.000000014195359       -0.110667859082882        0.110667873278241
         21.407126289569252        0.000000007327350       -0.191577877235917        0.191577884563267
         21.528070505894501        0.000000005796702       -0.054596529226529        0.054596535023231
         21.649014722219750        0.000000017034578        0.132930811949238       -0.132930794914659
         21.769958938545003        0.000000003059123        0.179396080768921       -0.179396077709798
         21.890903154870252        0.000000006168417        0.017643669837843       -0.017643663669426
         22.011847371195501        0.000000016990570       -0.150205565239652        0.150205582230222
         22.132791587520749       -0.000000001238981       -0.158608210044754        0.158608208805773
         22.253735803846002        0.000000008496803        0.015913745775409       -0.015913737278607
         22.374680020171251        0.000000013725953        0.161694554966388       -0.161694541240435
         22.495624236496500       -0.000000004255797        0.131559546739894       -0.131559550995692
         22.616568452821753        0.000000011384616       -0.045533115844331        0.045533127228947
         22.737512669147002        0.000000008062137       -0.166245525087384        0.166245533149521
         22.858456885472251       -0.000000005564903       -0.101253501310957        0.101253495746054
         22.979401101797500        0.000000013043587        0.071125230823960       -0.071125217780373
         23.100345318122752        0.000000001923575        0.163506190158320       -0.163506188234744
         23.221289534448001       -0.000000004958184        0.070151203519746       -0.070151208477931
         23.342233750773250        0.000000012217071       -0.092468727692400        0.092468739909471
         23.463177967098503       -0.000000003426037       -0.154078675181577        0.154078671755540
         23.584122183423752       -0.000000003390212       -0.039991762991606        0.039991759601393
         23.705066399749001        0.000000009090311        0.109349736051751       -0.109349726961441
         23.826010616074250       -0.000000006518197        0.139051486522261       -0.139051493040458
         23.946954832399502       -0.000000001995463        0.011954480326682       -0.011954482322146
         24.067899048724751        0.000000004488371       -0.121749640009122        0.121749644497493
         24.188843265050000       -0.000000007210632       -0.119701668267803        0.119701661057172
         24.309787481375253       -0.000000001643480        0.013282152311454       -0.013282153954934
         24.430731697700502       -0.000000000007376        0.129673027791026       -0.129673027798402
         24.551675914025751       -0.000000005913386        0.097450086182970       -0.097450092096355
         24.672620130351000       -0.000000002466873       -0.035639423031014        0.035639420564141
         24.793564346676252       -0.000000003073489       -0.132944029134205        0.132944026060716
         24.914508563001501       -0.000000003900433       -0.073837034353550        0.073837030453117
         25.035452779326750       -0.000000004018716        0.055439299673706       -0.055439303692422
         25.156396995652003       -0.000000003739830        0.131322829205172       -0.131322832945001
         25.277341211977252       -0.000000002227976        0.050146361177982       -0.050146363405957
         25.398285428302501       -0.000000005565021       -0.072862239542209        0.072862233977188
         25.519229644627750       -0.000000002122011       -0.124947790110029        0.124947787988017
         25.640173860953002       -0.000000001372306       -0.027022023649843        0.027022022277537
         25.761118077278251       -0.000000006280775        0.087528268671944       -0.087528274952719
         25.882062293603500        0.000000000666681        0.114489869118264       -0.114489868451583
         26.003006509928753       -0.000000001238569        0.004575885968225       -0.004575887206794
         26.123950726254002       -0.000000005493741       -0.098669981856018        0.098669976362277
         26.244894942579251        0.000000003485502       -0.100830139174066        0.100830142659568
         26.365839158904500       -0.000000001432544        0.017099716874710       -0.017099718307253
         26.486783375229752       -0.000000003226678        0.105608625957302       -0.105608629183980
         26.607727591555001        0.000000005294154        0.084705775161970       -0.084705769867816
         26.728671807880250       -0.000000001405134       -0.037537191630483        0.037537190225349
         26.849616024205503        0.000000000075185       -0.108047514416262        0.108047514491447
         26.970560240530752        0.000000006013574       -0.066605407105452        0.066605413119026
         27.091504456856001       -0.000000000839241        0.055833560137084       -0.055833560976325
         27.212448673181250        0.000000003352559        0.106172929877211       -0.106172926524652
         27.333392889506502        0.000000005833239        0.046860430048671       -0.046860424215432
         27.454337105831751        0.000000000468290       -0.070779350097601        0.070779350565891
         27.575281322157000        0.000000005811866       -0.100585653475020        0.100585659286886
         27.696225538482253        0.000000005462106       -0.025835839193027        0.025835844655133
         27.817169754807502        0.000000002225274        0.081232327404630       -0.081232325179355
         27.938113971132751        0.000000006771191        0.092015171787272       -0.092015165016081
         28.059058187458000        0.000000005271150        0.004327167200554       -0.004327161929404
         28.180002403783252        0.000000004094395       -0.086695079414600        0.086695083508995
         28.300946620108501        0.000000006443598       -0.080845054042014        0.080845060485611
         28.421890836433750        0.000000005360029        0.016095793631447       -0.016095788271418
         28.542835052759003        0.000000005342201        0.087697378043997       -0.087697372701796
         28.663779269084252        0.000000005427613        0.066997308414398       -0.066997302986786
         28.784723485409501        0.000000005585409       -0.033391806445867        0.033391812031276
         28.905667701734750        0.000000005392979       -0.085393389969795        0.085393395362774
         29.026611918060002        0.000000004350650       -0.050581421784194        0.050581426134844
         29.147556134385251        0.000000005738393        0.046048559044044       -0.046048553305651
         29.268500350710500        0.000000004185812        0.080618561409549       -0.080618557223737
         29.389444567035753        0.000000003389673        0.032632748682068       -0.032632745292395
         29.510388783361002        0.000000005441096       -0.053836449616134        0.053836455057230
         29.631332999686251        0.000000002209691       -0.073536476063168        0.073536478272859
         29.752277216011500        0.000000002405764       -0.014995285846772        0.014995288252536
         29.873221432336752        0.000000004369307        0.057462219512517       -0.057462215143210
         29.994165648662001        0.000000000143970        0.064147963064984       -0.064147962921013
         30.115109864987250        0.000000001272237       -0.000606932751257        0.000606934023494
         30.236054081312503        0.000000002367966       -0.057787392333193        0.057787394701159
         30.356998297637752       -0.000000001787171       -0.052935033825380        0.052935032038209
         30.477942513963001       -0.000000000145939        0.013162634138060       -0.013162634283999
         30.598886730288250       -0.000000000174363        0.055412924639717       -0.055412924814080
         30.719830946613502       -0.000000003459174        0.040809066388484       -0.040809069847658
         30.840775162938751       -0.000000001959421       -0.022359406539964        0.022359404580543
         30.961719379264000       -0.000000002853304       -0.050880197216093        0.050880194362789
         31.082663595589253       -0.000000005015254       -0.028743476365358        0.028743471350104
         31.203607811914502       -0.000000004032107        0.028176085043818       -0.028176089075924
         31.324552028239751       -0.000000005216652        0.044853174022349       -0.044853179239001
         31.445496244565000       -0.000000006419765        0.017398946040628       -0.017398952460393
         31.566440460890252       -0.000000006125029       -0.030701934517773        0.030701928392744
         31.687384677215501       -0.000000007096910       -0.038163841272954        0.038163834176044
         31.808328893540750       -0.000000007657617       -0.007170914854279        0.007170907196663
         31.929273109866003       -0.000000007792083        0.030143961057437       -0.030143968849520
         32.050217326191252       -0.000000008356085        0.031488711017925       -0.031488719374011
         32.171161542516501       -0.000000008566792       -0.001566681213714        0.001566672646922
         32.292105758841750       -0.000000008760286       -0.027116591958114        0.027116583197829
         32.413049975166999       -0.000000008933883       -0.025070055363688        0.025070046429805
         32.533994191492248       -0.000000008956206        0.008170880770542       -0.008170889726748
         32.654938407817504       -0.000000008922380        0.022629087361916       -0.022629096284296
         32.775882624142753       -0.000000008781333        0.018763965721705       -0.018763974503038
         32.896826840468002       -0.000000008659536       -0.012012051333501        0.012012042673965
         33.017771056793251       -0.000000008349492       -0.017649165206350        0.017649156856857
         33.138715273118500       -0.000000007960060       -0.012635160062597        0.012635152102537
         33.259659489443749       -0.000000007663969        0.012973523320754       -0.012973530984723
         33.380603705768998       -0.000000007161083        0.012588253198925       -0.012588260360008
         33.501547922094254       -0.000000006619304        0.007254720149086       -0.007254726768390
         33.622492138419503       -0.000000006104503       -0.011566341676464        0.011566335571961
         33.743436354744752       -0.000000005524776       -0.007455273164849        0.007455267640073
         33.864380571070001       -0.000000004894609       -0.003428303494856        0.003428298600247
         33.985324787395250       -0.000000004253861        0.008497187303724       -0.008497191557585
         34.106269003720499       -0.000000003629680        0.002294911630834       -0.002294915260514
         34.227213220045748       -0.000000002980177        0.001744195085000       -0.001744198065177
         34.348157436371004       -0.000000002313668       -0.004360838509308        0.004360836195640
         34.469101652696253       -0.000000001685888        0.002558177266401       -0.002558178952289
         34.590045869021502       -0.000000001052035       -0.002418232983175        0.002418231931140
         34.710990085346751       -0.000000000473743       -0.000435381676474        0.000435381202732
         34.831934301672000        0.000000000151973       -0.006498892488189        0.006498892640162
         34.952878517997249        0.000000000686261        0.005243652930264       -0.005243652244003
         35.073822734322498        0.000000001187462        0.005650300016040       -0.005650298828578
         35.194766950647754        0.000000001713354        0.008689426380573       -0.008689424667220
         35.315711166973003        0.000000002107720       -0.009603109281819        0.009603111389539
         35.436655383298252        0.000000002565299       -0.011195091278616        0.011195093843914
         35.557599599623501        0.000000002917971       -0.008247893678902        0.008247896596874
         35.678543815948750        0.000000003124856        0.014632328787682       -0.014632325662825
         35.799488032273999        0.000000003535736        0.016867663572099       -0.016867660036364
         35.920432248599248        0.000000003681527        0.004663894469941       -0.004663890788414
         36.041376464924504        0.000000003760916       -0.019711122350177        0.019711126111093
         36.162320681249753        0.000000003970824       -0.021966000516054        0.021966004486877
         36.283264897575002        0.000000003979445        0.001703718094847       -0.001703714115402
         36.404209113900251        0.000000004003294        0.024790050328529       -0.024790046325235
         36.525153330225500        0.000000003842115        0.025197591873452       -0.025197588031337
         36.646097546550749        0.000000003824383       -0.009753619344920        0.009753623169303
         36.767041762875998        0.000000003743780       -0.030132626062479        0.030132629806259
         36.887985979201254        0.000000003213516       -0.025345895870868        0.025345899084384
         37.008930195526503        0.000000003314611        0.018347844412834       -0.018347841098223
         37.129874411851752        0.000000002847351        0.035572837316659       -0.035572834469308
         37.250818628177001        0.000000002186352        0.021980344233485       -0.021980342047133
         37.371762844502250        0.000000002528462       -0.026963155417639        0.026963157946101
         37.492707060827499        0.000000001304679       -0.040297893731340        0.040297895036019
         37.613651277152748        0.000000000842046       -0.015577704822123        0.015577705664169
         37.734595493478004        0.000000001470416        0.035532257399160       -0.035532255928744
         37.855539709803253       -0.000000000695586        0.043219393180762       -0.043219393876348
         37.976483926128502       -0.000000000654323        0.006955262005633       -0.006955262659956
         38.097428142453751        0.000000000017582       -0.044032962547622        0.044032962565204
         38.218372358779000       -0.000000002900294       -0.043540968751357        0.043540965851063
         38.339316575104249       -0.000000002180963        0.003123838447628       -0.003123840628591
         38.460260791429498       -0.000000001819179        0.052201259125030       -0.052201260944208
         38.581205007754754       -0.000000004956919        0.040859066234983       -0.040859071191902
         38.702149224080003       -0.000000003650690       -0.014121695887027        0.014121692236337
         38.823093440405252       -0.000000003941552       -0.059631366366631        0.059631362425079
         38.944037656730501       -0.000000006573060       -0.035139735093498        0.035139728520438
         39.064981873055750       -0.000000005034036        0.025655466966439       -0.025655472000474
         39.185926089380999       -0.000000005978471        0.065759930120080       -0.065759936098551
         39.306870305706248       -0.000000007531528        0.026611697344369       -0.026611704875897
         39.427814522031504       -0.000000006285783       -0.037598727256639        0.037598720970856
         39.548758738356753       -0.000000007466015       -0.069871013118431        0.069871005652416
         39.669702954682002       -0.000000007851615       -0.015808668653805        0.015808660802190
         39.790647171007251       -0.000000007307738        0.049994724049891       -0.049994731357629
         39.911591387332500       -0.000000007844150        0.071111221514504       -0.071111229358654
         40.032535603657749       -0.000000007710047        0.003297241154938       -0.003297248864986
         40.153479819982998       -0.000000007934984       -0.062783848562087        0.062783840627103
         40.274424036308254       -0.000000006853945       -0.068894741091855        0.068894734237909
         40.395368252633503       -0.000000007320542        0.010661681487786       -0.010661688808328
         40.516312468958752       -0.000000007841581        0.075334091305709       -0.075334099147291
         40.637256685284001       -0.000000004738284        0.063120069225104       -0.063120073963387
         40.758200901609250       -0.000000006838548       -0.026242504049507        0.026242497210959
         40.879145117934499       -0.000000006596248       -0.086519171788468        0.086519165192220
         41.000089334259748       -0.000000002139344       -0.054011745022465        0.054011742883121
         41.121033550585004       -0.000000006293476        0.043571288850104       -0.043571295143580
         41.241977766910253       -0.000000004007105        0.095098102199633       -0.095098106206738
         41.362921983235502        0.000000000185756        0.041698148560204       -0.041698148374448
         41.483866199560751       -0.000000005459187       -0.062352293861902        0.062352288402716
         41.604810415886000       -0.000000000307579       -0.100048758819762        0.100048758512184
         41.725754632211249        0.000000001711684       -0.026224225710979        0.026224227422663
         41.846698848536505       -0.000000003962723        0.081772348632736       -0.081772352595459
         41.967643064861754        0.000000003796211        0.100521888452150       -0.100521884655939
         42.088587281187003        0.000000002297173        0.007706227709258       -0.007706225412085
         42.209531497512252       -0.000000001529228       -0.100674939146218        0.100674937616990
         42.330475713837501        0.000000007483762       -0.095923265932325        0.095923273416086
         42.451419930162750        0.000000002353875        0.013519314449695       -0.013519312095820
         42.572364146487999        0.000000001638217        0.117536449920963       -0.117536448282745
         42.693308362813255        0.000000009977013        0.086081056355577       -0.086081046378563
         42.814252579138504        0.000000002670578       -0.037043902336393        0.037043905006970
         42.935196795463753        0.000000004961336       -0.130519419055667        0.130519424017003
         43.056141011789002        0.000000010861721       -0.071493126903666        0.071493137765387
         43.177085228114251        0.000000003906373        0.062333882529341       -0.062333878622968
         43.298029444439500        0.000000007701975        0.137728375925281       -0.137728368223307
         43.418973660764749        0.000000010316317        0.053027946695221       -0.053027936378903
         43.539917877090005        0.000000006044273       -0.088383417796269        0.088383423840542
         43.660862093415254        0.000000009204909       -0.138041696872817        0.138041706077726
         43.781806309740503        0.000000009291851       -0.031315753669448        0.031315762961298
         43.902750526065752        0.000000008435994        0.113151116281457       -0.113151107845463
         44.023694742391001        0.000000008895763        0.131668391988754       -0.131668383092991
         44.144638958716250        0.000000008965060        0.006406506940815       -0.006406497975756
         44.265583175041499        0.000000010312037       -0.133931829601453        0.133931839913491
         44.386527391366755        0.000000006713185       -0.119797513417595        0.119797520130780
         44.507471607692004        0.000000009813216        0.021441115446223       -0.021441105633007
         44.628415824017253        0.000000010932730        0.148525541468226       -0.148525530535495
         44.749360040342502        0.000000003615213        0.103425745257206       -0.103425741641993
         44.870304256667751        0.000000011404138       -0.050938714814431        0.050938726218569
         44.991248472993000        0.000000009585597       -0.156180025217486        0.156180034803083
         45.112192689318249        0.000000001164238       -0.082958718672465        0.082958719836703
         45.233136905643505        0.000000012897580        0.079885446993572       -0.079885434095992
         45.354081121968754        0.000000006056192        0.157187208468126       -0.157187202411934
         45.475025338294003        0.000000000392784        0.058691877807552       -0.058691877414768
         45.595969554619252        0.000000013411782       -0.106224102479610        0.106224115891392
         45.716913770944501        0.000000001249342       -0.152109491296156        0.152109492545498
         45.837857987269750        0.000000001289811       -0.031455955848307        0.031455957138118
         45.958802203594999        0.000000012160536        0.128616751584681       -0.128616739424145
         46.079746419920255       -0.000000003237981        0.141360338242178       -0.141360341480159
         46.200690636245504        0.000000002994641        0.002480024851120       -0.002480021856479
         46.321634852570753        0.000000008954676       -0.146410455694801        0.146410464649477
         46.442579068896002       -0.000000005870393       -0.125431037323220        0.125431031452827
         46.563523285221251        0.000000004370464        0.027009698393029       -0.027009694022565
         46.684467501546500        0.000000004422959        0.159163077994790       -0.159163073571830
         46.805411717871749       -0.000000006109227        0.105059558370147       -0.105059564479374
         46.926355934197005        0.000000004448309       -0.056216699530045        0.056216703978353
         47.047300150522254        0.000000000189801       -0.166415939459353        0.166415939649154
         47.168244366847503       -0.000000004458986       -0.081295795835531        0.081295791376545
         47.289188583172752        0.000000002774184        0.084711249337156       -0.084711246562973
         47.410132799498001       -0.000000001957182        0.167654917057242       -0.167654919014425
         47.531077015823250       -0.000000002192897        0.055140110493076       -0.055140112685973
         47.652021232148499       -0.000000000344034       -0.112110471547728        0.112110471203693
         47.772965448473755       -0.000000000832542       -0.162684747380424        0.162684746547882
         47.893909664799004       -0.000000000588541       -0.027178079135590        0.027178078547049
         48.014853881124253       -0.000000003722505        0.137534185672056       -0.137534189394560
         48.135798097449502        0.000000003246237        0.151812942253158       -0.151812939006921
         48.256742313774751       -0.000000000495687       -0.002596338652777        0.002596338157090
         48.377686530100000       -0.000000005548192       -0.159596358024446        0.159596352476254
         48.498630746425249        0.000000008660390       -0.135721128755357        0.135721137415747
         48.619574962750505       -0.000000002106137        0.034272337313252       -0.034272339419389
         48.740519179075754       -0.000000004228723        0.176737755927507       -0.176737760156230
         48.861463395401003        0.000000013448809        0.114958551382276       -0.114958537933467
         48.982407611726252       -0.000000004746746       -0.067532970524988        0.067532965778242
         49.103351828051501        0.000000000455145       -0.187675777800429        0.187675778255575
         49.224296044376750        0.000000015910259       -0.089881005763760        0.089881021674019
         49.345240260701999       -0.000000006905165        0.101406076934076       -0.101406083839240
         49.466184477027255        0.000000007551565        0.191371199862442       -0.191371192310877
         49.587128693352504        0.000000015345369        0.060825579018924       -0.060825563673555
         49.708072909677753       -0.000000007020546       -0.134483599728100        0.134483592707554
         49.829017126003002        0.000000014924666       -0.187079423802228        0.187079438726893
         49.949961342328251        0.000000012155440       -0.028390575678973        0.028390587834413
         50.070905558653500       -0.000000004258005        0.164887189129415       -0.164887193387419
         50.191849774978749        0.000000020810179        0.174549546815878       -0.174549526005698
         50.312793991304005        0.000000008149593       -0.006821609099911        0.006821617249503
         50.433738207629254        0.000000000615022       -0.190174744144333        0.190174744759356
         50.554682423954503        0.000000023440726       -0.154602055673213        0.154602079113939
         50.675626640279752        0.000000005624019        0.044408197452990       -0.044408191828971
         50.796570856605001        0.000000006382725        0.207355884286301       -0.207355877903576
         50.917515072930250        0.000000022329406        0.129025034756900       -0.129025012427495
         51.038459289255499        0.000000005936659       -0.083781854523874        0.083781860460532
         51.159403505580755        0.000000011334967       -0.214111939280899        0.214111950615865
         51.280347721906004        0.000000018380049       -0.099400671143180        0.099400689523229
         51.401291938231253        0.000000008756542        0.122684487453437       -0.122684478696895
         51.522236154556502        0.000000013965518        0.210429959337280       -0.210429945371762
         51.643180370881751        0.000000014389673        0.065674287900755       -0.065674273511082
         51.764124587207000        0.000000012887059       -0.156804679521209        0.156804692408268
         51.885068803532249        0.000000012678069       -0.198684471713729        0.198684484391797
         52.006013019857505        0.000000012673223       -0.027150680517023        0.027150693190246
         52.126957236182754        0.000000016974679        0.181977882323892       -0.181977865349213
         52.247901452508003        0.000000007990410        0.181065256087797       -0.181065248097387
         52.368845668833252        0.000000013703661       -0.014840129362925        0.014840143066586
         52.489789885158501        0.000000018946754       -0.197029993109865        0.197030012056619
         52.610734101483750        0.000000002727924       -0.157722079870511        0.157722082598435
         52.731678317808999        0.000000016817487        0.056279658751820       -0.056279641934333
         52.852622534134255        0.000000016620480        0.203373312449069       -0.203373295828589
         52.973566750459504       -0.000000000528486        0.128025847280122       -0.128025847808608
         53.094510966784753        0.000000020908220       -0.093087718896842        0.093087739805062
         53.215455183110002        0.000000010351853       -0.202480194179495        0.202480204531348
         53.336399399435251       -0.000000000770178       -0.092896995269694        0.092896994499516
         53.457343615760500        0.000000023944886        0.123291283266642       -0.123291259321756
         53.578287832085749        0.000000002352130        0.194643193810365       -0.194643191458236
         53.699232048411005        0.000000001355441        0.054956042517455       -0.054956041162014
         53.820176264736254        0.000000024129730       -0.146749039493701        0.146749063623431
         53.941120481061503       -0.000000004175344       -0.179830148868024        0.179830144692680
         54.062064697386752        0.000000004782137       -0.017105271397069        0.017105276179206
         54.183008913712001        0.000000020532520        0.163805992095315       -0.163805971562795
         54.303953130037250       -0.000000007659218        0.158627009082988       -0.158627016742206
         54.424897346362499        0.000000007900932       -0.018578510574758        0.018578518475690
         54.545841562687755        0.000000014490065       -0.174656955496084        0.174656969986149
         54.666785779013004       -0.000000007461356       -0.132372237166373        0.132372229705016
         54.787729995338253        0.000000009334160        0.050993431254498       -0.050993421920338
         54.908674211663502        0.000000007831465        0.179317997430951       -0.179317989599486
         55.029618427988751       -0.000000004747458        0.102781365646582       -0.102781370394040
         55.150562644314000        0.000000008492886       -0.079769517948824        0.079769526441711
         55.271506860639249        0.000000003029676       -0.177785136868995        0.177785139898671
         55.392451076964505       -0.000000001172897       -0.071565076463163        0.071565075290266
         55.513395293289754        0.000000005682829        0.104882702061150       -0.104882696378322
         55.634339509615003        0.000000001284829        0.170184479475376       -0.170184478190547
         55.755283725940252        0.000000001468561        0.040061422926937       -0.040061421458376
         55.876227942265501        0.000000002133003       -0.126246764821939        0.126246766954942
         55.997172158590750        0.000000002695536       -0.156993554054728        0.156993556750264
         56.118116374915999        0.000000002216997       -0.009025660101939        0.009025662318936
         56.239060591241255       -0.000000000571528        0.143394203621066       -0.143394204192594
         56.360004807566504        0.000000005914392        0.139051130586462       -0.139051124672070
         56.480949023891753        0.000000001022454       -0.021261669517261        0.021261670539715
         56.601893240217002       -0.000000001078616       -0.155603320325117        0.155603319246501
         56.722837456542251        0.000000009054263       -0.117307037422388        0.117307046476651
         56.843781672867500       -0.000000001360149        0.050502327902251       -0.050502329262400
         56.964725889192749        0.000000001144981        0.162232590547171       -0.162232589402191
         57.085670105518005        0.000000010824220        0.092486226991760       -0.092486216167540
         57.206614321843254       -0.000000003732531       -0.078035582395404        0.078035578662873
         57.327558538168503        0.000000005130134       -0.162996845477492        0.162996850607626
         57.448502754493752        0.000000010579556       -0.065118198331488        0.065118208911044
         57.569446970819001       -0.000000004729894        0.102778424922902       -0.102778429652795
         57.690391187144250        0.000000009539139        0.157906602591037       -0.157906593051897
         57.811335403469499        0.000000008822745        0.035748078220719       -0.035748069397974
         57.932279619794755       -0.000000003738846       -0.123509492844402        0.123509489105556
         58.053223836120004        0.000000012470305       -0.147185547758973        0.147185560229278
         58.174168052445253        0.000000006456365       -0.005257353203644        0.005257359660009
         58.295112268770502       -0.000000000729177        0.139139010869715       -0.139139011598892
         58.416056485095751        0.000000013298352        0.131121613769440       -0.131121600471088
         58.537000701421000        0.000000004605496       -0.025008327030715        0.025008331636211
         58.657944917746249        0.000000003026046       -0.149016893855192        0.149016896881238
         58.778889134071505        0.000000011966319       -0.110092421747082        0.110092433713401
         58.899833350396754        0.000000004071102        0.053278674830323       -0.053278670759221
         59.020777566722003        0.000000006164191        0.152935700212426       -0.152935694048234
         59.141721783047252        0.000000009678016        0.084751880969881       -0.084751871291865
         59.262665999372501        0.000000005031417       -0.077839319646620        0.077839324678037
         59.383610215697750        0.000000007298345       -0.150891615936825        0.150891623235170
         59.504554432022999        0.000000007458588       -0.056449195309953        0.056449202768541
         59.625498648348255        0.000000006986223        0.097586007564085       -0.097586000577862
         59.746442864673504        0.000000006379392        0.142798996061895       -0.142798989682503
         59.867387080998753        0.000000006138062        0.027285323879845       -0.027285317741784
         59.988331297324002        0.000000008689822       -0.112168101364684        0.112168110054506
         60.109275513649251        0.000000004211208       -0.128747145799216        0.128747150010424
         60.230219729974500        0.000000006053113        0.000489707997450       -0.000489701944337
         60.351163946299749        0.000000008902059        0.121503365133739       -0.121503356231680
         60.472108162625005        0.000000001771918        0.109564047129018       -0.109564045357100
         60.593052378950254        0.000000006993015       -0.025258724064376        0.025258731057391
         60.713996595275503        0.000000007366898       -0.125388896640270        0.125388904007168
         60.834940811600752       -0.000000000053864       -0.086929323727506        0.086929323673641
         60.955885027926001        0.000000008080714        0.046220163264285       -0.046220155183571
         61.076829244251250        0.000000004429409        0.123709865400377       -0.123709860970967
         61.197773460576499       -0.000000000988697        0.062860626899490       -0.062860627888187
         61.318717676901755        0.000000008383443       -0.063006393509163        0.063006401892606
         61.439661893227004        0.000000001195863       -0.116815603824542        0.116815605020405
         61.560606109552253       -0.000000000953624       -0.039095402571425        0.039095401617800
         61.681550325877502        0.000000007245158        0.075431889672186       -0.075431882427028
         61.802494542202751       -0.000000001737228        0.105607455818683       -0.105607457555911
         61.923438758528000       -0.000000000524718        0.016916803985394       -0.016916804510111
         62.044382974853249        0.000000004950210       -0.083476738170998        0.083476743121208
         62.165327191178505       -0.000000003595558       -0.091243582018385        0.091243578422826
         62.286271407503754       -0.000000000308735        0.002820856134517       -0.002820856443253
         62.407215623829003        0.000000001976627        0.087404368876962       -0.087404366900335
         62.528159840154252       -0.000000004445510        0.074903244817967       -0.074903249263477
         62.649104056479501       -0.000000000707269       -0.019573035827748        0.019573035120479
         62.770048272804750       -0.000000000749482       -0.087670440572763        0.087670439823282
         62.890992489129999       -0.000000004399063       -0.057630684221430        0.057630679822367
         63.011936705455255       -0.000000001701136        0.033141178797286       -0.033141180498422
         63.132880921780504       -0.000000002721294        0.084790395220085       -0.084790397941379
         63.253825138105753       -0.000000003987751        0.040388663541444       -0.040388667529195
         63.374769354431002       -0.000000002875806       -0.043630548203668        0.043630545327863
         63.495713570756251       -0.000000003531234       -0.079172015089881        0.079172011558647
         63.616657787081500       -0.000000003555536       -0.024012669048848        0.024012665493312
         63.737602003406749       -0.000000003781283        0.051339576755190       -0.051339580536473
         63.858546219732006       -0.000000003280152        0.071204328736039       -0.071204332016191
         63.979490436057254       -0.000000003260452        0.009111285944056       -0.009111289204508
         64.100434652382503       -0.000000004066699       -0.056477043513863        0.056477039447164
         64.221378868707745       -0.000000002360644       -0.061395946417968        0.061395944057324
         64.342323085033001       -0.000000003018253        0.004041236458459       -0.004041239476712
         64.463267301358258       -0.000000003582614        0.059061181308067       -0.059061184890681
         64.584211517683499       -0.000000001228082        0.050404143726300       -0.050404144954382
         64.705155734008756       -0.000000002673308       -0.015360953179642        0.015360950506334
         64.826099950333997       -0.000000002506852       -0.059040050275794        0.059040047768942
         64.947044166659254       -0.000000000298704       -0.038885385186444        0.038885384887740
         65.067988382984495       -0.000000002078365        0.024752356789081       -0.024752358867446
         65.188932599309751       -0.000000001090893        0.056474418104866       -0.056474419195759
         65.309876815635008        0.000000000370646        0.027411333535054       -0.027411333164408
         65.430821031960249       -0.000000001254293       -0.032031418697980        0.032031417443686
         65.551765248285506        0.000000000226258       -0.051607158282114        0.051607158508372
         65.672709464610747        0.000000000791001       -0.016482387388465        0.016482388179465
         65.793653680936004       -0.000000000251493        0.036966967586654       -0.036966967838147
         65.914597897261245        0.000000001278483        0.044872362880898       -0.044872361602415
         66.035542113586502        0.000000001142069        0.006534646768309       -0.006534645626240
         66.156486329911758        0.000000000687557       -0.039340183466442        0.039340184153999
         66.277430546236999        0.000000001897245       -0.036906499086798        0.036906500984043
         66.398374762562256        0.000000001496884        0.002086351988871       -0.002086350491987
         66.519318978887497        0.000000001466645        0.039009332400795       -0.039009330934150
         66.640263195212754        0.000000002172667        0.028498871198077       -0.028498869025411
         66.761207411537995        0.000000001843297       -0.009108133878859        0.009108135722155
         66.882151627863252        0.000000001940992       -0.036043411399314        0.036043413340306
         67.003095844188508        0.000000002192525       -0.020409689534937        0.020409691727463
         67.124040060513749        0.000000002076807        0.014238347054392       -0.014238344977585
         67.244984276839006        0.000000002117787        0.030902728860021       -0.030902726742234
         67.365928493164247        0.000000002091121        0.013174941864923       -0.013174939773802
         67.486872709489504        0.000000002101716       -0.017102686357331        0.017102688459047
         67.607816925814745        0.000000001996951       -0.024426517761771        0.024426519758723
         67.728761142140002        0.000000001896333       -0.007070635281257        0.007070637177589
         67.849705358465258        0.000000001887865        0.017437294617453       -0.017437292729589
         67.970649574790500        0.000000001641533        0.017588319036245       -0.017588317394712
         68.091593791115756        0.000000001555751        0.002336247526181       -0.002336245970430
         68.212538007440997        0.000000001456519       -0.015329103897710        0.015329105354229
         68.333482223766254        0.000000001132410       -0.011146377436659        0.011146378569069
         68.454426440091495        0.000000001020987        0.000725450794792       -0.000725449773805
         68.575370656416752        0.000000000815912        0.011319576236542       -0.011319575420630
         68.696314872742008        0.000000000491814        0.005603555907374       -0.005603555415560
         68.817259089067250        0.000000000293580       -0.001802452281165        0.001802452574745
         68.938203305392506        0.000000000027699       -0.006162087438743        0.006162087466442
         69.059147521717748       -0.000000000289226       -0.001275929956396        0.001275929667171
         69.180091738043004       -0.000000000575265        0.000798973345101       -0.000798973920366
         69.301035954368245       -0.000000000883090        0.000640991637899       -0.000640992520989
         69.421980170693502       -0.000000001197127       -0.001558342567526        0.001558341370399
         69.542924387018758       -0.000000001512766        0.002162006698690       -0.002162008211456
         69.663868603344000       -0.000000001856809        0.004593544734085       -0.004593546590893
         69.784812819669256       -0.000000002169941        0.002712598217491       -0.002712600387432
         69.905757035994498       -0.000000002435497       -0.006733864674047        0.006733862238550
         70.026701252319754       -0.000000002815706       -0.008992515674267        0.008992512858561
         70.147645468644996       -0.000000003069859       -0.002037113992124        0.002037110922264
         70.268589684970252       -0.000000003267956        0.012457309236312       -0.012457312504269
         70.389533901295508       -0.000000003628786        0.012194822431969       -0.012194826060755
         70.510478117620750       -0.000000003767073       -0.000562626562355        0.000562622795282
         70.631422333946006       -0.000000003900126       -0.018715438512102        0.018715434611975
         70.752366550271248       -0.000000004132686       -0.013982035993059        0.013982031860372
         70.873310766596504       -0.000000004155430        0.005195820142256       -0.005195824297685
         70.994254982921746       -0.000000004216614        0.024851747645155       -0.024851751861768
         71.115199199247002       -0.000000004215910        0.014233618094798       -0.014233622310708
         71.236143415572258       -0.000000004222476       -0.011814976001762        0.011814971779285
         71.357087631897500       -0.000000004080148       -0.030280267286550        0.030280263206401
         71.478031848222756       -0.000000003863028       -0.012697132986949        0.012697129123920
         71.598976064547998       -0.000000004012707        0.020109736608758       -0.020109740621465
         71.719920280873254       -0.000000003427245        0.034626787723741       -0.034626791150986
         71.840864497198496       -0.000000003182560        0.009006600604166       -0.009006603786727
         71.961808713523752       -0.000000003575195       -0.029494173050781        0.029494169475586
         72.082752929849008       -0.000000002334009       -0.037562903321492        0.037562900987483
         72.203697146174250       -0.000000002391166       -0.002839424927674        0.002839422536508
         72.324641362499506       -0.000000002893636        0.039315180669508       -0.039315183563144
         72.445585578824748       -0.000000000954163        0.038679324577794       -0.038679325531957
         72.566529795150004       -0.000000001691011       -0.005866450078660        0.005866448387649
