#             time (fs)      |   total net charge (e)  |   charge (atom_1) (e)   |   charge (atom_2) (e)   |        ...        |   charge (atom_N) (e)   |
          0.000000000000000       -0.000000000000000       -0.000000000000000        0.000000000000000
          0.120944216325250       -0.000000027542906       -0.070364192153717        0.070364164610811
          0.241888432650500        0.000000063153474       -0.083227711970330        0.083227775123804
          0.362832648975750        0.000000038130757        0.000863192496464       -0.000863154365708
          0.483776865301000        0.000000007035977        0.066269424726791       -0.066269417690814
          0.604721081626250        0.000000092215650        0.104195978439949       -0.104195886224299
          0.725665297951500        0.000000086086325       -0.011464666383833        0.011464752470158
          0.846609514276750        0.000000060391884       -0.056958956680222        0.056959017072105
          0.967553730602000        0.000000098006855       -0.121884591206610        0.121884689213465
          1.088497946927250        0.000000128870830        0.008360346750876       -0.008360217880046
          1.209442163252500        0.000000130353315        0.070916747297021       -0.070916616943706
          1.330386379577750        0.000000110994401        0.107008395488787       -0.107008284494385
          1.451330595903000        0.000000143563257        0.028267825844568       -0.028267682281311
          1.572274812228250        0.000000160739404       -0.108356021499039        0.108356182238443
          1.693219028553500        0.000000165817038       -0.085414342420322        0.085414508237360
          1.814163244878750        0.000000159854436       -0.045058620915971        0.045058780770407
          1.935107461204000        0.000000159126586        0.100451107382281       -0.100450948255695
          2.056051677529250        0.000000186564042        0.119242000325043       -0.119241813761001
          2.176995893854500        0.000000181847913        0.010256589954734       -0.010256408106821
          2.297940110179750        0.000000179752804       -0.064595308199671        0.064595487952475
          2.418884326505000        0.000000180000230       -0.141761318772570        0.141761498772801
          2.539828542830250        0.000000175235432       -0.019485110149751        0.019485285385183
          2.660772759155500        0.000000173591006        0.090319744266995       -0.090319570675988
          2.781716975480750        0.000000181050130        0.104512493702683       -0.104512312652553
          2.902661191806000        0.000000169616031        0.059640494900584       -0.059640325284553
          3.023605408131250        0.000000162691264       -0.108075714545957        0.108075877237221
          3.144549624456500        0.000000127547804       -0.105520660012935        0.105520787560739
          3.265493840781750        0.000000146987678       -0.041508540037947        0.041508687025625
          3.386438057107000        0.000000162162888        0.070111849583753       -0.070111687420865
          3.507382273432250        0.000000093298033        0.139266447212778       -0.139266353914745
          3.628326489757500        0.000000084106888        0.016040991300986       -0.016040907194098
          3.749270706082750        0.000000107182820       -0.049785920170891        0.049786027353711
          3.870214922408000        0.000000092077827       -0.137696960320867        0.137697052398695
          3.991159138733250        0.000000022779953       -0.027875586593956        0.027875609373908
          4.112103355058500        0.000000030326396        0.060727863780736       -0.060727833454340
          4.233047571383750        0.000000061890739        0.114456924164099       -0.114456862273361
          4.353991787709000       -0.000000023488807        0.047737218093682       -0.047737241582489
          4.474936004034250       -0.000000029767487       -0.069798260631283        0.069798230863797
          4.595880220359500        0.000000007276139       -0.099065874521001        0.099065881797140
          4.716824436684750       -0.000000072622028       -0.055161014008354        0.055160941386326
          4.837768653010000       -0.000000080114667        0.065213689131809       -0.065213769246476
          4.958712869335250       -0.000000044746833        0.098191831437502       -0.098191876184335
          5.079657085660500       -0.000000125227746        0.047199998962121       -0.047200124189867
          5.200601301985750       -0.000000120871631       -0.045155086093595        0.045154965221964
          5.321545518311000       -0.000000100531701       -0.113725855854334        0.113725755322633
          5.442489734636251       -0.000000161200414       -0.026274621706359        0.026274460505945
          5.563433950961501       -0.000000142567978        0.019981708509266       -0.019981851077244
          5.684378167286750       -0.000000165779689        0.122802728458619       -0.122802894238308
          5.805322383612000       -0.000000168669107        0.031455395560552       -0.031455564229660
          5.926266599937250       -0.000000165136224       -0.038441585982077        0.038441420845853
          6.047210816262500       -0.000000187071898       -0.083127532575777        0.083127345503878
          6.168155032587750       -0.000000180826845       -0.077827010892541        0.077826830065695
          6.289099248913001       -0.000000181954654        0.069143210368040       -0.069143392322695
          6.410043465238251       -0.000000185531833        0.073279521778819       -0.073279707310652
          6.530987681563500       -0.000000169186490        0.064377387866132       -0.064377557052622
          6.651931897888750       -0.000000171509043       -0.029364909107291        0.029364737598248
          6.772876114214000       -0.000000179015906       -0.119243772104769        0.119243593088863
          6.893820330539250       -0.000000144652079       -0.034288686151936        0.034288541499857
          7.014764546864500       -0.000000164193171        0.009659678370641       -0.009659842563812
          7.135708763189751       -0.000000120836954        0.123098756561746       -0.123098877398699
          7.256652979515001       -0.000000133914226        0.054233555944580       -0.054233689858806
          7.377597195840250       -0.000000137496163       -0.028356808428370        0.028356670932207
          7.498541412165500       -0.000000066893763       -0.107779277190244        0.107779210296481
          7.619485628490750       -0.000000106309535       -0.079042786506441        0.079042680196906
          7.740429844816000       -0.000000094064324        0.039212601503491       -0.039212695567815
          7.861374061141250       -0.000000024979599        0.107050398079886       -0.107050423059485
          7.982318277466501       -0.000000068433924        0.088708147291023       -0.088708215724947
          8.103262493791750       -0.000000054921029       -0.033873967393479        0.033873912472450
          8.224206710117000        0.000000018099777       -0.121747900646301        0.121747918746078
          8.345150926442249       -0.000000022603014       -0.084324124382178        0.084324101779164
          8.466095142767500       -0.000000023704783        0.015071135680813       -0.015071159385596
          8.587039359092751        0.000000040679283        0.145989044434051       -0.145989003754768
          8.707983575418000        0.000000046880201        0.075363526849914       -0.075363479969713
          8.828927791743251        0.000000017279279       -0.000213399090269        0.000213416369548
          8.949872008068500        0.000000027094430       -0.153303612578085        0.153303639672515
          9.070816224393750        0.000000107722233       -0.093614738476929        0.093614846199162
          9.191760440718999        0.000000073244606        0.021085622772654       -0.021085549528048
          9.312704657044250        0.000000041520940        0.122859332571108       -0.122859291050168
          9.433648873369501        0.000000098720663        0.136130555895557       -0.136130457174894
          9.554593089694750        0.000000100475556       -0.044401936213358        0.044402036688914
          9.675537306020001        0.000000101624636       -0.115889322642401        0.115889424267038
          9.796481522345250        0.000000093001199       -0.127691099780155        0.127691192781354
          9.917425738670500        0.000000097922784        0.007263755453200       -0.007263657530416
         10.038369954995749        0.000000105958003        0.156026210578775       -0.156026104620771
         10.159314171321000        0.000000107899722        0.098149566098471       -0.098149458198749
         10.280258387646251        0.000000107399483        0.009890599111777       -0.009890491712294
         10.401202603971500        0.000000111723835       -0.140830872812477        0.140830984536312
         10.522146820296751        0.000000087759092       -0.132915767948350        0.132915855707442
         10.643091036622000        0.000000094074905        0.026275138763836       -0.026275044688931
         10.764035252947250        0.000000109585324        0.103937468564165       -0.103937358978841
         10.884979469272501        0.000000101447310        0.145806306441062       -0.145806204993753
         11.005923685597750        0.000000082753507       -0.011455047860696        0.011455130614203
         11.126867901923001        0.000000066041553       -0.126605932032377        0.126605998073930
         11.247812118248250        0.000000090859440       -0.106832796415725        0.106832887275164
         11.368756334573501        0.000000091293800       -0.026958435854396        0.026958527148196
         11.489700550898750        0.000000077088275        0.141398828996231       -0.141398751907957
         11.610644767224001        0.000000025874082        0.095887115764026       -0.095887089889945
         11.731588983549251        0.000000073763019        0.024194609456446       -0.024194535693427
         11.852533199874500        0.000000106325891       -0.116035857627545        0.116035963953436
         11.973477416199751       -0.000000005766362       -0.112781681894919        0.112781676128558
         12.094421632525000        0.000000046127237       -0.005730519049240        0.005730565176477
         12.215365848850251        0.000000102144313        0.087753366298374       -0.087753264154061
         12.336310065175500       -0.000000004289619        0.122296434018618       -0.122296438308238
         12.457254281500751        0.000000031441366       -0.001351176792142        0.001351208233508
         12.578198497826001        0.000000088133957       -0.073288853336456        0.073288941470412
         12.699142714151250       -0.000000003855015       -0.117671295281492        0.117671291426477
         12.820086930476501        0.000000033163309       -0.005073011397759        0.005073044561067
         12.941031146801750        0.000000081530853        0.073933610510470       -0.073933528979617
         13.061975363127001       -0.000000003531669        0.097360430459330       -0.097360433990999
         13.182919579452250        0.000000044688315        0.028767920536917       -0.028767875848602
         13.303863795777501        0.000000066041406       -0.092780197025357        0.092780263066762
         13.424808012102751        0.000000026537652       -0.065930911057591        0.065930937595243
         13.545752228428000        0.000000050678328       -0.052116029365730        0.052116080044058
         13.666696444753251        0.000000046699419        0.093564905114039       -0.093564858414620
         13.787640661078500        0.000000062317105        0.077036451164670       -0.077036388847564
         13.908584877403751        0.000000051678956        0.019338985127598       -0.019338933448642
         14.029529093729000        0.000000055030395       -0.042033042060325        0.042033097090720
         14.150473310054251        0.000000057039214       -0.118383396570148        0.118383453609362
         14.271417526379501        0.000000056492110        0.000104429190280       -0.000104372698171
         14.392361742704750        0.000000044230636        0.046078694220891       -0.046078649990254
         14.513305959030001        0.000000065561417        0.085536154093630       -0.085536088532213
         14.634250175355250        0.000000039930228        0.048802501686164       -0.048802461755936
         14.755194391680501        0.000000029460140       -0.086239619054673        0.086239648514813
         14.876138608005750        0.000000027988201       -0.060730358727636        0.060730386715838
         14.997082824331001        0.000000017895834       -0.060334312242826        0.060334330138660
         15.118027040656251        0.000000010935072        0.077183951287548       -0.077183940352477
         15.238971256981500       -0.000000045646764        0.081283810408380       -0.081283856055144
         15.359915473306751       -0.000000016482382        0.044575521511783       -0.044575537994165
         15.480859689632000       -0.000000042789426       -0.058529822066748        0.058529779277321
         15.601803905957251       -0.000000118391311       -0.098899793267479        0.098899674876168
         15.722748122282500       -0.000000077926500       -0.041338440909456        0.041338362982957
         15.843692338607751       -0.000000118289318        0.055604412599114       -0.055604530888432
         15.964636554933001       -0.000000200305939        0.100405775480529       -0.100405975786468
         16.085580771258250       -0.000000164371389        0.054234896339571       -0.054235060710960
         16.206524987583499       -0.000000203069306       -0.067123336824235        0.067123133754929
         16.327469203908752       -0.000000278040231       -0.089328771903908        0.089328493863676
         16.448413420234001       -0.000000272346868       -0.075658120321803        0.075657847974934
         16.569357636559250       -0.000000301182668        0.080234442649265       -0.080234743831932
         16.690301852884499       -0.000000327318712        0.084701995772719       -0.084702323091431
         16.811246069209751       -0.000000375693428        0.078450827666599       -0.078451203360027
         16.932190285535000       -0.000000407011729       -0.063781224487502        0.063780817475773
         17.053134501860249       -0.000000388115314       -0.114123566172421        0.114123178057107
         17.174078718185502       -0.000000435900554       -0.047628439720661        0.047628003820106
         17.295022934510751       -0.000000474232307        0.026854381075554       -0.026854855307861
         17.415967150836000       -0.000000479555205        0.138964712765587       -0.138965192320792
         17.536911367161249       -0.000000476076882        0.045950369783458       -0.045950845860340
         17.657855583486501       -0.000000499003709       -0.040990354205634        0.040989855201924
         17.778799799811750       -0.000000516563514       -0.103815986171303        0.103815469607789
         17.899744016136999       -0.000000515531906       -0.088569852397054        0.088569336865148
         18.020688232462252       -0.000000517401121        0.068801789559112       -0.068802306960232
         18.141632448787501       -0.000000515394305        0.090455174406202       -0.090455689800507
         18.262576665112750       -0.000000504774967        0.076030278722931       -0.076030783497898
         18.383520881437999       -0.000000492092992       -0.031194751547916        0.031194259454924
         18.504465097763251       -0.000000493456721       -0.126707076401187        0.126706582944466
         18.625409314088500       -0.000000476568059       -0.042980274556797        0.042979797988738
         18.746353530413749       -0.000000437491610        0.011859963096004       -0.011860400587614
         18.867297746739002       -0.000000399122736        0.113794692468118       -0.113795091590854
         18.988241963064251       -0.000000413761339        0.067448893690758       -0.067449307452096
         19.109186179389500       -0.000000364542817       -0.042068225327449        0.042067860784632
         19.230130395714749       -0.000000296843644       -0.072731481649554        0.072731184805910
         19.351074612040001       -0.000000279749977       -0.091198983122496        0.091198703372520
         19.472018828365250       -0.000000241227800        0.050508819526073       -0.050509060753873
         19.592963044690499       -0.000000199827241        0.064308562612050       -0.064308762439291
         19.713907261015752       -0.000000122069368        0.079648802191445       -0.079648924260812
         19.834851477341001       -0.000000081706975       -0.031556839097705        0.031556757390731
         19.955795693666250       -0.000000061202565       -0.072240480859641        0.072240419657076
         20.076739909991499        0.000000038017803       -0.061723123859284        0.061723161877088
         20.197684126316751        0.000000084342625        0.016098008457765       -0.016097924115140
         20.318628342642000        0.000000103097575        0.070988601686265       -0.070988498588690
         20.439572558967249        0.000000200095674        0.056498265703344       -0.056498065607670
         20.560516775292502        0.000000241282245       -0.016185521744728        0.016185763026973
         20.681460991617751        0.000000265989203       -0.053994452767648        0.053994718756851
         20.802405207943000        0.000000348114783       -0.067643635310748        0.067643983425531
         20.923349424268253        0.000000377393929        0.031342696756778       -0.031342319362849
         21.044293640593501        0.000000418744433        0.028714930808939       -0.028714512064506
         21.165237856918750        0.000000456117195        0.077470206175597       -0.077469750058403
         21.286182073243999        0.000000487599698       -0.029115314938701        0.029115802538399
         21.407126289569252        0.000000529607626       -0.040719390678978        0.040719920286604
         21.528070505894501        0.000000530853827       -0.038798421021846        0.038798951875674
         21.649014722219750        0.000000556222664       -0.019410187926334        0.019410744148999
         21.769958938545003        0.000000566538244        0.076895035365305       -0.076894468827061
         21.890903154870252        0.000000569667272        0.018808887927009       -0.018808318259737
         22.011847371195501        0.000000567405669        0.008033511448650       -0.008032944042981
         22.132791587520749        0.000000561932516       -0.033597535614583        0.033598097547099
         22.253735803846002        0.000000540334394       -0.067400669901222        0.067401210235615
         22.374680020171251        0.000000523852869        0.029329158384894       -0.029328634532026
         22.495624236496500        0.000000485270403        0.016089586475118       -0.016089101204716
         22.616568452821753        0.000000470191776        0.056299927705024       -0.056299457513248
         22.737512669147002        0.000000418779701        0.001177688244088       -0.001177269464387
         22.858456885472251        0.000000360292495       -0.049940575287786        0.049940935580281
         22.979401101797500        0.000000338690112       -0.023894183211584        0.023894521901697
         23.100345318122752        0.000000263326214       -0.027493172596163        0.027493435922377
         23.221289534448001        0.000000203000099        0.064561384596395       -0.064561181596296
         23.342233750773250        0.000000154231324        0.015806536767731       -0.015806382536407
         23.463177967098503        0.000000073138664        0.032888461985333       -0.032888388846668
         23.584122183423752        0.000000009199745       -0.064551214598390        0.064551223798135
         23.705066399749001       -0.000000048985912       -0.017047876028671        0.017047827042759
         23.826010616074250       -0.000000134949629       -0.032294737773277        0.032294602823648
         23.946954832399502       -0.000000204986834        0.059040778577795       -0.059040983564629
         24.067899048724751       -0.000000251744664        0.025460243168256       -0.025460494912920
         24.188843265050000       -0.000000340244170        0.020693568457147       -0.020693908701317
         24.309787481375253       -0.000000415288663       -0.038704589213875        0.038704173925213
         24.430731697700502       -0.000000450377032       -0.050199196548292        0.050198746171260
         24.551675914025751       -0.000000522172234        0.006087753060634       -0.006088275232868
         24.672620130351000       -0.000000588367375        0.010125753866498       -0.010126342233874
         24.793564346676252       -0.000000631794002        0.069406145520445       -0.069406777314447
         24.914508563001501       -0.000000670567808       -0.011430490837103        0.011429820269295
         25.035452779326750       -0.000000713131318       -0.018873003243394        0.018872290112076
         25.156396995652003       -0.000000758050778       -0.041122582320023        0.041121824269244
         25.277341211977252       -0.000000781311415       -0.026558509386247        0.026557728074831
         25.398285428302501       -0.000000801921401        0.052940318321729       -0.052941120243130
         25.519229644627750       -0.000000817845583        0.015456052755073       -0.015456870600657
         25.640173860953002       -0.000000829037563        0.029547344101127       -0.029548173138689
         25.761118077278251       -0.000000831512173       -0.029953800670305        0.029952969158132
         25.882062293603500       -0.000000828464468       -0.049188533676639        0.049187705212171
         26.003006509928753       -0.000000816078133        0.009962202379842       -0.009963018457976
         26.123950726254002       -0.000000795957399       -0.002107575365137        0.002106779407738
         26.244894942579251       -0.000000770093449        0.054772248077765       -0.054773018171214
         26.365839158904500       -0.000000744739391        0.003649889250203       -0.003650633989595
         26.486783375229752       -0.000000706795208       -0.025698247815968        0.025697541020760
         26.607727591555001       -0.000000653630470       -0.013478632699478        0.013477979069007
         26.728671807880250       -0.000000607155063       -0.036209869391878        0.036209262236815
         26.849616024205503       -0.000000554971761        0.042864155387464       -0.042864710359225
         26.970560240530752       -0.000000498324252        0.005167034224960       -0.005167532549212
         27.091504456856001       -0.000000423254338        0.025062286680060       -0.025062709934399
         27.212448673181250       -0.000000353343518       -0.019394780866661        0.019394427523143
         27.333392889506502       -0.000000293358410       -0.025803886645511        0.025803593287101
         27.454337105831751       -0.000000206746550        0.000578066969799       -0.000578273716349
         27.575281322157000       -0.000000125537722       -0.004571232189779        0.004571106652057
         27.696225538482253       -0.000000057267273        0.037746990582755       -0.037747047850027
         27.817169754807502        0.000000027646057       -0.013074737351073        0.013074764997130
         27.938113971132751        0.000000110353489        0.014014776985765       -0.014014666632275
         28.059058187458000        0.000000180854831       -0.036633908783339        0.036634089638170
         28.180002403783252        0.000000260798567        0.013987947247001       -0.013987686448434
         28.300946620108501        0.000000335869306       -0.011699472906751        0.011699808776057
         28.421890836433750        0.000000398466611        0.022897919580248       -0.022897521113637
         28.542835052759003        0.000000468178445        0.000885759442209       -0.000885291263765
         28.663779269084252        0.000000526912721       -0.010122509761846        0.010123036674567
         28.784723485409501        0.000000577243014        0.010541345647368       -0.010540768404354
         28.905667701734750        0.000000627377870       -0.030103178822724        0.030103806200594
         29.026611918060002        0.000000667276078        0.031889540977873       -0.031888873701795
         29.147556134385251        0.000000701362169       -0.019642933093255        0.019643634455424
         29.268500350710500        0.000000725997849        0.009505829962824       -0.009505103964975
         29.389444567035753        0.000000743400327        0.010559623191553       -0.010558879791227
         29.510388783361002        0.000000753052019       -0.026866935726505        0.026867688778523
         29.631332999686251        0.000000754413643        0.030317741160187       -0.030316986746544
         29.752277216011500        0.000000747456886       -0.020587398804109        0.020588146260996
         29.873221432336752        0.000000732286523       -0.000435648788835        0.000436381075358
         29.994165648662001        0.000000710512526        0.013433545086072       -0.013432834573546
         30.115109864987250        0.000000679316384       -0.026138099007119        0.026138778323503
         30.236054081312503        0.000000641494198        0.035230125280001       -0.035229483785804
         30.356998297637752        0.000000594912710       -0.018563752956455        0.018564347869165
         30.477942513963001        0.000000543200774        0.011471778035736       -0.011471234834962
         30.598886730288250        0.000000490223376       -0.011956353380173        0.011956843603549
         30.719830946613502        0.000000421656448       -0.014015326046497        0.014015747702945
         30.840775162938751        0.000000357062854        0.015455497082299       -0.015455140019445
         30.961719379264000        0.000000289712050       -0.004424206843842        0.004424496555892
         31.082663595589253        0.000000207875467        0.030131675009600       -0.030131467134134
         31.203607811914502        0.000000135520730       -0.022885684604924        0.022885820125654
         31.324552028239751        0.000000060670956        0.003024308837144       -0.003024248166188
         31.445496244565000       -0.000000027334883       -0.031680984590864        0.031680957255982
         31.566440460890252       -0.000000100414585        0.016998100824369       -0.016998201238954
         31.687384677215501       -0.000000171675363        0.011139853519451       -0.011140025194814
         31.808328893540750       -0.000000260904681        0.020104764463782       -0.020105025368462
         31.929273109866003       -0.000000330044593        0.003118672966975       -0.003119003011568
         32.050217326191252       -0.000000390851825       -0.038168357429097        0.038167966577272
         32.171161542516501       -0.000000465697999       -0.000215504797564        0.000215039099565
         32.292105758841750       -0.000000529073165       -0.023222237731076        0.023221708657911
         32.413049975166999       -0.000000582745555        0.051958219182368       -0.051958801927924
         32.533994191492248       -0.000000626290571        0.007761018700313       -0.007761644990884
         32.654938407817504       -0.000000678591750        0.004571432315213       -0.004572110906963
         32.775882624142753       -0.000000724360137       -0.022938356065339        0.022937631705202
         32.896826840468002       -0.000000749492429       -0.049034216876963        0.049033467384534
         33.017771056793251       -0.000000776093448        0.026454785637882       -0.026455561731330
         33.138715273118500       -0.000000797172451        0.009862992627951       -0.009863789800402
         33.259659489443749       -0.000000812702582        0.046164637042797       -0.046165449745379
         33.380603705768998       -0.000000818206852        0.001920237541837       -0.001921055748689
         33.501547922094254       -0.000000818057904       -0.051136105802122        0.051135287744218
         33.622492138419503       -0.000000809921409       -0.011972073180099        0.011971263258689
         33.743436354744752       -0.000000795226761       -0.025611993217874        0.025611197991114
         33.864380571070001       -0.000000774422693        0.052541279752777       -0.052542054175470
         33.985324787395250       -0.000000757107857        0.036644110206379       -0.036644867314236
         34.106269003720499       -0.000000718630615       -0.008882287081948        0.008881568451332
         34.227213220045748       -0.000000672019105       -0.015612341756852        0.015611669737747
         34.348157436371004       -0.000000636583363       -0.067124957229463        0.067124320646100
         34.469101652696253       -0.000000594370329        0.019372228797427       -0.019372823167757
         34.590045869021502       -0.000000540477492        0.021544047894467       -0.021544588371959
         34.710990085346751       -0.000000466109142        0.048943884879237       -0.048944350988379
         34.831934301672000       -0.000000419771390        0.009770719443536       -0.009771139214926
         34.952878517997249       -0.000000366025877       -0.050174007359506        0.050173641333629
         35.073822734322498       -0.000000279856708       -0.024512003477853        0.024511723621145
         35.194766950647754       -0.000000217699289       -0.030853029282506        0.030852811583216
         35.315711166973003       -0.000000160177416        0.062529559430092       -0.062529719607508
         35.436655383298252       -0.000000085927008        0.017495525803706       -0.017495611730714
         35.557599599623501       -0.000000012453274        0.036492603090789       -0.036492615544063
         35.678543815948750        0.000000046066470       -0.063475874647973        0.063475920714443
         35.799488032273999        0.000000112285566       -0.017084789419203        0.017084901704770
         35.920432248599248        0.000000179240844       -0.038268235690511        0.038268414931355
         36.041376464924504        0.000000228454816        0.061041221434791       -0.061040992979975
         36.162320681249753        0.000000297743485        0.022530336209690       -0.022530038466205
         36.283264897575002        0.000000338057428        0.029083173124095       -0.029082835066667
         36.404209113900251        0.000000376201798       -0.040654154186997        0.040654530388795
         36.525153330225500        0.000000437808637       -0.052540110699624        0.052540548508261
         36.646097546550749        0.000000454128623        0.005028417130811       -0.005027963002189
         36.767041762875998        0.000000489178939        0.004785393644980       -0.004784904466041
         36.887985979201254        0.000000509709903        0.077365957945663       -0.077365448235759
         37.008930195526503        0.000000528298890       -0.002980022656351        0.002980550955241
         37.129874411851752        0.000000541195095       -0.031677473454840        0.031678014649935
         37.250818628177001        0.000000542077486       -0.033399486502164        0.033400028579650
         37.371762844502250        0.000000540618985       -0.047744549463500        0.047745090082485
         37.492707060827499        0.000000534519486        0.061635740002596       -0.061635205483110
         37.613651277152748        0.000000513060677        0.038218456404278       -0.038217943343601
         37.734595493478004        0.000000506872833        0.021175842602049       -0.021175335729216
         37.855539709803253        0.000000480175276       -0.017737599250597        0.017738079425873
         37.976483926128502        0.000000442190151       -0.085913208300430        0.085913650490581
         38.097428142453751        0.000000421469269        0.003384530407269       -0.003384108938000
         38.218372358779000        0.000000364199408        0.008883461528976       -0.008883097329568
         38.339316575104249        0.000000353736169        0.086571723874737       -0.086571370138569
         38.460260791429498        0.000000289366009        0.015744941566996       -0.015744652200987
         38.581205007754754        0.000000225342285       -0.027528818963683        0.027529044305968
         38.702149224080003        0.000000228544857       -0.077964650600590        0.077964879145447
         38.823093440405252        0.000000140631300       -0.032363915814057        0.032364056445357
         38.944037656730501        0.000000076075364        0.034848996431140       -0.034848920355776
         39.064981873055750        0.000000081874440        0.084838754898528       -0.084838673024089
         39.185926089380999       -0.000000008520588        0.033663089906063       -0.033663098426651
         39.306870305706248       -0.000000077028821       -0.026737406411218        0.026737329382397
         39.427814522031504       -0.000000073148336       -0.104984067452056        0.104983994303720
         39.548758738356753       -0.000000138085344       -0.025713524702303        0.025713386616958
         39.669702954682002       -0.000000210084516        0.014441744242102       -0.014441954326618
         39.790647171007251       -0.000000234704461        0.120051491938667       -0.120051726643127
         39.911591387332500       -0.000000242962325        0.033063799802430       -0.033064042764754
         40.032535603657749       -0.000000304928504       -0.027366991489810        0.027366686561306
         40.153479819982998       -0.000000365160858       -0.101383085607913        0.101382720447055
         40.274424036308254       -0.000000352654907       -0.073123000796515        0.073122648141608
         40.395368252633503       -0.000000384507236        0.062097483376690       -0.062097867883926
         40.516312468958752       -0.000000416228981        0.079582256097758       -0.079582672326739
         40.637256685284001       -0.000000438714613        0.088571846334916       -0.088572285049529
         40.758200901609250       -0.000000452474910       -0.048475903904310        0.048475451429400
         40.879145117934499       -0.000000450566989       -0.114603219264767        0.114602768697777
         41.000089334259748       -0.000000463636069       -0.053169591066167        0.053169127430098
         41.121033550585004       -0.000000469249341        0.011296859661527       -0.011297328910868
         41.241977766910253       -0.000000468588127        0.133363086717281       -0.133363555305408
         41.362921983235502       -0.000000470762609        0.065061433607932       -0.065061904370541
         41.483866199560751       -0.000000457776222       -0.038294287210012        0.038293829433790
         41.604810415886000       -0.000000433156832       -0.093427721682372        0.093427288525540
         41.725754632211249       -0.000000435571435       -0.104203816042240        0.104203380470806
         41.846698848536505       -0.000000420452400        0.054600655524952       -0.054601075977352
         41.967643064861754       -0.000000408826142        0.094676383017882       -0.094676791844023
         42.088587281187003       -0.000000361336103        0.083422009057340       -0.083422370393442
         42.209531497512252       -0.000000335351208       -0.016247552161182        0.016247216809974
         42.330475713837501       -0.000000342023011       -0.127584903503834        0.127584561480823
         42.451419930162750       -0.000000308569175       -0.055827132769766        0.055826824200592
         42.572364146487999       -0.000000249015045       -0.003460349730344        0.003460100715299
         42.693308362813255       -0.000000216425775        0.125670956725306       -0.125671173151082
         42.814252579138504       -0.000000247988663        0.064264164185685       -0.064264412174348
         42.935196795463753       -0.000000170139473       -0.007746004615125        0.007745834475652
         43.056141011789002       -0.000000096845699       -0.102929468995182        0.102929372149484
         43.177085228114251       -0.000000155655073       -0.080291233694665        0.080291078039591
         43.298029444439500       -0.000000082807433        0.017385245512428       -0.017385328319862
         43.418973660764749       -0.000000000961494        0.088278872368493       -0.088278873329987
         43.539917877090005       -0.000000060672937        0.083588334083098       -0.083588394756035
         43.660862093415254        0.000000006912961       -0.012658642271710        0.012658649184671
         43.781806309740503        0.000000078469401       -0.089440355266626        0.089440433736027
         43.902750526065752        0.000000022476733       -0.070510042908362        0.070510065385095
         44.023694742391001        0.000000087976489       -0.008291773911002        0.008291861887491
         44.144638958716250        0.000000126900759        0.105809569558262       -0.105809442657503
         44.265583175041499        0.000000107171488        0.049251398703017       -0.049251291531530
         44.386527391366755        0.000000147317048        0.026373312654539       -0.026373165337492
         44.507471607692004        0.000000146949627       -0.103864938007256        0.103865084956883
         44.628415824017253        0.000000174015593       -0.066884777077789        0.066884951093382
         44.749360040342502        0.000000173397019        0.006058209844392       -0.006058036447373
         44.870304256667751        0.000000176438089        0.055902901513246       -0.055902725075157
         44.991248472993000        0.000000182520939        0.109895573723432       -0.109895391202493
         45.112192689318249        0.000000182211712       -0.023550905741014        0.023551087952726
         45.233136905643505        0.000000171894978       -0.063846762022780        0.063846933917757
         45.354081121968754        0.000000187469668       -0.078657945013429        0.078658132483098
         45.475025338294003        0.000000163575429       -0.027030042588176        0.027030206163604
         45.595969554619252        0.000000149427216        0.107121328297673       -0.107121178870457
         45.716913770944501        0.000000145029354        0.058943142291598       -0.058942997262245
         45.837857987269750        0.000000126138348        0.034420612579983       -0.034420486441635
         45.958802203594999        0.000000127898598       -0.095295188980747        0.095295316879344
         46.079746419920255        0.000000066527282       -0.089495564449174        0.089495630976456
         46.200690636245504        0.000000082865480       -0.012850707521737        0.012850790387217
         46.321634852570753        0.000000067774950        0.075508097855693       -0.075508030080743
         46.442579068896002       -0.000000003168202        0.114529054077443       -0.114529057245645
         46.563523285221251        0.000000024499882        0.006918551589432       -0.006918527089550
         46.684467501546500       -0.000000007934704       -0.073680072867195        0.073680064932491
         46.805411717871749       -0.000000078935708       -0.123197105583224        0.123197026647516
         46.926355934197005       -0.000000045656499       -0.017308195385629        0.017308149729130
         47.047300150522254       -0.000000074416992        0.086538532444192       -0.086538606861184
         47.168244366847503       -0.000000154035374        0.117797942408795       -0.117798096444169
         47.289188583172752       -0.000000126429115        0.041709071086078       -0.041709197515193
         47.410132799498001       -0.000000141263932       -0.110182789956798        0.110182648692867
         47.531077015823250       -0.000000188164118       -0.105680381115591        0.105680192951473
         47.652021232148499       -0.000000206314971       -0.063789294282143        0.063789087967173
         47.772965448473755       -0.000000226769870        0.118125621333408       -0.118125848103278
         47.893909664799004       -0.000000190433816        0.120469448691702       -0.120469639125518
         48.014853881124253       -0.000000246363289        0.047708974023565       -0.047709220386854
         48.135798097449502       -0.000000287677506       -0.084918896405331        0.084918608727825
         48.256742313774751       -0.000000245504263       -0.163584284519491        0.163584039015227
         48.377686530100000       -0.000000253913898       -0.023690874952444        0.023690621038545
         48.498630746425249       -0.000000280386830        0.072480615386611       -0.072480895773440
         48.619574962750505       -0.000000292810753        0.156259046255995       -0.156259339066748
         48.740519179075754       -0.000000280486802        0.060709228642496       -0.060709509129298
         48.861463395401003       -0.000000284262137       -0.111260912141918        0.111260627879781
         48.982407611726252       -0.000000284408000       -0.123431218296542        0.123430933888542
         49.103351828051501       -0.000000284394966       -0.080309305698723        0.080309021303757
         49.224296044376750       -0.000000278834556        0.096714368429456       -0.096714647264012
         49.345240260701999       -0.000000296682615        0.155204417890466       -0.155204714573081
         49.466184477027255       -0.000000282510654        0.042693258996401       -0.042693541507055
         49.587128693352504       -0.000000254983507       -0.057305777024760        0.057305522041253
         49.708072909677753       -0.000000258634808       -0.168304048857750        0.168303790222943
         49.829017126003002       -0.000000292415510       -0.052705787133130        0.052705494717620
         49.949961342328251       -0.000000264082932        0.078188633375000       -0.078188897457931
         50.070905558653500       -0.000000218059487        0.127424029379642       -0.127424247439129
         50.191849774978749       -0.000000253228422        0.089287781351643       -0.089288034580065
         50.312793991304005       -0.000000241368153       -0.096125025159511        0.096124783791358
         50.433738207629254       -0.000000245621089       -0.110714756456226        0.110714510835137
         50.554682423954503       -0.000000208608894       -0.086647788443598        0.086647579834704
         50.675626640279752       -0.000000190383227        0.075122524891291       -0.075122715274518
         50.796570856605001       -0.000000258392050        0.122627801540848       -0.122628059932898
         50.917515072930250       -0.000000191995247        0.066002174883069       -0.066002366878316
         51.038459289255499       -0.000000159984186       -0.049300604015486        0.049300444031300
         51.159403505580755       -0.000000240951097       -0.129345630662957        0.129345389711861
         51.280347721906004       -0.000000185186302       -0.055235234192692        0.055235049006390
         51.401291938231253       -0.000000153603499        0.037109524105977       -0.037109677709476
         51.522236154556502       -0.000000229116365        0.121635473100191       -0.121635702216556
         51.643180370881751       -0.000000176043330        0.059491384249420       -0.059491560292749
         51.764124587207000       -0.000000162749470       -0.041730968947443        0.041730806197973
         51.885068803532249       -0.000000222513825       -0.097235845227110        0.097235622713285
         52.006013019857505       -0.000000178114810       -0.081319829736940        0.081319651622130
         52.126957236182754       -0.000000186310988        0.061491935237967       -0.061492121548955
         52.247901452508003       -0.000000195265079        0.068489796489763       -0.068489991754842
         52.368845668833252       -0.000000202924790        0.093441819376442       -0.093442022301231
         52.489789885158501       -0.000000202530383       -0.051374438483685        0.051374235953302
         52.610734101483750       -0.000000187072603       -0.090691391513065        0.090691204440462
         52.731678317808999       -0.000000209727695       -0.050462011874290        0.050461802146596
         52.852622534134255       -0.000000203253682       -0.000312566726936        0.000312363473253
         52.973566750459504       -0.000000202682244        0.122703778248224       -0.122703980930468
         53.094510966784753       -0.000000204189258        0.044394106553442       -0.044394310742700
         53.215455183110002       -0.000000204977648       -0.017894757922105        0.017894552944457
         53.336399399435251       -0.000000184735740       -0.079909338622748        0.079909153887009
         53.457343615760500       -0.000000197649243       -0.094283629447437        0.094283431798193
         53.578287832085749       -0.000000182915216        0.051345770998883       -0.051345953914099
         53.699232048411005       -0.000000194080670        0.063238573375027       -0.063238767455698
         53.820176264736254       -0.000000148121220        0.097302377445454       -0.097302525566674
         53.941120481061503       -0.000000151747344       -0.033873713787659        0.033873562040315
         54.062064697386752       -0.000000188521528       -0.086342965330215        0.086342776808686
         54.183008913712001       -0.000000089500571       -0.081495552392829        0.081495462892258
         54.303953130037250       -0.000000115636637        0.013494267954444       -0.013494383591081
         54.424897346362499       -0.000000148976471        0.101445180733212       -0.101445329709684
         54.545841562687755       -0.000000034573213        0.081108267364001       -0.081108301937214
         54.666785779013004       -0.000000066122373       -0.009640183735448        0.009640117613075
         54.787729995338253       -0.000000100381006       -0.100046489191858        0.100046388810852
         54.908674211663502        0.000000017532836       -0.096812166470440        0.096812184003276
         55.029618427988751       -0.000000003595352        0.020167854897611       -0.020167858492964
         55.150562644314000       -0.000000039147442        0.085968601878312       -0.085968641025754
         55.271506860639249        0.000000046928237        0.120551265179353       -0.120551218251117
         55.392451076964505        0.000000058845547       -0.031705596671877        0.031705655517425
         55.513395293289754        0.000000051924651       -0.079807670026071        0.079807721950722
         55.634339509615003        0.000000060945224       -0.123118337907527        0.123118398852751
         55.755283725940252        0.000000095908514        0.011642617396222       -0.011642521487708
         55.876227942265501        0.000000124081461        0.109497759088454       -0.109497635006993
         55.997172158590750        0.000000111038270        0.091297071519773       -0.091296960481503
         56.118116374915999        0.000000119404983        0.026537158071306       -0.026537038666323
         56.239060591241255        0.000000133676133       -0.130757213464564        0.130757347140696
         56.360004807566504        0.000000163715675       -0.092558914120441        0.092559077836116
         56.480949023891753        0.000000153943377       -0.009466456789360        0.009466610732737
         56.601893240217002        0.000000150055929        0.091680944529269       -0.091680794473340
         56.722837456542251        0.000000160217494        0.133996575404018       -0.133996415186524
         56.843781672867500        0.000000160324244       -0.015682379147843        0.015682539472087
         56.964725889192749        0.000000160247368       -0.081866942676134        0.081867102923502
         57.085670105518005        0.000000162176354       -0.114862795694349        0.114862957870703
         57.206614321843254        0.000000148980989       -0.024164204320923        0.024164353301912
         57.327558538168503        0.000000135217476        0.117260629107965       -0.117260493890488
         57.448502754493752        0.000000124095445        0.082492426100009       -0.082492302004564
         57.569446970819001        0.000000127953306        0.037020491061441       -0.037020363108134
         57.690391187144250        0.000000126813812       -0.098415754101281        0.098415880915093
         57.811335403469499        0.000000056561099       -0.107934611178545        0.107934667739644
         57.932279619794755        0.000000065353012       -0.003093032634276        0.003093097987288
         58.053223836120004        0.000000080230726        0.057916981549300       -0.057916901318573
         58.174168052445253        0.000000025937267        0.125718367161223       -0.125718341223956
         58.295112268770502       -0.000000014383180       -0.004462745003627        0.004462730620448
         58.416056485095751       -0.000000018191835       -0.053047570799392        0.053047552607558
         58.537000701421000       -0.000000015911283       -0.107902262881351        0.107902246970069
         58.657944917746249       -0.000000086592406       -0.013432200029991        0.013432113437585
         58.778889134071505       -0.000000110870993        0.062245465527731       -0.062245576398724
         58.899833350396754       -0.000000089143614        0.086308380752989       -0.086308469896603
         59.020777566722003       -0.000000160819279        0.025631711552325       -0.025631872371604
         59.141721783047252       -0.000000190888046       -0.061028911651869        0.061028720763822
         59.262665999372501       -0.000000170353648       -0.078369373796026        0.078369203442378
         59.383610215697750       -0.000000239698704       -0.022012718111522        0.022012478412819
         59.504554432022999       -0.000000261497442        0.043993958801895       -0.043994220299338
         59.625498648348255       -0.000000250784340        0.087425418988349       -0.087425669772689
         59.746442864673504       -0.000000308580087        0.002997115461931       -0.002997424042018
         59.867387080998753       -0.000000311525644       -0.017655221493335        0.017654909967691
         59.988331297324002       -0.000000333758220       -0.097027943616635        0.097027609858414
         60.109275513649251       -0.000000349099857       -0.000339570037275        0.000339220937417
         60.230219729974500       -0.000000349789505        0.027549509995394       -0.027549859784900
         60.351163946299749       -0.000000381440417        0.058462673159861       -0.058463054600277
         60.472108162625005       -0.000000376987420        0.046493214168612       -0.046493591156032
         60.593052378950254       -0.000000382893823       -0.065368416839567        0.065368033945745
         60.713996595275503       -0.000000385272690       -0.034094620598319        0.034094235325629
         60.834940811600752       -0.000000381846835       -0.037657678911276        0.037657297064441
         60.955885027926001       -0.000000377036347        0.025199987194974       -0.025200364231321
         61.076829244251250       -0.000000376618340        0.081009610618652       -0.081009987236991
         61.197773460576499       -0.000000356764300       -0.002384454329855        0.002384097565555
         61.318717676901755       -0.000000356257577       -0.003256508401761        0.003256152144183
         61.439661893227004       -0.000000319801222       -0.074629511804517        0.074629192003296
         61.560606109552253       -0.000000320952075       -0.023464854902920        0.023464533950845
         61.681550325877502       -0.000000305751723        0.034054115334143       -0.034054421085866
         61.802494542202751       -0.000000254827921        0.042790993060189       -0.042791247888110
         61.923438758528000       -0.000000258407111        0.050775815849708       -0.050776074256820
         62.044382974853249       -0.000000228692514       -0.049949839889490        0.049949611196976
         62.165327191178505       -0.000000189824793       -0.032790023077431        0.032789833252637
         62.286271407503754       -0.000000181427076       -0.058016696557289        0.058016515130213
         62.407215623829003       -0.000000147649136        0.050112228888504       -0.050112376537640
         62.528159840154252       -0.000000110093540        0.034376314678720       -0.034376424772260
         62.649104056479501       -0.000000104107824        0.056470788193293       -0.056470892301118
         62.770048272804750       -0.000000071622684       -0.041697069655316        0.041696998032632
         62.890992489129999       -0.000000023232137       -0.045961247267219        0.045961224035082
         63.011936705455255       -0.000000028273169       -0.041869560665957        0.041869532392788
         63.132880921780504       -0.000000005002112        0.018182077053001       -0.018182082055113
         63.253825138105753        0.000000044511556        0.071752874103941       -0.071752829592385
         63.374769354431002        0.000000050720040        0.016833710353340       -0.016833659633300
         63.495713570756251        0.000000060645423        0.005709580118127       -0.005709519472704
         63.616657787081500        0.000000083146674       -0.082629607787192        0.082629690933866
         63.737602003406749        0.000000115095061       -0.021447018065416        0.021447133160477
         63.858546219732006        0.000000119777481        0.012675380893175       -0.012675261115694
         63.979490436057254        0.000000120300231        0.047629122271687       -0.047629001971457
         64.100434652382503        0.000000140358236        0.059730074551337       -0.059729934193100
         64.221378868707745        0.000000148560899       -0.041236810717598        0.041236959278497
         64.342323085033001        0.000000153973285       -0.032318137328885        0.032318291302170
         64.463267301358258        0.000000154250339       -0.049426821343740        0.049426975594079
         64.584211517683499        0.000000155239121        0.008866829901297       -0.008866674662176
         64.705155734008756        0.000000152190842        0.069035857709070       -0.069035705518228
         64.826099950333997        0.000000149515139        0.012754196661285       -0.012754047146146
         64.947044166659254        0.000000146252859        0.012258770769530       -0.012258624516670
         65.067988382984495        0.000000140601077       -0.061051596258678        0.061051736859756
         65.188932599309751        0.000000117973744       -0.035879756062696        0.035879874036440
         65.309876815635008        0.000000110588578        0.022196643791625       -0.022196533203046
         65.430821031960249        0.000000106548315        0.019985600717278       -0.019985494168962
         65.551765248285506        0.000000085045430        0.059651053839297       -0.059650968793867
         65.672709464610747        0.000000061878279       -0.029849007012154        0.029849068890433
         65.793653680936004        0.000000038993455       -0.022055704746816        0.022055743740271
         65.914597897261245        0.000000036186644       -0.037187251134064        0.037187287320708
         66.035542113586502        0.000000008162559        0.001500728075929       -0.001500719913371
         66.156486329911758       -0.000000027221918        0.044365251450680       -0.044365278672599
         66.277430546236999       -0.000000033778969        0.009967468348050       -0.009967502127018
         66.398374762562256       -0.000000057253609        0.018812697821567       -0.018812755075176
         66.519318978887497       -0.000000091748687       -0.052356503158938        0.052356411410252
         66.640263195212754       -0.000000109326710        0.001532857736866       -0.001532967063576
         66.761207411537995       -0.000000128992647       -0.024773935919758        0.024773806927111
         66.882151627863252       -0.000000159826034        0.049682574589276       -0.049682734415309
         67.003095844188508       -0.000000177175101       -0.004940469597555        0.004940292422455
         67.124040060513749       -0.000000197209287        0.023241355640330       -0.023241552849617
         67.244984276839006       -0.000000225639306       -0.038734247415958        0.038734021776652
         67.365928493164247       -0.000000234661229       -0.004401590209848        0.004401355548619
         67.486872709489504       -0.000000257290602       -0.003292565516689        0.003292308226088
         67.607816925814745       -0.000000277946533        0.005721612886052       -0.005721890832585
         67.728761142140002       -0.000000285044649        0.035642612665631       -0.035642897710280
         67.849705358465258       -0.000000300583677       -0.028396496534741        0.028396195951063
         67.970649574790500       -0.000000308025134        0.016570668780138       -0.016570976805272
         68.091593791115756       -0.000000317762064       -0.028048009771177        0.028047692009113
         68.212538007440997       -0.000000321952261       -0.002799809449016        0.002799487496755
         68.333482223766254       -0.000000324506970        0.028747587300932       -0.028747911807903
         68.454426440091495       -0.000000325037668       -0.021340500754168        0.021340175716500
         68.575370656416752       -0.000000323234568        0.027136245323872       -0.027136568558440
         68.696314872742008       -0.000000318233798       -0.017396004266262        0.017395686032465
         68.817259089067250       -0.000000313151767       -0.012867746716755        0.012867433564987
         68.938203305392506       -0.000000303188368        0.021484839970229       -0.021485143158597
         69.059147521717748       -0.000000293438837       -0.025861633426877        0.025861339988039
         69.180091738043004       -0.000000282105939        0.031061110605795       -0.031061392711734
         69.301035954368245       -0.000000269167260       -0.020966020302865        0.020965751135605
         69.421980170693502       -0.000000255124437        0.011093114070623       -0.011093369195060
         69.542924387018758       -0.000000239040244       -0.003496033282530        0.003495794242286
         69.663868603344000       -0.000000222492891       -0.003257284284239        0.003257061791348
         69.784812819669256       -0.000000205457296        0.007299645904098       -0.007299851361394
         69.905757035994498       -0.000000189958718       -0.014213948569543        0.014213758610825
         70.026701252319754       -0.000000171156306        0.010863130983006       -0.010863302139312
         70.147645468644996       -0.000000154015610       -0.008028916555478        0.008028762539868
         70.268589684970252       -0.000000141030030        0.015369075085215       -0.015369216115246
         70.389533901295508       -0.000000121362457       -0.002632870552058        0.002632749189601
         70.510478117620750       -0.000000105036111       -0.005945289048372        0.005945184012261
         70.631422333946006       -0.000000096128764       -0.002568800815065        0.002568704686301
         70.752366550271248       -0.000000078316923       -0.018515537001039        0.018515458684116
         70.873310766596504       -0.000000062775319        0.028829771194001       -0.028829833969320
         70.994254982921746       -0.000000053563493       -0.012108114272077        0.012108060708584
         71.115199199247002       -0.000000042856029        0.031382755519719       -0.031382798375748
         71.236143415572258       -0.000000031208123       -0.030292447111560        0.030292415903437
         71.357087631897500       -0.000000017773355       -0.006246531068416        0.006246513295062
         71.478031848222756       -0.000000015217467       -0.005192667968698        0.005192652751232
         71.598976064547998       -0.000000010339586       -0.004004766301123        0.004004755961537
         71.719920280873254       -0.000000001234194        0.044442501684414       -0.044442502918607
         71.840864497198496        0.000000003951091       -0.015535704028490        0.015535707979581
         71.961808713523752        0.000000006225006        0.005328719997637       -0.005328713772631
         72.082752929849008        0.000000006607483       -0.028580610073322        0.028580616680805
         72.203697146174250        0.000000008470189       -0.021923504855138        0.021923513325327
         72.324641362499506        0.000000008293062        0.035466903948282       -0.035466895655219
         72.445585578824748        0.000000007759023        0.001448130429814       -0.001448122670790
         72.566529795150004        0.000000006626863        0.033978750296239       -0.033978743669376
