#  GS molecular orbital populations, spin channel : 1
#          time (fs)            |   population (orb 1)       |    population (orb 2)      |           ...              |    population (orb N)      |
          0.118525331998745            1.998797469296958            0.001167626777774  
          0.239469548323995            1.995948245202733            0.004018962830342  
          0.360413764649245            1.997320435647294            0.002649512963282  
          0.481357980974495            1.999856897734340            0.000115006554022  
          0.602302197299745            1.999425958779362            0.000548420583363  
          0.723246413624995            1.997138359325119            0.002839273375356  
          0.844190629950245            1.996373973263899            0.003607457588982  
          0.965134846275495            1.999354674184688            0.000630213889213  
          1.086079062600745            1.999354013794485            0.000634016313154  
          1.207023278925995            1.997700427108523            0.002291548057781  
          1.327967495251245            1.996585611482905            0.003410616698305  
          1.448911711576495            1.998604377147994            0.001396058163657  
          1.569855927901745            1.999371913171434            0.000631913616596  
          1.690800144226995            1.997292660408860            0.002715000261588  
          1.811744360552245            1.997087548888554            0.002924213388451  
          1.932688576877495            1.998373998368627            0.001641860478247  
          2.053632793202745            1.999702079133755            0.000316928322001  
          2.174577009527995            1.997278210409212            0.002743709463238  
          2.295521225853245            1.996656706440007            0.003368580540258  
          2.416465442178495            1.998426314480159            0.001602124025632  
          2.537409658503745            1.999849440676131            0.000181514210086  
          2.658353874828995            1.998425495915239            0.001606875950316  
          2.779298091154245            1.995920425222713            0.004113960903329  
          2.900242307479495            1.997682568782380            0.002353620219496  
          3.021186523804745            1.999552279176041            0.000485321891735  
          3.142130740129995            1.999729431400783            0.000308272739490  
          3.263074956455245            1.996612404031106            0.003425210986589  
          3.384019172780495            1.995981801612476            0.004056204845206  
          3.504963389105745            1.998538518401288            0.001499409424011  
          3.625907605430995            1.999881669552599            0.000155534132369  
          3.746851821756245            1.998864264589710            0.001170937849651  
          3.867796038081495            1.995479206046099            0.004554515685413  
          3.988740254406745            1.996497079470107            0.003535184529586  
          4.109684470731995            1.998273621980498            0.001756993979387  
          4.230628687057245            1.999893375394997            0.000134621883016  
          4.351572903382495            1.998003536678174            0.002021100754201  
          4.472517119707745            1.995675579709174            0.004346270776958  
          4.593461336032996            1.996069243492761            0.003949859797306  
          4.714405552358246            1.997371169364355            0.002645239660239  
          4.835349768683495            1.999884052910265            0.000128567054736  
          4.956293985008745            1.998246982088838            0.001761582647385  
          5.077238201333995            1.996572038342770            0.003432959714760  
          5.198182417659245            1.994979349184914            0.005022450386441  
          5.319126633984495            1.997133145001352            0.002865529605007  
          5.440070850309746            1.999958002934506            0.000036578225934  
          5.561015066634996            1.999296999728559            0.000693530313961  
          5.681959282960245            1.997069969511846            0.002917020344036  
          5.802903499285495            1.994625956958063            0.005358159841929  
          5.923847715610745            1.997457399879350            0.002523955564915  
          6.044791931935995            1.999646831946189            0.000330897824648  
          6.165736148261245            1.999800918811103            0.000173513786888  
          6.286680364586495            1.996758609427674            0.003213052438716  
          6.407624580911745            1.995196613092866            0.004773416913227  
          6.528568797236995            1.997672831004797            0.002295346845423  
          6.649513013562244            1.999340965191367            0.000624794087912  
          6.770457229887494            1.999487612471576            0.000476221953379  
          6.891401446212745            1.996240130529424            0.003722609080310  
          7.012345662537995            1.996241634867315            0.003721224904007  
          7.133289878863245            1.997939963948647            0.002022277015125  
          7.254234095188495            1.999643580715190            0.000318087355832  
          7.375178311513745            1.998459518837665            0.001502069161091  
          7.496122527838994            1.996081535730216            0.003881316017574  
          7.617066744164244            1.997245158959080            0.002719358310165  
          7.738010960489495            1.998943128324624            0.001022354177557  
          7.858955176814745            1.999651715776137            0.000315166942302  
          7.979899393139995            1.996912450354376            0.003056559730912  
          8.100843609465246            1.996579286864072            0.003393034179950  
          8.221787825790495            1.998811986274347            0.001163030131083  
          8.342732042115745            1.999913410117378            0.000064217049943  
          8.463676258440994            1.998195924139349            0.001784790219965  
          8.584620474766245            1.996059179661759            0.003925564425686  
          8.705564691091494            1.998467816258461            0.001520977949606  
          8.826508907416745            1.999972174398818            0.000019992115695  
          8.947453123741996            1.998982242352492            0.001013564519672  
          9.068397340067245            1.996432144791109            0.003567793757964  
          9.189341556392495            1.997519719547720            0.002484769866426  
          9.310285772717744            1.999833538116481            0.000174570845633  
          9.431229989042995            1.998855232221321            0.001156331862564  
          9.552174205368244            1.997141065290430            0.002874125566342  
          9.673118421693495            1.996932310750241            0.003087028663509  
          9.794062638018746            1.999416206565293            0.000606502279467  
          9.915006854343995            1.998782666947577            0.001242576550789  
         10.035951070669245            1.997145152533914            0.002882693603860  
         10.156895286994494            1.996964416444903            0.003066264774814  
         10.277839503319745            1.998699317924944            0.001334083175900  
         10.398783719644994            1.999449628421736            0.000585000397964  
         10.519727935970245            1.997058701430122            0.002977050534388  
         10.640672152295496            1.996736939647256            0.003299897679624  
         10.761616368620745            1.997707969033184            0.002330279641399  
         10.882560584945995            1.999708785870801            0.000329717480294  
         11.003504801271244            1.998267828466588            0.001769938562366  
         11.124449017596495            1.996355592917193            0.003681568667329  
         11.245393233921744            1.996638161010404            0.003398488486267  
         11.366337450246995            1.998213727586706            0.001822444128841  
         11.487281666572246            1.999801408636525            0.000232739514897  
         11.608225882897495            1.997556216419287            0.002475622276768  
         11.729170099222745            1.996340572444753            0.003688981914722  
         11.850114315547994            1.995923903416997            0.004103851416831  
         11.971058531873245            1.998516825696409            0.001508673466894  
         12.092002748198494            1.999784205693572            0.000237837351848  
         12.212946964523745            1.998121596960756            0.001896933632437  
         12.333891180848996            1.996096471588228            0.003918720208216  
         12.454835397174245            1.995240457694830            0.004772066941541  
         12.575779613499495            1.998826903449906            0.001182297926251  
         12.696723829824744            1.999969517267392            0.000035624048213  
         12.817668046149995            1.999020338100459            0.000980727385383  
         12.938612262475244            1.995598091217378            0.004399346910326  
         13.059556478800495            1.995467618632468            0.004526926573436  
         13.180500695125746            1.998420461465088            0.001570586151093  
         13.301444911450995            1.999759866858537            0.000227269341750  
         13.422389127776245            1.999063223306703            0.000920026586172  
         13.543333344101494            1.995669471534125            0.004310665660002  
         13.664277560426745            1.996023708518368            0.003954112652073  
         13.785221776751994            1.997459754450567            0.002515150650535  
         13.906165993077245            1.999528579576274            0.000443307354311  
         14.027110209402496            1.998706091014904            0.001262829681735  
         14.148054425727745            1.996388243837441            0.003578990296407  
         14.268998642052996            1.996256454737984            0.003709570008218  
         14.389942858378244            1.997334714336184            0.002629703018160  
         14.510887074703495            1.999695438264657            0.000267390402556  
         14.631831291028744            1.998301523144152            0.001660074596348  
         14.752775507353995            1.996824992797984            0.003136906373450  
         14.873719723679246            1.996386313837401            0.003575798011457  
         14.994663940004495            1.998391077135065            0.001571219798454  
         15.115608156329746            1.999529201251175            0.000433200381023  
         15.236552372654995            1.997589556721676            0.002374049307339  
         15.357496588980245            1.996777462986445            0.003188290921823  
         15.478440805305494            1.997406863593823            0.002560689942105  
         15.599385021630745            1.999537357959272            0.000432025864014  
         15.720329237955996            1.998259007306703            0.001712481471572  
         15.841273454281245            1.996843168441130            0.003131768609109  
         15.962217670606496            1.997558681501908            0.002419586267691  
         16.083161886931745            1.999251055416960            0.000730310603841  
         16.204106103256994            1.999026673919174            0.000957768914393  
         16.325050319582246            1.996599323409804            0.003389065328125  
         16.445994535907495            1.997601547254287            0.002391201614158  
         16.566938752232744            1.999433474748078            0.000563059342608  
         16.687882968557997            1.999672997759920            0.000327114618176  
         16.808827184883246            1.997042104385901            0.002961840824171  
         16.929771401208495            1.996871363388085            0.003137117521775  
         17.050715617533744            1.999494076664079            0.000518270021919  
         17.171659833858996            1.999826040050572            0.000189660771019  
         17.292604050184245            1.997944149933409            0.002074672269213  
         17.413548266509494            1.996307253955176            0.003715386992337  
         17.534492482834747            1.998771953088215            0.001254131309346  
         17.655436699159996            1.999791551671975            0.000236971604569  
         17.776380915485245            1.998373887144064            0.001656624242095  
         17.897325131810494            1.996551098837963            0.003481616333168  
         18.018269348135746            1.997471714246079            0.002563589335450  
         18.139213564460995            1.999804089994321            0.000232451803391  
         18.260157780786244            1.998707990469128            0.001329130989885  
         18.381101997111497            1.997126787044714            0.002910594867552  
         18.502046213436746            1.996314500644916            0.003723829912208  
         18.622990429761995            1.998835152358242            0.001203506066783  
         18.743934646087244            1.999645996089539            0.000391724840531  
         18.864878862412496            1.998019679225864            0.002016680379858  
         18.985823078737745            1.996258895130868            0.003776189111780  
         19.106767295062994            1.996496393544220            0.003538009813822  
         19.227711511388247            1.999606307909089            0.000426235818453  
         19.348655727713496            1.999552353160389            0.000477587041137  
         19.469599944038745            1.997942463203290            0.002084487584500  
         19.590544160363994            1.995364544367777            0.004659999147612  
         19.711488376689246            1.996904935333724            0.003117369670629  
         19.832432593014495            1.999732442911405            0.000286647311111  
         19.953376809339744            1.999896423464988            0.000118965983773  
         20.074321025664997            1.997749198775585            0.002262282322199  
         20.195265241990246            1.995021562160428            0.004986818061959  
         20.316209458315495            1.997057448399437            0.002947825068803  
         20.437153674640744            1.998978044632819            0.001023533203311  
         20.558097890965996            1.999944709938016            0.000052765226096  
         20.679042107291245            1.997480769200831            0.002512635550332  
         20.799986323616494            1.995623091306915            0.004367208540877  
         20.920930539941747            1.996482328262589            0.003504871065551  
         21.041874756266996            1.998059112419688            0.001924683237696  
         21.162818972592245            1.999799036016973            0.000181002743056  
         21.283763188917494            1.997838879108069            0.002137746678050  
         21.404707405242746            1.996521940146136            0.003452367526061  
         21.525651621567995            1.995871249510760            0.004100712979122  
         21.646595837893244            1.998198606721426            0.001771016211551  
         21.767540054218497            1.999801135661070            0.000165736364044  
         21.888484270543746            1.998407528346394            0.001557457689481  
         22.009428486868995            1.996625445009058            0.003338557021405  
         22.130372703194244            1.996076595873679            0.003886569189159  
         22.251316919519496            1.999104226690379            0.000858071091705  
         22.372261135844745            1.999663999081223            0.000297212847653  
         22.493205352169994            1.998233064603117            0.001728386045303  
         22.614149568495247            1.996200832557050            0.003761344992248  
         22.735093784820496            1.997374909549500            0.002588281825828  
         22.856038001145745            1.999773416722842            0.000190415804967  
         22.976982217470994            1.998992849176568            0.000972192075259  
         23.097926433796246            1.997293681772691            0.002673683465357  
         23.218870650121495            1.996628021836752            0.003341811554496  
         23.339814866446744            1.999061399363549            0.000910894220944  
         23.460759082771997            1.999232817919862            0.000741757148890  
         23.581703299097246            1.997647152448893            0.002330835734198  
         23.702647515422495            1.997017462280339            0.002964223596344  
         23.823591731747744            1.998438691292897            0.001546619412531  
         23.944535948072996            1.999422553649063            0.000566025053554  
         24.065480164398245            1.997417668233321            0.002574717574208  
         24.186424380723494            1.997251310227496            0.002745464486763  
         24.307368597048747            1.998615806191293            0.001385077166392  
         24.428312813373996            1.999727284321496            0.000277284891887  
         24.549257029699245            1.997746490418905            0.002261649163453  
         24.670201246024494            1.996715909643668            0.003296502013954  
         24.791145462349750            1.998840601202097            0.001175735244505  
         24.912089678674999            1.999953259994197            0.000066451310103  
         25.033033895000248            1.998674855476853            0.001347604843039  
         25.153978111325497            1.996334540422442            0.003691222443203  
         25.274922327650749            1.998132223170228            0.001896784854965  
         25.395866543975998            1.999962151309439            0.000069246679612  
         25.516810760301247            1.999339785148833            0.000693223816497  
         25.637754976626500            1.996902376813983            0.003132154285354  
         25.758699192951749            1.996757312731823            0.003279341655907  
         25.879643409276998            1.999520643336595            0.000517158259996  
         26.000587625602247            1.999759750477315            0.000278376333087  
         26.121531841927499            1.998112503362829            0.001925235193824  
         26.242476058252748            1.995979997286960            0.004057970719952  
         26.363420274577997            1.997860508001931            0.002177542459701  
         26.484364490903250            1.999991016251216            0.000046051925554  
         26.605308707228499            1.999449469994284            0.000585861457522  
         26.726252923553748            1.997053083243772            0.002980249720898  
         26.847197139878997            1.995724376396744            0.004307701799425  
         26.968141356204249            1.998625977401864            0.001404220955109  
         27.089085572529498            1.999988548006912            0.000039062302100  
         27.210029788854747            1.999366917029290            0.000657363957627  
         27.330974005180000            1.996162211493447            0.003858990008063  
         27.451918221505249            1.996004792042168            0.004013831982205  
         27.572862437830498            1.998299530445002            0.001716028688894  
         27.693806654155747            1.999684361241451            0.000327644435130  
         27.814750870480999            1.999096249870502            0.000911594452158  
         27.935695086806248            1.996168241341805            0.003835981579864  
         28.056639303131497            1.996179319714960            0.003821696284857  
         28.177583519456750            1.997102766974444            0.002894856725414  
         28.298527735781999            1.999370088629477            0.000623734196894  
         28.419471952107248            1.999093057690691            0.000896560817942  
         28.540416168432497            1.997152772718213            0.002833424728478  
         28.661360384757749            1.996034738484943            0.003948467437465  
         28.782304601082998            1.996547570433169            0.003432714498111  
         28.903248817408247            1.999511071258349            0.000465923968654  
         29.024193033733500            1.999465837227612            0.000507719652619  
         29.145137250058749            1.997959070508255            0.002012042307604  
         29.266081466383998            1.995776367290355            0.004192718432776  
         29.387025682709247            1.997130469854268            0.002836960284821  
         29.507969899034499            1.999778821761361            0.000186391945358  
         29.628914115359748            1.999643083328159            0.000320274518009  
         29.749858331684997            1.997649891585101            0.002312573632646  
         29.870802548010250            1.995849622236723            0.004112559142649  
         29.991746764335499            1.998359142106145            0.001602942119906  
         30.112690980660748            1.999930944962652            0.000030506712251  
         30.233635196985997            1.999222054004124            0.000739710466407  
         30.354579413311249            1.996683425428262            0.003279403931809  
         30.475523629636498            1.996900438132404            0.003064079076193  
         30.596467845961747            1.999510885273378            0.000454938252963  
         30.717412062287000            1.999681651872977            0.000285623481435  
         30.838356278612249            1.997953513030940            0.002016235252153  
         30.959300494937498            1.996495601266642            0.003477089525393  
         31.080244711262747            1.998634325747346            0.001341413653996  
         31.201188927587999            1.999671072893290            0.000307288133921  
         31.322133143913248            1.998334375314726            0.001647425023909  
         31.443077360238497            1.997001586326873            0.002984113990294  
         31.564021576563750            1.997933773618275            0.002055949593288  
         31.684965792888999            1.999539981702051            0.000453263004588  
         31.805910009214248            1.998061132722746            0.001935848345707  
         31.926854225539497            1.997267002826088            0.002734269699204  
         32.047798441864749            1.998067735831439            0.001937792033542  
         32.168742658189998            1.999567594888286            0.000441717147373  
         32.289686874515247            1.998259641974091            0.001753035371430  
         32.410631090840496            1.996818672939528            0.003197923016882  
         32.531575307165745            1.998321437139832            0.001698941286449  
         32.652519523491002            1.999717113418867            0.000306590953007  
         32.773463739816250            1.999107242462526            0.000918904220672  
         32.894407956141499            1.996598413782752            0.003430475454379  
         33.015352172466748            1.997670881115774            0.002360847354046  
         33.136296388791997            1.999672703309343            0.000361233555440  
         33.257240605117246            1.999790538445211            0.000244710526795  
         33.378184821442495            1.997430582586587            0.002605548117012  
         33.499129037767752            1.996459068038414            0.003578541122028  
         33.620073254093001            1.998942980027945            0.001095472245461  
         33.741017470418250            2.000024369153951            0.000014194102202  
         33.861961686743498            1.998936584379082            0.001101095225983  
         33.982905903068747            1.996239979152546            0.003797158210571  
         34.103850119393996            1.997097227227430            0.002939488852249  
         34.224794335719245            1.999493531838008            0.000542051091707  
         34.345738552044502            1.999986280559650            0.000047366580870  
         34.466682768369751            1.998028613700677            0.002002466141494  
         34.587626984695000            1.995724178837109            0.004304949029076  
         34.708571201020249            1.997526246222582            0.002500735696226  
         34.829515417345497            1.999200438225871            0.000823959954100  
         34.950459633670746            1.999863593919870            0.000157365761021  
         35.071403849995995            1.997351469353823            0.002665885681717  
         35.192348066321252            1.996024867251741            0.003989437986720  
         35.313292282646501            1.996921222135410            0.003089961223051  
         35.434236498971750            1.998509963843301            0.001497844861468  
         35.555180715296999            1.999712870448327            0.000290788851994  
         35.676124931622248            1.997748740125932            0.002250933928755  
         35.797069147947497            1.996546341521229            0.003449907122065  
         35.918013364272745            1.995958617740230            0.004034379687029  
         36.038957580598002            1.998401744810591            0.001587834806192  
         36.159901796923251            1.999868366409382            0.000117169000874  
         36.280846013248500            1.998745530469106            0.001236421170598  
         36.401790229573749            1.996672339772363            0.003306627852485  
         36.522734445898998            1.995879362641305            0.004097053337100  
         36.643678662224247            1.998767897987788            0.001205810060592  
         36.764622878549496            1.999967825445069            0.000002716188960  
         36.885567094874752            1.999080484166192            0.000887638154013  
         37.006511311200001            1.996362466968201            0.003603865877599  
         37.127455527525250            1.996561800034250            0.003403476035242  
         37.248399743850499            1.999178951053274            0.000784788528644  
         37.369343960175748            1.999935470781468            0.000026738371703  
         37.490288176500997            1.998464316240096            0.001497211324516  
         37.611232392826246            1.996100093116000            0.003861609929956  
         37.732176609151502            1.997795021300149            0.002167308440115  
         37.853120825476751            1.999653315650066            0.000309013264326  
         37.974065041802000            1.999645944242162            0.000317008481986  
         38.095009258127249            1.997210627304150            0.002753744390985  
         38.215953474452498            1.996756159897138            0.003210469383858  
         38.336897690777747            1.999160669540251            0.000807934717210  
         38.457841907102996            1.999888157687341            0.000082318130839  
         38.578786123428252            1.998412624652675            0.001560566750781  
         38.699730339753501            1.996592008274311            0.003384511714217  
         38.820674556078750            1.998352749148578            0.001627313380894  
         38.941618772403999            1.999806929407403            0.000176140194395  
         39.062562988729248            1.998745275475032            0.001241344334194  
         39.183507205054497            1.997134183575485            0.002856470068075  
         39.304451421379746            1.997679705903033            0.002315233275068  
         39.425395637705002            1.999548881474082            0.000449780022316  
         39.546339854030251            1.998448924085992            0.001553427261299  
         39.667284070355500            1.997375364442771            0.002631122241590  
         39.788228286680749            1.997776848597167            0.002233881173242  
         39.909172503005998            1.999411839141497            0.000602665816501  
         40.030116719331247            1.998585292346409            0.001432346571678  
         40.151060935656496            1.996965694308841            0.003055457859109  
         40.272005151981752            1.997985751300248            0.002038879320419  
         40.392949368307001            1.999434080062172            0.000593685197407  
         40.513893584632250            1.999347773041275            0.000682084614829  
         40.634837800957499            1.996880758223338            0.003151247231443  
         40.755782017282748            1.997357873287363            0.002676425535814  
         40.876726233607997            1.999253063427429            0.000783095433396  
         40.997670449933246            1.999916652214377            0.000120474261850  
         41.118614666258502            1.997915385337496            0.002121991634702  
         41.239558882583751            1.996372086655236            0.003666036954065  
         41.360503098909000            1.998313290298838            0.001725191907490  
         41.481447315234249            1.999791256808660            0.000247043241651  
         41.602391531559498            1.999454752170165            0.000582226858698  
         41.723335747884747            1.996715244680473            0.003320439953455  
         41.844279964209996            1.996599110658218            0.003435515660855  
         41.965224180535252            1.998616724871203            0.001416465001040  
         42.086168396860501            1.999823881118017            0.000207199151838  
         42.207112613185750            1.998819829474108            0.001208241554479  
         42.328056829510999            1.996204094980336            0.003821350749653  
         42.449001045836248            1.996752108653481            0.003270782470119  
         42.569945262161497            1.997998593225326            0.002021616388721  
         42.690889478486746            1.999696059697012            0.000320696234786  
         42.811833694812002            1.998503865456398            0.001508941146378  
         42.932777911137251            1.996750817291360            0.003258497569895  
         43.053722127462500            1.996239907859163            0.003766111922742  
         43.174666343787749            1.997289982526441            0.002712789804418  
         43.295610560112998            1.999765052920443            0.000233738976291  
         43.416554776438247            1.999097191429519            0.000897460000802  
         43.537498992763496            1.997549040617559            0.002442004643355  
         43.658443209088752            1.995650039497475            0.004337815392711  
         43.779387425414001            1.997487235647550            0.002497588919668  
         43.900331641739250            1.999834568451624            0.000146560412006  
         44.021275858064499            1.999706793323747            0.000270800437216  
         44.142220074389748            1.997573709897884            0.002400950342840  
         44.263164290714997            1.995770264925257            0.004202162321837  
         44.384108507040246            1.997950843459681            0.002019490717964  
         44.505052723365502            1.999678176811891            0.000289465380091  
         44.625996939690751            1.999637676055676            0.000327776701885  
         44.746941156016000            1.997053979329973            0.002909959462267  
         44.867885372341249            1.996355899064136            0.003607537393788  
         44.988829588666498            1.998483769790895            0.001478863557542  
         45.109773804991747            1.999738825392305            0.000222799743936  
         45.230718021316996            1.998970449323902            0.000990855273073  
         45.351662237642252            1.996466660100187            0.003495270739494  
         45.472606453967501            1.997434033123356            0.002529206005783  
         45.593550670292750            1.999258281427040            0.000705648124622  
         45.714494886617999            1.999772189770248            0.000192820147211  
         45.835439102943248            1.997619117574815            0.002347707023720  
         45.956383319268497            1.996725077438952            0.003244517446265  
         46.077327535593746            1.998871481550854            0.001100706795696  
         46.198271751919002            1.999913024070431            0.000061504305419  
         46.319215968244251            1.998703391702769            0.001274135719110  
         46.440160184569500            1.996696553889918            0.003284626112781  
         46.561104400894749            1.998161602683084            0.001823516049455  
         46.682048617219998            1.999840784832547            0.000147675450139  
         46.802992833545247            1.998985378553731            0.001006741403154  
         46.923937049870496            1.997250470725232            0.002745745461542  
         47.044881266195752            1.997518443674728            0.002482202562407  
         47.165825482521001            1.999533804837960            0.000470662649798  
         47.286769698846250            1.998688213743964            0.001319845005023  
         47.407713915171499            1.997466343864502            0.002545621953810  
         47.528658131496748            1.997577214391954            0.002438854064603  
         47.649602347821997            1.999278039624811            0.000741683803099  
         47.770546564147246            1.998818755434635            0.001203796624312  
         47.891490780472502            1.997089795166646            0.002935804154488  
         48.012434996797751            1.997717234097068            0.002311423131190  
         48.133379213123000            1.999134717187350            0.000896779453540  
         48.254323429448249            1.999506576047636            0.000526607733485  
         48.375267645773498            1.997150109010214            0.002884594127131  
         48.496211862098747            1.997101783093869            0.002934586449148  
         48.617156078423996            1.998756622983135            0.001281161439381  
         48.738100294749252            1.999853031114143            0.000185352907214  
         48.859044511074501            1.998365729101297            0.001672292456975  
         48.979988727399750            1.996400469391022            0.003637545822394  
         49.100932943724999            1.997673332683748            0.002364470798992  
         49.221877160050248            1.999226402087785            0.000810893173099  
         49.342821376375497            1.999731035360473            0.000304568920541  
         49.463765592700746            1.997311634314670            0.002721994350074  
         49.584709809026002            1.996369877420629            0.003662033411018  
         49.705654025351251            1.997608628723850            0.002421469984196  
         49.826598241676500            1.999198566598603            0.000829281643085  
         49.947542458001749            1.999413338608268            0.000611194269945  
         50.068486674326998            1.997044045809146            0.002977291534371  
         50.189430890652247            1.996470351970476            0.003547992641853  
         50.310375106977496            1.996809033545027            0.003206482064816  
         50.431319323302752            1.999133232141656            0.000878891886979  
         50.552263539628001            1.999453787086642            0.000554226114814  
         50.673207755953250            1.997887555531919            0.002116627354979  
         50.794151972278499            1.996245578621710            0.003755108961602  
         50.915096188603748            1.996282105631365            0.003715438055637  
         51.036040404928997            1.999340496357592            0.000653347619299  
         51.156984621254246            1.999882487688232            0.000107246332383  
         51.277928837579502            1.998642438093006            0.001343592747084  
         51.398873053904751            1.995868534047396            0.004114336326420  
         51.519817270230000            1.996692764583148            0.003287457896777  
         51.640761486555249            1.999190505364985            0.000786482732313  
         51.761705702880498            1.999959188844613            0.000014480977108  
         51.882649919205747            1.998401489440567            0.001569356869214  
         52.003594135530996            1.995983576370177            0.003985315437154  
         52.124538351856252            1.997224703787244            0.002742701777829  
         52.245482568181501            1.998959600222149            0.001005691353670  
         52.366426784506750            1.999780714687288            0.000182751229464  
         52.487371000831999            1.997714750089909            0.002247492614473  
         52.608315217157248            1.996381288882489            0.003580946558834  
         52.729259433482497            1.997831167784834            0.002130982866822  
         52.850203649807746            1.999316424076124            0.000645314981965  
         52.971147866133002            1.999286985872484            0.000674848307341  
         53.092092082458251            1.996849503927051            0.003113360544798  
         53.213036298783500            1.997180880093021            0.002783902680806  
         53.333980515108749            1.998831023675800            0.001135111474683  
         53.454924731433998            1.999766909527248            0.000200781390551  
         53.575868947759247            1.997946677199034            0.002023183400391  
         53.696813164084496            1.996696608895008            0.003276449784379  
         53.817757380409752            1.998599898451744            0.001376283903483  
         53.938701596735001            1.999869979309243            0.000108963132973  
         54.059645813060250            1.998929624016948            0.001052545115266  
         54.180590029385499            1.996748838261471            0.003237208267866  
         54.301534245710748            1.997965915481522            0.002024364777256  
         54.422478462035997            1.999844470883529            0.000149393915575  
         54.543422678361246            1.999188190385063            0.000809371104618  
         54.664366894686502            1.997331667484818            0.002669948051976  
         54.785311111011751            1.997319718013175            0.002686373743214  
         54.906255327337000            1.999506056960927            0.000503868075362  
         55.027199543662249            1.998916663373019            0.001096679966505  
         55.148143759987498            1.997556838399263            0.002460097759236  
         55.269087976312747            1.997325785383892            0.002695022870956  
         55.390032192637996            1.999096245620369            0.000928048894228  
         55.510976408963252            1.999059999761656            0.000966773751528  
         55.631920625288501            1.997244573767950            0.002784731927964  
         55.752864841613750            1.997411883851426            0.002619989477540  
         55.873809057938999            1.998708242174083            0.001326162209335  
         55.994753274264248            1.999624809093205            0.000410898538779  
         56.115697490589497            1.997493556378590            0.002543047518545  
         56.236641706914746            1.996878536518825            0.003159073526478  
         56.357585923240002            1.998090352920452            0.001948216299517  
         56.478530139565251            1.999571287258501            0.000467587484572  
         56.599474355890500            1.998854906136120            0.001183078383923  
         56.720418572215749            1.996613804316506            0.003423451119357  
         56.841362788540998            1.997033610786993            0.003002844872566  
         56.962307004866247            1.998305029433913            0.001730637254299  
         57.083251221191496            1.999765539196582            0.000268205966568  
         57.204195437516752            1.998101536802831            0.001929679666709  
         57.325139653842001            1.996539279256031            0.003489595217286  
         57.446083870167250            1.996623809618424            0.003402859429617  
         57.567028086492499            1.998179009333928            0.001845342544668  
         57.687972302817748            1.999792486076945            0.000228421145563  
         57.808916519142997            1.998226500351112            0.001790787527025  
         57.929860735468246            1.996814756128090            0.003199115956629  
         58.050804951793502            1.995836392919477            0.004174478678244  
         58.171749168118751            1.998227761945222            0.001779865529557  
         58.292693384444000            1.999975031141261            0.000028514265620  
         58.413637600769249            1.999136359492117            0.000863140301640  
         58.534581817094498            1.996821732654952            0.003174055849541  
         58.655526033419747            1.995545471357528            0.004447244852723  
         58.776470249744996            1.998412420394039            0.001576961507941  
         58.897414466070252            1.999862939220214            0.000122527251372  
         59.018358682395501            1.999507936316597            0.000473813115427  
         59.139302898720750            1.996482157449129            0.003496408682986  
         59.260247115045999            1.996107433611670            0.003868821838011  
         59.381191331371248            1.998090362627629            0.001883185811291  
         59.502135547696497            1.999535142211143            0.000435440352188  
         59.623079764021746            1.999100488714654            0.000867418342786  
         59.744023980347002            1.996521101547053            0.003445041171712  
         59.864968196672251            1.996696388401753            0.003268814752508  
         59.985912412997500            1.997957801579969            0.002005915704651  
         60.106856629322749            1.999599020809617            0.000363321131462  
         60.227800845647998            1.998398973666476            0.001562398786762  
         60.348745061973247            1.996648807810044            0.003312939615526  
         60.469689278298496            1.997220186748466            0.002742136481822  
         60.590633494623752            1.998687806316626            0.001274727181767  
         60.711577710949001            1.999497606936833            0.000465431080266  
         60.832521927274250            1.997316147195629            0.002648220134906  
         60.953466143599499            1.996994304859918            0.002972486256744  
         61.074410359924748            1.998290519760330            0.001678234793710  
         61.195354576249997            1.999644678810490            0.000326080127973  
         61.316298792575246            1.998289203362320            0.001683982001326  
         61.437243008900502            1.996671767151921            0.003304925982764  
         61.558187225225751            1.998244572311988            0.001735688439531  
         61.679131441551000            1.999727569940263            0.000255813519620  
         61.800075657876249            1.999175625058106            0.000811118822808  
         61.921019874201498            1.996782782858916            0.003207935795291  
         62.041964090526747            1.997678787116091            0.002316372965786  
         62.162908306851996            1.999793868237155            0.000205055759090  
         62.283852523177252            1.999458259572194            0.000544321909416  
         62.404796739502501            1.997440805620635            0.002565664931226  
         62.525740955827750            1.996998439440706            0.003012472501397  
         62.646685172152999            1.999420202878224            0.000594520732484  
         62.767629388478248            1.999258441727418            0.000759485707325  
         62.888573604803497            1.997756698060703            0.002264417152046  
         63.009517821128746            1.996950351685642            0.003074325944683  
         63.130462037454002            1.998751392474869            0.001276616698932  
         63.251406253779251            1.999386942415326            0.000643215619913  
         63.372350470104500            1.997595189334985            0.002436948289704  
         63.493294686429749            1.997074019345449            0.002960120672723  
         63.614238902754998            1.997999212494148            0.002037177071319  
         63.735183119080247            1.999660702947841            0.000376706056328  
         63.856127335405496            1.998084809087643            0.001952917851987  
         63.977071551730752            1.996843665848963            0.003194361747640  
         64.098015768056001            1.997191981544871            0.002846529494961  
         64.218959984381243            1.998915901093294            0.001122739217611  
         64.339904200706499            1.999420216494226            0.000617154953871  
         64.460848417031755            1.997268372227712            0.002767593954288  
         64.581792633356997            1.996604330333162            0.003430200373205  
         64.702736849682253            1.997011335630305            0.003022141304663  
         64.823681066007495            1.999422877178683            0.000608614358427  
         64.944625282332751            1.999134371614057            0.000894217641421  
         65.065569498657993            1.997397289707457            0.002628374769519  
         65.186513714983249            1.996003651429183            0.004019348317856  
         65.307457931308505            1.996823346109003            0.003197292621168  
         65.428402147633747            1.999721251745428            0.000296005752578  
         65.549346363959003            1.999513916364003            0.000499489185358  
         65.670290580284245            1.997880283379609            0.002129297525182  
         65.791234796609501            1.995361004606921            0.004645318020173  
         65.912179012934743            1.996975025937473            0.003028229492627  
         66.033123229259999            1.999583298829272            0.000416098384314  
         66.154067445585255            1.999954558892243            0.000040745128058  
         66.275011661910497            1.997859958249230            0.002131394922725  
         66.395955878235753            1.995328804109544            0.004659444439566  
         66.516900094560995            1.997080594766375            0.002904713852547  
         66.637844310886251            1.998780700759144            0.001201068185234  
         66.758788527211493            1.999849459603676            0.000128723245019  
         66.879732743536749            1.997555264258265            0.002419650291256  
         67.000676959862005            1.996084535543911            0.003888282756905  
         67.121621176187247            1.996796207913806            0.003174460801127  
         67.242565392512503            1.998434526171283            0.001533707361842  
         67.363509608837745            1.999619630586618            0.000346174620679  
         67.484453825163001            1.997548093679700            0.002416020365944  
         67.605398041488243            1.996623446855221            0.003340152486740  
         67.726342257813499            1.996797956005707            0.003164835015618  
         67.847286474138755            1.999054019300486            0.000907992613967  
         67.968230690463997            1.999164570484628            0.000796717965508  
         68.089174906789253            1.997332988590060            0.002628903662967  
         68.210119123114495            1.996752801674128            0.003210247510574  
         68.331063339439751            1.997790352922866            0.002173597057214  
         68.452007555764993            1.999591838244114            0.000373070522347  
         68.572951772090249            1.998026321022537            0.001940102926439  
         68.693895988415505            1.996992335669173            0.002976883583873  
         68.814840204740747            1.997552407713639            0.002419365405579  
         68.935784421066003            1.999303181491379            0.000671075804939  
         69.056728637391245            1.998747350204555            0.001229507997029  
         69.177672853716501            1.996790062448330            0.003190466961793  
         69.298617070041743            1.997732221498692            0.002252245650971  
         69.419561286366999            1.999327377728349            0.000660578030310  
         69.540505502692255            1.999459379948742            0.000532012191012  
         69.661449719017497            1.996927469047907            0.003067845410022  
         69.782393935342753            1.997260496976947            0.002739368622929  
         69.903338151667995            1.999540538319846            0.000463259719186  
         70.024282367993251            1.999797731912206            0.000209663266919  
         70.145226584318493            1.997712270476432            0.002298711984254  
         70.266170800643749            1.996560039577830            0.003455231036879  
         70.387115016969005            1.999144948658564            0.000874106901444  
         70.508059233294247            1.999735914217846            0.000286156687089  
         70.629003449619503            1.998255722531990            0.001769042579092  
         70.749947665944745            1.996537471150075            0.003490406245237  
         70.870891882270001            1.998109956985915            0.001921093667886  
         70.991836098595243            1.999768546689064            0.000264408202486  
         71.112780314920499            1.998379085681375            0.001655291193450  
         71.233724531245755            1.996946396318826            0.003089279148960  
         71.354668747570997            1.996948614807778            0.003088969967583  
         71.475612963896253            1.999446766213842            0.000591676056584  
         71.596557180221495            1.999053851698854            0.000984445388023  
         71.717501396546751            1.997403956569708            0.002633875239754  
         71.838445612871993            1.996300220252599            0.003737477065992  
         71.959389829197249            1.997746629629058            0.002291050753962  
         72.080334045522505            1.999872747806667            0.000163486663009  
         72.201278261847747            1.998594343869603            0.001439930395944  
         72.322222478173003            1.996922902904969            0.003109200926386  
         72.443166694498245            1.995680114126250            0.004350528906902  
         72.564110910823501            1.998453338807640            0.001575342235869  
