#  GS molecular orbital populations, spin channel : 1
#          time (fs)            |   population (orb 1)       |    population (orb 2)      |           ...              |    population (orb N)      |
          0.118525331998745            1.986897672712581            0.013176779409950  
          0.239469548323995            1.966407690632262            0.033666239722504  
          0.360413764649245            1.948058871281757            0.052016291482298  
          0.481357980974495            1.936965350265116            0.063113947520274  
          0.602302197299745            1.934940848225903            0.065146857211777  
          0.723246413624995            1.945253818881641            0.054844559063878  
          0.844190629950245            1.964244813282433            0.035861518572031  
          0.965134846275495            1.985685305431466            0.014425156793920  
          1.086079062600745            1.996501626344125            0.003608602478834  
          1.207023278925995            1.996225297792516            0.003880586528946  
          1.327967495251245            1.989039344993167            0.011058274951910  
          1.448911711576495            1.974056302330781            0.026031234961687  
          1.569855927901745            1.945220251856905            0.054858549165774  
          1.690800144226995            1.903548844215886            0.096525078120886  
          1.811744360552245            1.853389939130299            0.146681219132976  
          1.932688576877495            1.815966200715559            0.184101249995027  
          2.053632793202745            1.790943300221095            0.209115883981787  
          2.174577009527995            1.736397341187322            0.263654104602598  
          2.295521225853245            1.640913070909811            0.359141348843730  
          2.416465442178495            1.567700445911303            0.432343332218051  
          2.537409658503745            1.544584002933659            0.455406058915051  
          2.658353874828995            1.400256989234420            0.599700631323964  
          2.779298091154245            1.166364528017778            0.833586748626979  
          2.900242307479495            1.147989485358927            0.851771251044238  
          3.021186523804745            0.897651210529765            1.102028782952964  
          3.142130740129995            0.658040792882680            1.341633496526225  
          3.263074956455245            0.791088562299878            1.208272022733173  
          3.384019172780495            0.598624146327885            1.401132142804719  
          3.504963389105745            1.044404891782855            0.955158558010875  
          3.625907605430995            0.991170222097058            1.008824332207939  
          3.746851821756245            1.163429290138935            0.836391388475782  
          3.867796038081495            0.914872142176547            1.084976332971503  
          3.988740254406745            0.587621823366706            1.412132120030534  
          4.109684470731995            0.730036638228213            1.269469004622288  
          4.230628687057245            0.645440681001828            1.354674108275535  
          4.351572903382495            1.041405679762572            0.958535294691140  
          4.472517119707745            0.994737729494791            1.005058217462182  
          4.593461336032996            0.419021235971280            1.581106200004631  
          4.714405552358246            0.559968810703528            1.439801879434088  
          4.835349768683495            0.908961154196622            1.090841818747699  
          4.956293985008745            0.791330667186731            1.208724004287698  
          5.077238201333995            0.375421379350026            1.624741322268049  
          5.198182417659245            0.429520522975573            1.570191535560930  
          5.319126633984495            0.711934790074398            1.287823432369371  
          5.440070850309746            0.617670950479040            1.382174029534236  
          5.561015066634996            0.326235749339900            1.673850321404395  
          5.681959282960245            0.397929884322024            1.601952077851909  
          5.802903499285495            0.535905738813964            1.463901458648810  
          5.923847715610745            0.536667147031778            1.463074933029756  
          6.044791931935995            0.568895956589114            1.430976211094849  
          6.165736148261245            0.611969281479931            1.388217229473817  
          6.286680364586495            0.461664819344882            1.538699034069863  
          6.407624580911745            0.377350250093438            1.622968790576772  
          6.528568797236995            0.356545981711245            1.643548660337327  
          6.649513013562244            0.509241883595201            1.490745145043212  
          6.770457229887494            0.467615190358266            1.532354891116839  
          6.891401446212745            0.231971551289231            1.768054965575135  
          7.012345662537995            0.495452846787941            1.504723699383063  
          7.133289878863245            0.561013168950144            1.439303415190764  
          7.254234095188495            0.517221696952495            1.483062493511425  
          7.375178311513745            0.490236163768838            1.509878304875782  
          7.496122527838994            0.230950854475716            1.769111334331400  
          7.617066744164244            0.515794871211871            1.484281746609098  
          7.738010960489495            0.530803461943995            1.469404923949329  
          7.858955176814745            0.536975259374878            1.463274840361723  
          7.979899393139995            0.478635202183114            1.521562955408643  
          8.100843609465246            0.433531156972522            1.566590771011470  
          8.221787825790495            0.494600820018422            1.505519600574824  
          8.342732042115745            0.511323007728128            1.488869740291883  
          8.463676258440994            0.546746859353200            1.453477299968841  
          8.584620474766245            0.486511590107956            1.513691316769025  
          8.705564691091494            0.478176725702357            1.521972220379644  
          8.826508907416745            0.478598987227114            1.521555732591896  
          8.947453123741996            0.499844777873611            1.500351847653516  
          9.068397340067245            0.523197037393442            1.477016266805541  
          9.189341556392495            0.495481587777920            1.504712904859128  
          9.310285772717744            0.491948795784520            1.508212354289127  
          9.431229989042995            0.472820470058957            1.527350649055893  
          9.552174205368244            0.493412173675863            1.506783989513228  
          9.673118421693495            0.499165332362548            1.501037769462336  
          9.794062638018746            0.498709768101391            1.501478705488357  
          9.915006854343995            0.497065959777487            1.503105478966662  
         10.035951070669245            0.488120454277005            1.512060070422907  
         10.156895286994494            0.492519119392148            1.507673431237134  
         10.277839503319745            0.492792967442459            1.507400267606487  
         10.398783719644994            0.494732202572615            1.505453062716638  
         10.519727935970245            0.496589850986465            1.503590657449755  
         10.640672152295496            0.496815982634842            1.503370683436657  
         10.761616368620745            0.494698347813425            1.505491168374252  
         10.882560584945995            0.493761615854472            1.506424576458884  
         11.003504801271244            0.490452289595617            1.509731864262167  
         11.124449017596495            0.494732376309627            1.505453513277602  
         11.245393233921744            0.495134479705253            1.505054846075662  
         11.366337450246995            0.495833321572445            1.504354157292440  
         11.487281666572246            0.495019143893867            1.505164511715660  
         11.608225882897495            0.494193497241831            1.505991484530123  
         11.729170099222745            0.494386374449824            1.505801193264550  
         11.850114315547994            0.494334970220885            1.505853192637333  
         11.971058531873245            0.494240019756319            1.505946029650411  
         12.092002748198494            0.494891824796767            1.505293291476057  
         12.212946964523745            0.494994858604257            1.505192191387442  
         12.333891180848996            0.494938855070612            1.505248333823960  
         12.454835397174245            0.494680560106387            1.505504972801155  
         12.575779613499495            0.494082965220728            1.506102639165484  
         12.696723829824744            0.494564015605837            1.505622802360578  
         12.817668046149995            0.494593272698555            1.505594272057277  
         12.938612262475244            0.494784370141402            1.505402065404274  
         13.059556478800495            0.494816766637539            1.505368842623798  
         13.180500695125746            0.494854642788203            1.505331859357070  
         13.301444911450995            0.494738838629849            1.505447934248673  
         13.422389127776245            0.494652110423268            1.505534054009267  
         13.543333344101494            0.494127302310318            1.506058848732485  
         13.664277560426745            0.494624020123723            1.505562541370767  
         13.785221776751994            0.494652466491023            1.505534300030102  
         13.906165993077245            0.494770983991650            1.505415483677828  
         14.027110209402496            0.494770674828036            1.505415616853505  
         14.148054425727745            0.494817975927005            1.505368459244222  
         14.268998642052996            0.494702946652247            1.505483493132766  
         14.389942858378244            0.494668355630207            1.505518097809991  
         14.510887074703495            0.494258061648941            1.505928389680386  
         14.631831291028744            0.494648704810388            1.505537613468024  
         14.752775507353995            0.494664995844678            1.505521308558747  
         14.873719723679246            0.494706015574058            1.505480697734057  
         14.994663940004495            0.494722344624119            1.505464770456060  
         15.115608156329746            0.494776187610436            1.505409844537998  
         15.236552372654995            0.494699739897185            1.505486159613725  
         15.357496588980245            0.494693773739732            1.505493835908660  
         15.478440805305494            0.494639033461662            1.505547643999488  
         15.599385021630745            0.494686721967383            1.505498433347500  
         15.720329237955996            0.494687362240824            1.505498357096121  
         15.841273454281245            0.494689067192546            1.505497121707695  
         15.962217670606496            0.494689524853998            1.505496584757859  
         16.083161886931745            0.494689510975395            1.505496574009288  
         16.204106103256994            0.494689510448783            1.505496574988988  
         16.325050319582246            0.494689510448783            1.505496574988988  
         16.445994535907495            0.494689510448783            1.505496574988988  
         16.566938752232744            0.494689510448783            1.505496574988988  
         16.687882968557997            0.494689510448783            1.505496574988988  
         16.808827184883246            0.494689510448783            1.505496574988988  
         16.929771401208495            0.494689510448783            1.505496574988988  
         17.050715617533744            0.494689510448783            1.505496574988988  
         17.171659833858996            0.494689510448783            1.505496574988988  
         17.292604050184245            0.494689510448783            1.505496574988988  
         17.413548266509494            0.494689510448783            1.505496574988988  
         17.534492482834747            0.494689510448783            1.505496574988988  
         17.655436699159996            0.494689510448783            1.505496574988988  
         17.776380915485245            0.494689510448783            1.505496574988988  
         17.897325131810494            0.494689510448783            1.505496574988988  
         18.018269348135746            1.505496574988988            0.494689510448783  
         18.139213564460995            0.494689510448783            1.505496574988988  
         18.260157780786244            0.494689510448783            1.505496574988988  
         18.381101997111497            0.494689510448783            1.505496574988988  
         18.502046213436746            0.494689510448783            1.505496574988988  
         18.622990429761995            0.494689510448783            1.505496574988988  
         18.743934646087244            0.494689510448783            1.505496574988988  
         18.864878862412496            0.494689510448783            1.505496574988988  
         18.985823078737745            1.505496574988988            0.494689510448783  
         19.106767295062994            0.494689510448783            1.505496574988988  
         19.227711511388247            0.494689510448783            1.505496574988988  
         19.348655727713496            0.494689510448783            1.505496574988988  
         19.469599944038745            0.494689510448783            1.505496574988988  
         19.590544160363994            1.505496574988988            0.494689510448783  
         19.711488376689246            0.494689510448783            1.505496574988988  
         19.832432593014495            0.494689510448783            1.505496574988988  
         19.953376809339744            0.494689510448783            1.505496574988988  
         20.074321025664997            0.494689510448783            1.505496574988988  
         20.195265241990246            0.494689510448783            1.505496574988988  
         20.316209458315495            0.494689510448783            1.505496574988988  
         20.437153674640744            0.494689510448783            1.505496574988988  
         20.558097890965996            1.505496574988988            0.494689510448783  
         20.679042107291245            0.494689510448783            1.505496574988988  
         20.799986323616494            0.494689510448783            1.505496574988988  
         20.920930539941747            0.494689510448783            1.505496574988988  
         21.041874756266996            0.494689510448783            1.505496574988988  
         21.162818972592245            0.494689510448783            1.505496574988988  
         21.283763188917494            0.494689510448783            1.505496574988988  
         21.404707405242746            0.494689510448783            1.505496574988988  
         21.525651621567995            1.505496574988988            0.494689510448783  
         21.646595837893244            0.494689510448783            1.505496574988988  
         21.767540054218497            0.494689510448783            1.505496574988988  
         21.888484270543746            0.494689510448783            1.505496574988988  
         22.009428486868995            0.494689510448783            1.505496574988988  
         22.130372703194244            1.505496574988988            0.494689510448783  
         22.251316919519496            0.494689510448783            1.505496574988988  
         22.372261135844745            0.494689510448783            1.505496574988988  
         22.493205352169994            1.505496574988988            0.494689510448783  
         22.614149568495247            0.494689510448783            1.505496574988988  
         22.735093784820496            0.494689510448783            1.505496574988988  
         22.856038001145745            0.494689510448783            1.505496574988988  
         22.976982217470994            0.494689510448783            1.505496574988988  
         23.097926433796246            1.505496574988988            0.494689510448783  
         23.218870650121495            0.494689510448783            1.505496574988988  
         23.339814866446744            0.494689510448783            1.505496574988988  
         23.460759082771997            1.505496574988988            0.494689510448783  
         23.581703299097246            0.494689510448783            1.505496574988988  
         23.702647515422495            0.494689510448783            1.505496574988988  
         23.823591731747744            0.494689510448783            1.505496574988988  
         23.944535948072996            0.494689510448783            1.505496574988988  
         24.065480164398245            1.505496574988988            0.494689510448783  
         24.186424380723494            0.494689510448783            1.505496574988988  
         24.307368597048747            0.494689510448783            1.505496574988988  
         24.428312813373996            0.494689510448783            1.505496574988988  
         24.549257029699245            0.494689510448783            1.505496574988988  
         24.670201246024494            1.505496574988988            0.494689510448783  
         24.791145462349750            0.494689510448783            1.505496574988988  
         24.912089678674999            0.494689510448783            1.505496574988988  
         25.033033895000248            1.505496574988988            0.494689510448783  
         25.153978111325497            0.494689510448783            1.505496574988988  
         25.274922327650749            0.494689510448783            1.505496574988988  
         25.395866543975998            0.494689510448783            1.505496574988988  
         25.516810760301247            0.494689510448783            1.505496574988988  
         25.637754976626500            1.505496574988988            0.494689510448783  
         25.758699192951749            0.494689510448783            1.505496574988988  
         25.879643409276998            0.494689510448783            1.505496574988988  
         26.000587625602247            1.505496574988988            0.494689510448783  
         26.121531841927499            0.494689510448783            1.505496574988988  
         26.242476058252748            0.494689510448783            1.505496574988988  
         26.363420274577997            0.494689510448783            1.505496574988988  
         26.484364490903250            0.494689510448783            1.505496574988988  
         26.605308707228499            1.505496574988988            0.494689510448783  
         26.726252923553748            0.494689510448783            1.505496574988988  
         26.847197139878997            0.494689510448783            1.505496574988988  
         26.968141356204249            1.505496574988988            0.494689510448783  
         27.089085572529498            0.494689510448783            1.505496574988988  
         27.210029788854747            0.494689510448783            1.505496574988988  
         27.330974005180000            0.494689510448783            1.505496574988988  
         27.451918221505249            0.494689510448783            1.505496574988988  
         27.572862437830498            1.505496574988988            0.494689510448783  
         27.693806654155747            0.494689510448783            1.505496574988988  
         27.814750870480999            0.494689510448783            1.505496574988988  
         27.935695086806248            0.494689510448783            1.505496574988988  
         28.056639303131497            0.494689510448783            1.505496574988988  
         28.177583519456750            1.505496574988988            0.494689510448783  
         28.298527735781999            0.494689510448783            1.505496574988988  
         28.419471952107248            0.494689510448783            1.505496574988988  
         28.540416168432497            1.505496574988988            0.494689510448783  
         28.661360384757749            0.494689510448783            1.505496574988988  
         28.782304601082998            0.494689510448783            1.505496574988988  
         28.903248817408247            0.494689510448783            1.505496574988988  
         29.024193033733500            0.494689510448783            1.505496574988988  
         29.145137250058749            1.505496574988988            0.494689510448783  
         29.266081466383998            0.494689510448783            1.505496574988988  
         29.387025682709247            0.494689510448783            1.505496574988988  
         29.507969899034499            1.505496574988988            0.494689510448783  
         29.628914115359748            0.494689510448783            1.505496574988988  
         29.749858331684997            0.494689510448783            1.505496574988988  
         29.870802548010250            0.494689510448783            1.505496574988988  
         29.991746764335499            0.494689510448783            1.505496574988988  
         30.112690980660748            1.505496574988988            0.494689510448783  
         30.233635196985997            0.494689510448783            1.505496574988988  
         30.354579413311249            0.494689510448783            1.505496574988988  
         30.475523629636498            1.505496574988988            0.494689510448783  
         30.596467845961747            0.494689510448783            1.505496574988988  
         30.717412062287000            1.505496574988988            0.494689510448783  
         30.838356278612249            0.494689510448783            1.505496574988988  
         30.959300494937498            0.494689510448783            1.505496574988988  
         31.080244711262747            1.505496574988988            0.494689510448783  
         31.201188927587999            0.494689510448783            1.505496574988988  
         31.322133143913248            0.494689510448783            1.505496574988988  
         31.443077360238497            0.494689510448783            1.505496574988988  
         31.564021576563750            0.494689510448783            1.505496574988988  
         31.684965792888999            1.505496574988988            0.494689510448783  
         31.805910009214248            0.494689510448783            1.505496574988988  
         31.926854225539497            0.494689510448783            1.505496574988988  
         32.047798441864749            1.505496574988988            0.494689510448783  
         32.168742658189998            0.494689510448783            1.505496574988988  
         32.289686874515247            0.494689510448783            1.505496574988988  
         32.410631090840496            0.494689510448783            1.505496574988988  
         32.531575307165745            0.494689510448783            1.505496574988988  
         32.652519523491002            1.505496574988988            0.494689510448783  
         32.773463739816250            0.494689510448783            1.505496574988988  
         32.894407956141499            0.494689510448783            1.505496574988988  
         33.015352172466748            1.505496574988988            0.494689510448783  
         33.136296388791997            0.494689510448783            1.505496574988988  
         33.257240605117246            0.494689510448783            1.505496574988988  
         33.378184821442495            0.494689510448783            1.505496574988988  
         33.499129037767752            0.494689510448783            1.505496574988988  
         33.620073254093001            1.505496574988988            0.494689510448783  
         33.741017470418250            0.494689510448783            1.505496574988988  
         33.861961686743498            0.494689510448783            1.505496574988988  
         33.982905903068747            1.505496574988988            0.494689510448783  
         34.103850119393996            0.494689510448783            1.505496574988988  
         34.224794335719245            1.505496574988988            0.494689510448783  
         34.345738552044502            0.494689510448783            1.505496574988988  
         34.466682768369751            0.494689510448783            1.505496574988988  
         34.587626984695000            1.505496574988988            0.494689510448783  
         34.708571201020249            0.494689510448783            1.505496574988988  
         34.829515417345497            0.494689510448783            1.505496574988988  
         34.950459633670746            0.494689510448783            1.505496574988988  
         35.071403849995995            0.494689510448783            1.505496574988988  
         35.192348066321252            1.505496574988988            0.494689510448783  
         35.313292282646501            0.494689510448783            1.505496574988988  
         35.434236498971750            0.494689510448783            1.505496574988988  
         35.555180715296999            1.505496574988988            0.494689510448783  
         35.676124931622248            0.494689510448783            1.505496574988988  
         35.797069147947497            0.494689510448783            1.505496574988988  
         35.918013364272745            0.494689510448783            1.505496574988988  
         36.038957580598002            0.494689510448783            1.505496574988988  
         36.159901796923251            1.505496574988988            0.494689510448783  
         36.280846013248500            0.494689510448783            1.505496574988988  
         36.401790229573749            0.494689510448783            1.505496574988988  
         36.522734445898998            1.505496574988988            0.494689510448783  
         36.643678662224247            0.494689510448783            1.505496574988988  
         36.764622878549496            1.505496574988988            0.494689510448783  
         36.885567094874752            0.494689510448783            1.505496574988988  
         37.006511311200001            0.494689510448783            1.505496574988988  
         37.127455527525250            1.505496574988988            0.494689510448783  
         37.248399743850499            0.494689510448783            1.505496574988988  
         37.369343960175748            0.494689510448783            1.505496574988988  
         37.490288176500997            1.505496574988988            0.494689510448783  
         37.611232392826246            0.494689510448783            1.505496574988988  
         37.732176609151502            1.505496574988988            0.494689510448783  
         37.853120825476751            0.494689510448783            1.505496574988988  
         37.974065041802000            0.494689510448783            1.505496574988988  
         38.095009258127249            1.505496574988988            0.494689510448783  
         38.215953474452498            0.494689510448783            1.505496574988988  
         38.336897690777747            0.494689510448783            1.505496574988988  
         38.457841907102996            0.494689510448783            1.505496574988988  
         38.578786123428252            0.494689510448783            1.505496574988988  
         38.699730339753501            1.505496574988988            0.494689510448783  
         38.820674556078750            0.494689510448783            1.505496574988988  
         38.941618772403999            0.494689510448783            1.505496574988988  
         39.062562988729248            1.505496574988988            0.494689510448783  
         39.183507205054497            0.494689510448783            1.505496574988988  
         39.304451421379746            0.494689510448783            1.505496574988988  
         39.425395637705002            0.494689510448783            1.505496574988988  
         39.546339854030251            0.494689510448783            1.505496574988988  
         39.667284070355500            1.505496574988988            0.494689510448783  
         39.788228286680749            0.494689510448783            1.505496574988988  
         39.909172503005998            0.494689510448783            1.505496574988988  
         40.030116719331247            1.505496574988988            0.494689510448783  
         40.151060935656496            0.494689510448783            1.505496574988988  
         40.272005151981752            1.505496574988988            0.494689510448783  
         40.392949368307001            0.494689510448783            1.505496574988988  
         40.513893584632250            0.494689510448783            1.505496574988988  
         40.634837800957499            1.505496574988988            0.494689510448783  
         40.755782017282748            0.494689510448783            1.505496574988988  
         40.876726233607997            0.494689510448783            1.505496574988988  
         40.997670449933246            1.505496574988988            0.494689510448783  
         41.118614666258502            0.494689510448783            1.505496574988988  
         41.239558882583751            1.505496574988988            0.494689510448783  
         41.360503098909000            0.494689510448783            1.505496574988988  
         41.481447315234249            0.494689510448783            1.505496574988988  
         41.602391531559498            1.505496574988988            0.494689510448783  
         41.723335747884747            0.494689510448783            1.505496574988988  
         41.844279964209996            0.494689510448783            1.505496574988988  
         41.965224180535252            0.494689510448783            1.505496574988988  
         42.086168396860501            0.494689510448783            1.505496574988988  
         42.207112613185750            1.505496574988988            0.494689510448783  
         42.328056829510999            0.494689510448783            1.505496574988988  
         42.449001045836248            0.494689510448783            1.505496574988988  
         42.569945262161497            1.505496574988988            0.494689510448783  
         42.690889478486746            0.494689510448783            1.505496574988988  
         42.811833694812002            1.505496574988988            0.494689510448783  
         42.932777911137251            0.494689510448783            1.505496574988988  
         43.053722127462500            0.494689510448783            1.505496574988988  
         43.174666343787749            1.505496574988988            0.494689510448783  
         43.295610560112998            0.494689510448783            1.505496574988988  
         43.416554776438247            0.494689510448783            1.505496574988988  
         43.537498992763496            1.505496574988988            0.494689510448783  
         43.658443209088752            0.494689510448783            1.505496574988988  
         43.779387425414001            1.505496574988988            0.494689510448783  
         43.900331641739250            0.494689510448783            1.505496574988988  
         44.021275858064499            0.494689510448783            1.505496574988988  
         44.142220074389748            1.505496574988988            0.494689510448783  
         44.263164290714997            0.494689510448783            1.505496574988988  
         44.384108507040246            0.494689510448783            1.505496574988988  
         44.505052723365502            1.505496574988988            0.494689510448783  
         44.625996939690751            0.494689510448783            1.505496574988988  
         44.746941156016000            1.505496574988988            0.494689510448783  
         44.867885372341249            0.494689510448783            1.505496574988988  
         44.988829588666498            0.494689510448783            1.505496574988988  
         45.109773804991747            1.505496574988988            0.494689510448783  
         45.230718021316996            0.494689510448783            1.505496574988988  
         45.351662237642252            0.494689510448783            1.505496574988988  
         45.472606453967501            0.494689510448783            1.505496574988988  
         45.593550670292750            0.494689510448783            1.505496574988988  
         45.714494886617999            1.505496574988988            0.494689510448783  
         45.835439102943248            0.494689510448783            1.505496574988988  
         45.956383319268497            0.494689510448783            1.505496574988988  
         46.077327535593746            1.505496574988988            0.494689510448783  
         46.198271751919002            0.494689510448783            1.505496574988988  
         46.319215968244251            1.505496574988988            0.494689510448783  
         46.440160184569500            0.494689510448783            1.505496574988988  
         46.561104400894749            0.494689510448783            1.505496574988988  
         46.682048617219998            1.505496574988988            0.494689510448783  
         46.802992833545247            0.494689510448783            1.505496574988988  
         46.923937049870496            0.494689510448783            1.505496574988988  
         47.044881266195752            1.505496574988988            0.494689510448783  
         47.165825482521001            0.494689510448783            1.505496574988988  
         47.286769698846250            1.505496574988988            0.494689510448783  
         47.407713915171499            0.494689510448783            1.505496574988988  
         47.528658131496748            0.494689510448783            1.505496574988988  
         47.649602347821997            1.505496574988988            0.494689510448783  
         47.770546564147246            0.494689510448783            1.505496574988988  
         47.891490780472502            0.494689510448783            1.505496574988988  
         48.012434996797751            1.505496574988988            0.494689510448783  
         48.133379213123000            0.494689510448783            1.505496574988988  
         48.254323429448249            1.505496574988988            0.494689510448783  
         48.375267645773498            0.494689510448783            1.505496574988988  
         48.496211862098747            0.494689510448783            1.505496574988988  
         48.617156078423996            1.505496574988988            0.494689510448783  
         48.738100294749252            0.494689510448783            1.505496574988988  
         48.859044511074501            0.494689510448783            1.505496574988988  
         48.979988727399750            0.494689510448783            1.505496574988988  
         49.100932943724999            0.494689510448783            1.505496574988988  
         49.221877160050248            1.505496574988988            0.494689510448783  
         49.342821376375497            0.494689510448783            1.505496574988988  
         49.463765592700746            0.494689510448783            1.505496574988988  
         49.584709809026002            1.505496574988988            0.494689510448783  
         49.705654025351251            0.494689510448783            1.505496574988988  
         49.826598241676500            1.505496574988988            0.494689510448783  
         49.947542458001749            0.494689510448783            1.505496574988988  
         50.068486674326998            0.494689510448783            1.505496574988988  
         50.189430890652247            1.505496574988988            0.494689510448783  
         50.310375106977496            0.494689510448783            1.505496574988988  
         50.431319323302752            0.494689510448783            1.505496574988988  
         50.552263539628001            1.505496574988988            0.494689510448783  
         50.673207755953250            0.494689510448783            1.505496574988988  
         50.794151972278499            1.505496574988988            0.494689510448783  
         50.915096188603748            0.494689510448783            1.505496574988988  
         51.036040404928997            0.494689510448783            1.505496574988988  
         51.156984621254246            1.505496574988988            0.494689510448783  
         51.277928837579502            0.494689510448783            1.505496574988988  
         51.398873053904751            0.494689510448783            1.505496574988988  
         51.519817270230000            1.505496574988988            0.494689510448783  
         51.640761486555249            0.494689510448783            1.505496574988988  
         51.761705702880498            1.505496574988988            0.494689510448783  
         51.882649919205747            0.494689510448783            1.505496574988988  
         52.003594135530996            0.494689510448783            1.505496574988988  
         52.124538351856252            1.505496574988988            0.494689510448783  
         52.245482568181501            0.494689510448783            1.505496574988988  
         52.366426784506750            1.505496574988988            0.494689510448783  
         52.487371000831999            0.494689510448783            1.505496574988988  
         52.608315217157248            0.494689510448783            1.505496574988988  
         52.729259433482497            1.505496574988988            0.494689510448783  
         52.850203649807746            0.494689510448783            1.505496574988988  
         52.971147866133002            0.494689510448783            1.505496574988988  
         53.092092082458251            1.505496574988988            0.494689510448783  
         53.213036298783500            0.494689510448783            1.505496574988988  
         53.333980515108749            1.505496574988988            0.494689510448783  
         53.454924731433998            0.494689510448783            1.505496574988988  
         53.575868947759247            0.494689510448783            1.505496574988988  
         53.696813164084496            1.505496574988988            0.494689510448783  
         53.817757380409752            0.494689510448783            1.505496574988988  
         53.938701596735001            0.494689510448783            1.505496574988988  
         54.059645813060250            1.505496574988988            0.494689510448783  
         54.180590029385499            0.494689510448783            1.505496574988988  
         54.301534245710748            1.505496574988988            0.494689510448783  
         54.422478462035997            0.494689510448783            1.505496574988988  
         54.543422678361246            0.494689510448783            1.505496574988988  
         54.664366894686502            1.505496574988988            0.494689510448783  
         54.785311111011751            0.494689510448783            1.505496574988988  
         54.906255327337000            0.494689510448783            1.505496574988988  
         55.027199543662249            1.505496574988988            0.494689510448783  
         55.148143759987498            0.494689510448783            1.505496574988988  
         55.269087976312747            1.505496574988988            0.494689510448783  
         55.390032192637996            0.494689510448783            1.505496574988988  
         55.510976408963252            0.494689510448783            1.505496574988988  
         55.631920625288501            1.505496574988988            0.494689510448783  
         55.752864841613750            0.494689510448783            1.505496574988988  
         55.873809057938999            1.505496574988988            0.494689510448783  
         55.994753274264248            0.494689510448783            1.505496574988988  
         56.115697490589497            0.494689510448783            1.505496574988988  
         56.236641706914746            1.505496574988988            0.494689510448783  
         56.357585923240002            0.494689510448783            1.505496574988988  
         56.478530139565251            0.494689510448783            1.505496574988988  
         56.599474355890500            1.505496574988988            0.494689510448783  
         56.720418572215749            0.494689510448783            1.505496574988988  
         56.841362788540998            1.505496574988988            0.494689510448783  
         56.962307004866247            0.494689510448783            1.505496574988988  
         57.083251221191496            0.494689510448783            1.505496574988988  
         57.204195437516752            1.505496574988988            0.494689510448783  
         57.325139653842001            0.494689510448783            1.505496574988988  
         57.446083870167250            0.494689510448783            1.505496574988988  
         57.567028086492499            1.505496574988988            0.494689510448783  
         57.687972302817748            0.494689510448783            1.505496574988988  
         57.808916519142997            1.505496574988988            0.494689510448783  
         57.929860735468246            0.494689510448783            1.505496574988988  
         58.050804951793502            0.494689510448783            1.505496574988988  
         58.171749168118751            1.505496574988988            0.494689510448783  
         58.292693384444000            0.494689510448783            1.505496574988988  
         58.413637600769249            0.494689510448783            1.505496574988988  
         58.534581817094498            1.505496574988988            0.494689510448783  
         58.655526033419747            0.494689510448783            1.505496574988988  
         58.776470249744996            1.505496574988988            0.494689510448783  
         58.897414466070252            0.494689510448783            1.505496574988988  
         59.018358682395501            0.494689510448783            1.505496574988988  
         59.139302898720750            1.505496574988988            0.494689510448783  
         59.260247115045999            0.494689510448783            1.505496574988988  
         59.381191331371248            1.505496574988988            0.494689510448783  
         59.502135547696497            0.494689510448783            1.505496574988988  
         59.623079764021746            0.494689510448783            1.505496574988988  
         59.744023980347002            1.505496574988988            0.494689510448783  
         59.864968196672251            0.494689510448783            1.505496574988988  
         59.985912412997500            0.494689510448783            1.505496574988988  
         60.106856629322749            1.505496574988988            0.494689510448783  
         60.227800845647998            0.494689510448783            1.505496574988988  
         60.348745061973247            1.505496574988988            0.494689510448783  
         60.469689278298496            0.494689510448783            1.505496574988988  
         60.590633494623752            0.494689510448783            1.505496574988988  
         60.711577710949001            1.505496574988988            0.494689510448783  
         60.832521927274250            0.494689510448783            1.505496574988988  
         60.953466143599499            0.494689510448783            1.505496574988988  
         61.074410359924748            1.505496574988988            0.494689510448783  
         61.195354576249997            0.494689510448783            1.505496574988988  
         61.316298792575246            1.505496574988988            0.494689510448783  
         61.437243008900502            0.494689510448783            1.505496574988988  
         61.558187225225751            0.494689510448783            1.505496574988988  
         61.679131441551000            1.505496574988988            0.494689510448783  
         61.800075657876249            0.494689510448783            1.505496574988988  
         61.921019874201498            1.505496574988988            0.494689510448783  
         62.041964090526747            1.505496574988988            0.494689510448783  
         62.162908306851996            0.494689510448783            1.505496574988988  
         62.283852523177252            1.505496574988988            0.494689510448783  
         62.404796739502501            0.494689510448783            1.505496574988988  
         62.525740955827750            0.494689510448783            1.505496574988988  
         62.646685172152999            1.505496574988988            0.494689510448783  
         62.767629388478248            0.494689510448783            1.505496574988988  
         62.888573604803497            1.505496574988988            0.494689510448783  
         63.009517821128746            0.494689510448783            1.505496574988988  
         63.130462037454002            0.494689510448783            1.505496574988988  
         63.251406253779251            1.505496574988988            0.494689510448783  
         63.372350470104500            0.494689510448783            1.505496574988988  
         63.493294686429749            0.494689510448783            1.505496574988988  
         63.614238902754998            1.505496574988988            0.494689510448783  
         63.735183119080247            0.494689510448783            1.505496574988988  
         63.856127335405496            1.505496574988988            0.494689510448783  
         63.977071551730752            0.494689510448783            1.505496574988988  
         64.098015768056001            0.494689510448783            1.505496574988988  
         64.218959984381243            1.505496574988988            0.494689510448783  
         64.339904200706499            0.494689510448783            1.505496574988988  
         64.460848417031755            0.494689510448783            1.505496574988988  
         64.581792633356997            1.505496574988988            0.494689510448783  
         64.702736849682253            0.494689510448783            1.505496574988988  
         64.823681066007495            1.505496574988988            0.494689510448783  
         64.944625282332751            0.494689510448783            1.505496574988988  
         65.065569498657993            0.494689510448783            1.505496574988988  
         65.186513714983249            1.505496574988988            0.494689510448783  
         65.307457931308505            0.494689510448783            1.505496574988988  
         65.428402147633747            1.505496574988988            0.494689510448783  
         65.549346363959003            0.494689510448783            1.505496574988988  
         65.670290580284245            0.494689510448783            1.505496574988988  
         65.791234796609501            1.505496574988988            0.494689510448783  
         65.912179012934743            0.494689510448783            1.505496574988988  
         66.033123229259999            0.494689510448783            1.505496574988988  
         66.154067445585255            1.505496574988988            0.494689510448783  
         66.275011661910497            0.494689510448783            1.505496574988988  
         66.395955878235753            1.505496574988988            0.494689510448783  
         66.516900094560995            0.494689510448783            1.505496574988988  
         66.637844310886251            0.494689510448783            1.505496574988988  
         66.758788527211493            1.505496574988988            0.494689510448783  
         66.879732743536749            0.494689510448783            1.505496574988988  
         67.000676959862005            0.494689510448783            1.505496574988988  
         67.121621176187247            1.505496574988988            0.494689510448783  
         67.242565392512503            0.494689510448783            1.505496574988988  
         67.363509608837745            1.505496574988988            0.494689510448783  
         67.484453825163001            0.494689510448783            1.505496574988988  
         67.605398041488243            0.494689510448783            1.505496574988988  
         67.726342257813499            1.505496574988988            0.494689510448783  
         67.847286474138755            0.494689510448783            1.505496574988988  
         67.968230690463997            0.494689510448783            1.505496574988988  
         68.089174906789253            1.505496574988988            0.494689510448783  
         68.210119123114495            0.494689510448783            1.505496574988988  
         68.331063339439751            1.505496574988988            0.494689510448783  
         68.452007555764993            0.494689510448783            1.505496574988988  
         68.572951772090249            0.494689510448783            1.505496574988988  
         68.693895988415505            1.505496574988988            0.494689510448783  
         68.814840204740747            0.494689510448783            1.505496574988988  
         68.935784421066003            1.505496574988988            0.494689510448783  
         69.056728637391245            0.494689510448783            1.505496574988988  
         69.177672853716501            0.494689510448783            1.505496574988988  
         69.298617070041743            1.505496574988988            0.494689510448783  
         69.419561286366999            0.494689510448783            1.505496574988988  
         69.540505502692255            0.494689510448783            1.505496574988988  
         69.661449719017497            1.505496574988988            0.494689510448783  
         69.782393935342753            0.494689510448783            1.505496574988988  
         69.903338151667995            1.505496574988988            0.494689510448783  
         70.024282367993251            0.494689510448783            1.505496574988988  
         70.145226584318493            0.494689510448783            1.505496574988988  
         70.266170800643749            1.505496574988988            0.494689510448783  
         70.387115016969005            0.494689510448783            1.505496574988988  
         70.508059233294247            0.494689510448783            1.505496574988988  
         70.629003449619503            1.505496574988988            0.494689510448783  
         70.749947665944745            0.494689510448783            1.505496574988988  
         70.870891882270001            1.505496574988988            0.494689510448783  
         70.991836098595243            0.494689510448783            1.505496574988988  
         71.112780314920499            0.494689510448783            1.505496574988988  
         71.233724531245755            1.505496574988988            0.494689510448783  
         71.354668747570997            0.494689510448783            1.505496574988988  
         71.475612963896253            1.505496574988988            0.494689510448783  
         71.596557180221495            1.505496574988988            0.494689510448783  
         71.717501396546751            0.494689510448783            1.505496574988988  
         71.838445612871993            1.505496574988988            0.494689510448783  
         71.959389829197249            0.494689510448783            1.505496574988988  
         72.080334045522505            0.494689510448783            1.505496574988988  
         72.201278261847747            1.505496574988988            0.494689510448783  
         72.322222478173003            0.494689510448783            1.505496574988988  
         72.443166694498245            1.505496574988988            0.494689510448783  
         72.564110910823501            0.494689510448783            1.505496574988988  
