#             time (fs)      |   total net charge (e)  |   charge (atom_1) (e)   |   charge (atom_2) (e)   |        ...        |   charge (atom_N) (e)   |
          0.000000000000000       -0.000000000000000       -0.000000000000000        0.000000000000000
          0.120944216325250       -0.000000001353418       -0.091735386340518        0.091735384987100
          0.241888432650500       -0.000000001103995        0.054378953760522       -0.054378954864517
          0.362832648975750       -0.000000005174089       -0.014070881644916        0.014070876470828
          0.483776865301000       -0.000000004138310        0.107315817601044       -0.107315821739354
          0.604721081626250       -0.000000004881369       -0.017317466480759        0.017317461599389
          0.725665297951500       -0.000000008717119        0.048901638567054       -0.048901647284172
          0.846609514276750       -0.000000006600001       -0.095142132269209        0.095142125669208
          0.967553730602000       -0.000000008869413       -0.001139878834195        0.001139869964782
          1.088497946927250       -0.000000009923090       -0.086703246050790        0.086703236127700
          1.209442163252500       -0.000000007681268        0.060968254173718       -0.060968261854987
          1.330386379577750       -0.000000010861968       -0.008392783086554        0.008392772224586
          1.451330595903000       -0.000000010338995        0.106977180009564       -0.106977190348558
          1.572274812228250       -0.000000006671479       -0.021147621371191        0.021147614699712
          1.693219028553500       -0.000000010299375        0.039795926137755       -0.039795936437129
          1.814163244878750       -0.000000009413230       -0.096837655956336        0.096837646543106
          1.935107461204000       -0.000000004508080       -0.006074087038056        0.006074082529976
          2.056051677529250       -0.000000008888586       -0.073663529800509        0.073663520911922
          2.176995893854500       -0.000000005657050        0.057359003303226       -0.057359008960276
          2.297940110179750       -0.000000002710301        0.010755381188368       -0.010755383898670
          2.418884326505000       -0.000000006945290        0.087198491044814       -0.087198497990104
          2.539828542830250       -0.000000001124707       -0.003465610790594        0.003465609665888
          2.660772759155500       -0.000000001752316        0.003961057125008       -0.003961058877324
          2.781716975480750       -0.000000003452407       -0.066990778283297        0.066990774830889
          2.902661191806000        0.000000000389746       -0.043032557066843        0.043032557456589
          3.023605408131250       -0.000000000854586       -0.023817831434549        0.023817830579963
          3.144549624456500       -0.000000000635193        0.016787355403576       -0.016787356038769
          3.265493840781750       -0.000000001269368        0.064631779357603       -0.064631780626971
          3.386438057107000        0.000000000048238        0.031468575854042       -0.031468575805804
          3.507382273432250       -0.000000002310735        0.043901787676302       -0.043901789987037
          3.628326489757500       -0.000000004112335       -0.056750227011498        0.056750222899163
          3.749270706082750       -0.000000001666851       -0.016394251049128        0.016394249382277
          3.870214922408000       -0.000000008352437       -0.089759431296170        0.089759422943733
          3.991159138733250       -0.000000009042446        0.030158907350910       -0.030158916393356
          4.112103355058500       -0.000000008877829       -0.019631835486248        0.019631826608419
          4.233047571383750       -0.000000016611196        0.103339257127625       -0.103339273738821
          4.353991787709000       -0.000000018122137       -0.005090765793106        0.005090747670969
          4.474936004034250       -0.000000020911746        0.063398263881392       -0.063398284793138
          4.595880220359500       -0.000000027914535       -0.083478565083313        0.083478537168778
          4.716824436684750       -0.000000030947016       -0.000544150962617        0.000544120015601
          4.837768653010000       -0.000000035117571       -0.096421340330692        0.096421305213121
          4.958712869335250       -0.000000043514752        0.044934730987030       -0.044934774501782
          5.079657085660500       -0.000000045846237       -0.019088660451944        0.019088614605707
          5.200601301985750       -0.000000050889871        0.104684300565428       -0.104684351455300
          5.321545518311000       -0.000000060814901       -0.010369586571120        0.010369525756218
          5.442489734636251       -0.000000061834879        0.055181697096048       -0.055181758930927
          5.563433950961501       -0.000000068651822       -0.085905161426642        0.085905092774820
          5.684378167286750       -0.000000076218492       -0.001504959627359        0.001504883408867
          5.805322383612000       -0.000000077872190       -0.089334740243958        0.089334662371767
          5.926266599937250       -0.000000085859745        0.050653108731799       -0.050653194591544
          6.047210816262500       -0.000000088999960       -0.015050808993794        0.015050719993834
          6.168155032587750       -0.000000092354984        0.104035764195089       -0.104035856550072
          6.289099248913001       -0.000000098418388       -0.017276077171029        0.017275978752641
          6.410043465238251       -0.000000099551213        0.050798986728786       -0.050799086279999
          6.530987681563500       -0.000000102887800       -0.091915459427141        0.091915356539342
          6.651931897888750       -0.000000105160723        0.002584495845481       -0.002584601006204
          6.772876114214000       -0.000000106024882       -0.086578636311663        0.086578530286781
          6.893820330539250       -0.000000106896138        0.059147146323995       -0.059147253220134
          7.014764546864500       -0.000000106973902       -0.013430507479247        0.013430400505346
          7.135708763189751       -0.000000105690659        0.103607939755720       -0.103608045446379
          7.256652979515001       -0.000000104205185       -0.022493597630632        0.022493493425447
          7.377597195840250       -0.000000102730884        0.043757943869117       -0.043758046600001
          7.498541412165500       -0.000000097910674       -0.093191286855880        0.093191188945206
          7.619485628490750       -0.000000096203967        0.000891592996864       -0.000891689200831
          7.740429844816000       -0.000000090361000       -0.077720392804698        0.077720302443698
          7.861374061141250       -0.000000084122871        0.060778069036712       -0.060778153159583
          7.982318277466501       -0.000000082369439       -0.005536492670440        0.005536410301001
          8.103262493791750       -0.000000071217888        0.097799799910857       -0.097799871128745
          8.224206710117000       -0.000000066251683       -0.023301554617861        0.023301488366178
          8.345150926442249       -0.000000061424652        0.034236824851642       -0.034236886276294
          8.466095142767500       -0.000000048796391       -0.093752297775349        0.093752248978958
          8.587039359092751       -0.000000045280931        0.000572977408106       -0.000573022689038
          8.707983575418000       -0.000000035498549       -0.072240000747859        0.072239965249310
          8.828927791743251       -0.000000025073897        0.067595945151376       -0.067595970225273
          8.949872008068500       -0.000000021364053       -0.004514447866985        0.004514426502932
          9.070816224393750       -0.000000009691803        0.099473007919132       -0.099473017610935
          9.191760440718999       -0.000000000943295       -0.032519275826898        0.032519274883602
          9.312704657044250        0.000000003610624        0.032628088240241       -0.032628084629616
          9.433648873369501        0.000000013143205       -0.100672673680389        0.100672686823593
          9.554593089694750        0.000000021644709        0.005726810878917       -0.005726789234208
          9.675537306020001        0.000000025375677       -0.068482276763438        0.068482302139115
          9.796481522345250        0.000000033057663        0.072766531605114       -0.072766498547451
          9.917425738670500        0.000000039697571        0.001518742597489       -0.001518702899918
         10.038369954995749        0.000000041245939        0.089667369112533       -0.089667327866595
         10.159314171321000        0.000000048425206       -0.026366107516494        0.026366155941700
         10.280258387646251        0.000000050994198        0.010144723357221       -0.010144672363023
         10.401202603971500        0.000000051629314       -0.080051548753206        0.080051600382520
         10.522146820296751        0.000000055641594       -0.019279454176038        0.019279509817632
         10.643091036622000        0.000000055558099       -0.028899116910510        0.028899172468609
         10.764035252947250        0.000000055679427        0.038914700746036       -0.038914645066609
         10.884979469272501        0.000000054051727        0.046270199841291       -0.046270145789564
         11.005923685597750        0.000000054555398        0.038357889549175       -0.038357834993777
         11.126867901923001        0.000000050738087        0.018313905490570       -0.018313854752483
         11.247812118248250        0.000000046507727       -0.047126894628736        0.047126941136463
         11.368756334573501        0.000000047408581       -0.026951929552171        0.026951976960752
         11.489700550898750        0.000000037536766       -0.067997884745782        0.067997922282548
         11.610644767224001        0.000000034566204        0.028516134575579       -0.028516100009376
         11.731588983549251        0.000000032512673       -0.005811742349616        0.005811774862289
         11.852533199874500        0.000000020084482        0.091038965626971       -0.091038945542488
         11.973477416199751        0.000000017931829       -0.007495635818894        0.007495653750723
         12.094421632525000        0.000000011213174        0.049070679429288       -0.049070668216114
         12.215365848850251        0.000000000515963       -0.082393715916824        0.082393716432787
         12.336310065175500       -0.000000002445015        0.001304393841852       -0.001304396286867
         12.457254281500751       -0.000000012180829       -0.085623448519116        0.085623436338288
         12.578198497826001       -0.000000020844284        0.052481902077893       -0.052481922922177
         12.699142714151250       -0.000000024376029       -0.017469855625492        0.017469831249463
         12.820086930476501       -0.000000034523966        0.100633864361324       -0.100633898885290
         12.941031146801750       -0.000000041809473       -0.021026945159955        0.021026903350481
         13.061975363127001       -0.000000045850724        0.049970667567377       -0.049970713418102
         13.182919579452250       -0.000000054734093       -0.089238755270557        0.089238700536464
         13.303863795777501       -0.000000059471501        0.006319671384174       -0.006319730855674
         13.424808012102751       -0.000000064689012       -0.082719169488424        0.082719104799412
         13.545752228428000       -0.000000071162407        0.058763951462454       -0.058764022624861
         13.666696444753251       -0.000000073257392       -0.015976710756294        0.015976637498901
         13.787640661078500       -0.000000078755435        0.098628996431065       -0.098629075186500
         13.908584877403751       -0.000000081932159       -0.025166600782877        0.025166518850718
         14.029529093729000       -0.000000083438643        0.043844602705608       -0.043844686144251
         14.150473310054251       -0.000000086745861       -0.088962766089765        0.088962679343904
         14.271417526379501       -0.000000087413711        0.005001332808513       -0.005001420222225
         14.392361742704750       -0.000000088443112       -0.073834801576452        0.073834713133340
         14.513305959030001       -0.000000088741326        0.057763171990101       -0.057763260731427
         14.634250175355250       -0.000000088921638       -0.007186251603847        0.007186162682209
         14.755194391680501       -0.000000086978993        0.088816998327160       -0.088817085306153
         14.876138608005750       -0.000000086675785       -0.020131005676828        0.020130919001043
         14.997082824331001       -0.000000085669949        0.029003064294018       -0.029003149963968
         15.118027040656251       -0.000000080796238       -0.079817183009320        0.079817102213083
         15.238971256981500       -0.000000082396484       -0.005301437549514        0.005301355153029
         15.359915473306751       -0.000000076712771       -0.057791414499919        0.057791337787148
         15.480859689632000       -0.000000073102855        0.050515433617618       -0.050515506720473
         15.601803905957251       -0.000000075367407        0.006071882691021       -0.006071958058429
         15.722748122282500       -0.000000064884064        0.077587744423288       -0.077587809307352
         15.843692338607751       -0.000000065831329       -0.015673327232098        0.015673261400769
         15.964636554933001       -0.000000064519340        0.017878916197243       -0.017878980716583
         16.085580771258250       -0.000000054541438       -0.077680319829847        0.077680265288409
         16.206524987583499       -0.000000058884526       -0.006170876126518        0.006170817241992
         16.327469203908752       -0.000000051881302       -0.054270848202766        0.054270796321464
         16.448413420234001       -0.000000047221312        0.058255388991170       -0.058255436212482
         16.569357636559250       -0.000000051111962        0.002621961261869       -0.002622012373831
         16.690301852884499       -0.000000041965531        0.084610172205977       -0.084610214171509
         16.811246069209751       -0.000000041859710       -0.030365184354542        0.030365142494832
         16.932190285535000       -0.000000042833837        0.025623646291900       -0.025623689125737
         17.053134501860249       -0.000000036732502       -0.093548141647852        0.093548104915350
         17.174078718185502       -0.000000037405609        0.009686043821103       -0.009686081226713
         17.295022934510751       -0.000000036766446       -0.064214461653956        0.064214424887510
         17.415967150836000       -0.000000034083869        0.076194060141004       -0.076194094224873
         17.536911367161249       -0.000000034147192       -0.007038809565618        0.007038775418426
         17.657855583486501       -0.000000034369874        0.091647627663924       -0.091647662033797
         17.778799799811750       -0.000000032329151       -0.040221800115643        0.040221767786491
         17.899744016136999       -0.000000032903930        0.022002221586314       -0.022002254490244
         18.020688232462252       -0.000000033606591       -0.090661866617352        0.090661833010760
         18.141632448787501       -0.000000032303942        0.001892013731781       -0.001892046035723
         18.262576665112750       -0.000000032878715       -0.043199139182649        0.043199106303935
         18.383520881437999       -0.000000032821951        0.057809055206448       -0.057809088028399
         18.504465097763251       -0.000000033770863        0.022574851944823       -0.022574885715686
         18.625409314088500       -0.000000031553664        0.054505644000339       -0.054505675554003
         18.746353530413749       -0.000000032990953       -0.005665373287907        0.005665340296954
         18.867297746739002       -0.000000033625340       -0.025467710883274        0.025467677257935
         18.988241963064251       -0.000000028194537       -0.044258042625410        0.044258014430873
         19.109186179389500       -0.000000033499923       -0.043703073597312        0.043703040097389
         19.230130395714749       -0.000000029603778        0.011505659490198       -0.011505689093976
         19.351074612040001       -0.000000024751853        0.011659547898932       -0.011659572650785
         19.472018828365250       -0.000000030947578        0.070673396659241       -0.070673427606818
         19.592963044690499       -0.000000022398584        0.004777221017435       -0.004777243416019
         19.713907261015752       -0.000000021786000        0.032636831489023       -0.032636853275023
         19.834851477341001       -0.000000023693625       -0.068065750979636        0.068065727286011
         19.955795693666250       -0.000000013712484       -0.007945340781913        0.007945327069429
         20.076739909991499       -0.000000016887990       -0.071400491089840        0.071400474201849
         20.197684126316751       -0.000000013194569        0.043644443798170       -0.043644456992740
         20.318628342642000       -0.000000004936131       -0.009039477044557        0.009039472108425
         20.439572558967249       -0.000000008376946        0.089183920524057       -0.089183928901004
         20.560516775292502       -0.000000001097783       -0.015095355113855        0.015095354016072
         20.681460991617751        0.000000003209464        0.040651205561706       -0.040651202352242
         20.802405207943000        0.000000002670925       -0.079982522911111        0.079982525582036
         20.923349424268253        0.000000011029716       -0.000060262747305        0.000060273777022
         21.044293640593501        0.000000011164881       -0.071662356047546        0.071662367212427
         21.165237856918750        0.000000014156964        0.049900860821855       -0.049900846664891
         21.286182073243999        0.000000020576662       -0.006362048447491        0.006362069024154
         21.407126289569252        0.000000019217161        0.085521956936731       -0.085521937719571
         21.528070505894501        0.000000023699736       -0.014310729533934        0.014310753233670
         21.649014722219750        0.000000026004420        0.029648813189606       -0.029648787185186
         21.769958938545003        0.000000025919131       -0.073603028171175        0.073603054090306
         21.890903154870252        0.000000028353732       -0.009750237920759        0.009750266274492
         22.011847371195501        0.000000028348228       -0.055408616877864        0.055408645226092
         22.132791587520749        0.000000028298987        0.039928838201380       -0.039928809902392
         22.253735803846002        0.000000026750337        0.011957102989968       -0.011957076239631
         22.374680020171251        0.000000027627551        0.067625007193192       -0.067624979565641
         22.495624236496500        0.000000023494045        0.000217677690162       -0.000217654196117
         22.616568452821753        0.000000020637535        0.006533814791215       -0.006533794153681
         22.737512669147002        0.000000020986852       -0.057446814972664        0.057446835959516
         22.858456885472251        0.000000011160653       -0.027806997701125        0.027807008861777
         22.979401101797500        0.000000011546621       -0.034023567242891        0.034023578789512
         23.100345318122752        0.000000006151657        0.027922478718731       -0.027922472567074
         23.221289534448001       -0.000000005837878        0.029817317260998       -0.029817323098876
         23.342233750773250       -0.000000002529397        0.054473768616566       -0.054473771145963
         23.463177967098503       -0.000000015961166        0.006812166519683       -0.006812182480848
         23.584122183423752       -0.000000024148969       -0.005617319862531        0.005617295713562
         23.705066399749001       -0.000000023792258       -0.056427526908730        0.056427503116473
         23.826010616074250       -0.000000041835624       -0.028203138899578        0.028203097063954
         23.946954832399502       -0.000000043278059       -0.032968349410789        0.032968306132729
         24.067899048724751       -0.000000050497364        0.039370519288725       -0.039370569786088
         24.188843265050000       -0.000000066947586        0.022997654365952       -0.022997721313538
         24.309787481375253       -0.000000065082977        0.067516206403432       -0.067516271486410
         24.430731697700502       -0.000000078003504       -0.014337153575731        0.014337075572227
         24.551675914025751       -0.000000088383548        0.009279102278609       -0.009279190662157
         24.672620130351000       -0.000000089074724       -0.082336034484883        0.082335945410159
         24.793564346676252       -0.000000101618610       -0.002298989713942        0.002298888095333
         24.914508563001501       -0.000000106456000       -0.054944886809608        0.054944780353609
         25.035452779326750       -0.000000110488213        0.071825366772175       -0.071825477260388
         25.156396995652003       -0.000000118603448       -0.001132514131933        0.001132395528485
         25.277341211977252       -0.000000121490094        0.091838405706653       -0.091838527196746
         25.398285428302501       -0.000000124790977       -0.042784837219024        0.042784712428048
         25.519229644627750       -0.000000128704571        0.024290454522777       -0.024290583227348
         25.640173860953002       -0.000000130575417       -0.100671530033145        0.100671399457728
         25.761118077278251       -0.000000131214799        0.010666172652729       -0.010666303867529
         25.882062293603500       -0.000000131693099       -0.054698398939198        0.054698267246099
         26.003006509928753       -0.000000130993752        0.075394325073917       -0.075394456067668
         26.123950726254002       -0.000000130146296        0.008808272928958       -0.008808403075254
         26.244894942579251       -0.000000125576666        0.074163365760312       -0.074163491336977
         26.365839158904500       -0.000000123936300       -0.026782790305934        0.026782666369634
         26.486783375229752       -0.000000120121599       -0.008015907842721        0.008015787721122
         26.607727591555001       -0.000000110045128       -0.068949291187791        0.068949181142663
         26.728671807880250       -0.000000110684208       -0.023072253218974        0.023072142534766
         26.849616024205503       -0.000000100071516       -0.008623402763477        0.008623302691961
         26.970560240530752       -0.000000088918120        0.037202967467868       -0.037203056385988
         27.091504456856001       -0.000000089831172        0.052729080440078       -0.052729170271250
         27.212448673181250       -0.000000072209016        0.026772742997878       -0.026772815206895
         27.333392889506502       -0.000000065833364        0.009961790321163       -0.009961856154527
         27.454337105831751       -0.000000061211697       -0.052502926553669        0.052502865341971
         27.575281322157000       -0.000000041204181       -0.030826025443323        0.030825984239143
         27.696225538482253       -0.000000040657191       -0.053499340633572        0.053499299976381
         27.817169754807502       -0.000000028345821        0.028245790119124       -0.028245818464945
         27.938113971132751       -0.000000011990353        0.013417205075845       -0.013417217066197
         28.059058187458000       -0.000000012731384        0.075446201642549       -0.075446214373933
         28.180002403783252        0.000000004074415        0.002711519158681       -0.002711515084266
         28.300946620108501        0.000000012653193        0.019970477217291       -0.019970464564098
         28.421890836433750        0.000000015695058       -0.067606462399410        0.067606478094468
         28.542835052759003        0.000000031715902       -0.021650307986437        0.021650339702338
         28.663779269084252        0.000000033102669       -0.053491006979806        0.053491040082476
         28.784723485409501        0.000000040504500        0.035100358044375       -0.035100317539875
         28.905667701734750        0.000000050851032        0.018455276086865       -0.018455225235833
         29.026611918060002        0.000000049992258        0.069330092051126       -0.069330042058869
         29.147556134385251        0.000000057629001        0.005878355702266       -0.005878298073264
         29.268500350710500        0.000000060844537        0.003837496536364       -0.003837435691827
         29.389444567035753        0.000000061353346       -0.057591230280141        0.057591291633486
         29.510388783361002        0.000000064298040       -0.035912462370556        0.035912526668596
         29.631332999686251        0.000000064304963       -0.031396869885074        0.031396934190037
         29.752277216011500        0.000000063777302        0.021685769290720       -0.021685705513419
         29.873221432336752        0.000000060982563        0.041925482534531       -0.041925421551968
         29.994165648662001        0.000000061871576        0.047159072709302       -0.047159010837726
         30.115109864987250        0.000000055540496        0.022602197661439       -0.022602142120943
         30.236054081312503        0.000000051402781       -0.023297350641505        0.023297402044286
         30.356998297637752        0.000000051068753       -0.040128830935421        0.040128882004174
         30.477942513963001        0.000000038483731       -0.054675244965100        0.054675283448831
         30.598886730288250        0.000000038349513       -0.008226258289241        0.008226296638754
         30.719830946613502        0.000000031218425        0.011273518716653       -0.011273487498227
         30.840775162938751        0.000000017161826        0.059495448140272       -0.059495430978446
         30.961719379264000        0.000000020694934        0.034652337527518       -0.034652316832584
         31.082663595589253        0.000000005164162        0.025980347389622       -0.025980342225460
         31.203607811914502       -0.000000003910767       -0.034784947976668        0.034784944065901
         31.324552028239751       -0.000000002874430       -0.041762164480714        0.041762161606284
         31.445496244565000       -0.000000022652565       -0.051702763517170        0.051702740864604
         31.566440460890252       -0.000000023221747       -0.008212853424756        0.008212830203009
         31.687384677215501       -0.000000029916152        0.026937368386346       -0.026937398302498
         31.808328893540750       -0.000000047372558        0.049702391733076       -0.049702439105633
         31.929273109866003       -0.000000042573519        0.050089050379105       -0.050089092952624
         32.050217326191252       -0.000000055783497       -0.000914485751741        0.000914429968244
         32.171161542516501       -0.000000065702161       -0.016466389733148        0.016466324030987
         32.292105758841750       -0.000000062738760       -0.073058814060380        0.073058751321619
         32.413049975166999       -0.000000076096305       -0.018021673681429        0.018021597585124
         32.533994191492248       -0.000000078450926       -0.035967440599369        0.035967362148443
         32.654938407817504       -0.000000080180378        0.069302878964663       -0.069302959145041
         32.775882624142753       -0.000000088366031        0.015026871983825       -0.015026960349856
         32.896826840468002       -0.000000088120835        0.084481855954270       -0.084481944075105
         33.017771056793251       -0.000000090741163       -0.044212360891357        0.044212270150194
         33.138715273118500       -0.000000093625003        0.012107873609368       -0.012107967234371
         33.259659489443749       -0.000000093930650       -0.106397115981642        0.106397022050992
         33.380603705768998       -0.000000094294119        0.013371689465291       -0.013371783759411
         33.501547922094254       -0.000000094197817       -0.051470893174644        0.051470798976827
         33.622492138419503       -0.000000093785550        0.091409799627707       -0.091409893413257
         33.743436354744752       -0.000000093097512        0.005920631039101       -0.005920724136613
         33.864380571070001       -0.000000089946983        0.082875668042006       -0.082875757988989
         33.985324787395250       -0.000000089565172       -0.047183864561358        0.047183774996187
         34.106269003720499       -0.000000087690982       -0.003992861862901        0.003992774171920
         34.227213220045748       -0.000000080602813       -0.088833598565253        0.088833517962440
         34.348157436371004       -0.000000084148770       -0.004481224374483        0.004481140225713
         34.469101652696253       -0.000000077457598       -0.016338078514227        0.016338001056630
         34.590045869021502       -0.000000069939241        0.063910728143216       -0.063910798082457
         34.710990085346751       -0.000000076701574        0.039438693243490       -0.039438769945064
         34.831934301672000       -0.000000063745046        0.040846973753655       -0.040847037498701
         34.952878517997249       -0.000000062429871       -0.017375988834087        0.017375926404216
         35.073822734322498       -0.000000065617075       -0.043935667505266        0.043935601888190
         35.194766950647754       -0.000000050327224       -0.052139146630132        0.052139096302908
         35.315711166973003       -0.000000057547009       -0.031012981502576        0.031012923955567
         35.436655383298252       -0.000000052587574        0.020402259783572       -0.020402312371145
         35.557599599623501       -0.000000041509103        0.040170438538817       -0.040170480047920
         35.678543815948750       -0.000000051926024        0.060231951616501       -0.060232003542525
         35.799488032273999       -0.000000041000008        0.014927807374172       -0.014927848374180
         35.920432248599248       -0.000000038788892       -0.008194251751384        0.008194212962492
         36.041376464924504       -0.000000044639019       -0.058179442174146        0.058179397535127
         36.162320681249753       -0.000000033589351       -0.041487848585216        0.041487814995865
         36.283264897575002       -0.000000038946388       -0.028565731421965        0.028565692475577
         36.404209113900251       -0.000000037803605        0.026972717512967       -0.026972755316572
         36.525153330225500       -0.000000031749415        0.045533373014547       -0.045533404763962
         36.646097546550749       -0.000000037894280        0.050750817117493       -0.050750855011772
         36.767041762875998       -0.000000034008267        0.017963037763977       -0.017963071772244
         36.887985979201254       -0.000000033538198       -0.026509348228227        0.026509314690030
         37.008930195526503       -0.000000035442953       -0.045488737147768        0.045488701704815
         37.129874411851752       -0.000000034056265       -0.055230436908233        0.055230402851968
         37.250818628177001       -0.000000034163178       -0.003611615379096        0.003611581215919
         37.371762844502250       -0.000000034026247        0.013149914334580       -0.013149948360827
         37.492707060827499       -0.000000035733975        0.068136481022814       -0.068136516756788
         37.613651277152748       -0.000000031835298        0.026741340213854       -0.026741372049152
         37.734595493478004       -0.000000034608256        0.032295149315810       -0.032295183924066
         37.855539709803253       -0.000000034877098       -0.052641346710595        0.052641311833497
         37.976483926128502       -0.000000029144244       -0.028414442608691        0.028414413464448
         38.097428142453751       -0.000000035284260       -0.069756332787210        0.069756297502950
         38.218372358779000       -0.000000029190540        0.018742354883700       -0.018742384074240
         38.339316575104249       -0.000000027450718        0.005449692247583       -0.005449719698301
         38.460260791429498       -0.000000032999268        0.081518536766764       -0.081518569766032
         38.581205007754754       -0.000000020822911        0.014706185423238       -0.014706206246149
         38.702149224080003       -0.000000025422378        0.031610834306713       -0.031610859729091
         38.823093440405252       -0.000000025468572       -0.061744821338529        0.061744795869958
         38.944037656730501       -0.000000013252988       -0.030380390302179        0.030380377049191
         39.064981873055750       -0.000000021554566       -0.062824121223608        0.062824099669042
         39.185926089380999       -0.000000013020890        0.018773849689279       -0.018773862710169
         39.306870305706248       -0.000000007206629        0.021934709794991       -0.021934717001620
         39.427814522031504       -0.000000014495491        0.068892054075095       -0.068892068570585
         39.548758738356753        0.000000000279287        0.028737020566524       -0.028737020287238
         39.669702954682002       -0.000000001628559        0.002532709259856       -0.002532710888415
         39.790647171007251       -0.000000003434633       -0.041682708255315        0.041682704820682
         39.911591387332500        0.000000009836595       -0.061125549212989        0.061125559049584
         40.032535603657749        0.000000004656181       -0.024778589623545        0.024778594279726
         40.153479819982998        0.000000008976305       -0.010832636650979        0.010832645627284
         40.274424036308254        0.000000015295665        0.067163914177840       -0.067163898882175
         40.395368252633503        0.000000012164413        0.027102624190320       -0.027102612025907
         40.516312468958752        0.000000017531219        0.067020275020323       -0.067020257489104
         40.637256685284001        0.000000018920145       -0.048800160896892        0.048800179817037
         40.758200901609250        0.000000018693745       -0.003212506768364        0.003212525462109
         40.879145117934499        0.000000020259048       -0.102026856492192        0.102026876751240
         41.000089334259748        0.000000020493732        0.019790799215223       -0.019790778721492
         41.121033550585004        0.000000020370262       -0.038229395469169        0.038229415839431
         41.241977766910253        0.000000018804252        0.100847172496960       -0.100847153692708
         41.362921983235502        0.000000017402870        0.001707057634386       -0.001707040231516
         41.483866199560751        0.000000016377841        0.077883517591494       -0.077883501213653
         41.604810415886000        0.000000012490797       -0.066135012189459        0.066135024680256
         41.725754632211249        0.000000008853767       -0.003157821949904        0.003157830803671
         41.846698848536505        0.000000008454715       -0.095961427294450        0.095961435749165
         41.967643064861754       -0.000000000913271        0.016767844513560       -0.016767845426831
         42.088587281187003       -0.000000003293173       -0.016027586496383        0.016027583203211
         42.209531497512252       -0.000000004229702        0.082840522403023       -0.082840526632725
         42.330475713837501       -0.000000019530747        0.022378554648200       -0.022378574178947
         42.451419930162750       -0.000000017457861        0.043987011369662       -0.043987028827523
         42.572364146487999       -0.000000024201379       -0.043735403599774        0.043735379398395
         42.693308362813255       -0.000000038743800       -0.033828712459354        0.033828673715554
         42.814252579138504       -0.000000034008795       -0.063043626894151        0.063043592885356
         42.935196795463753       -0.000000049502189       -0.003812450914408        0.003812401412219
         43.056141011789002       -0.000000056417157        0.015393497196160       -0.015393553613317
         43.177085228114251       -0.000000054289334        0.060400464704484       -0.060400518993818
         43.298029444439500       -0.000000073794926        0.038061686594917       -0.038061760389843
         43.418973660764749       -0.000000073007019        0.020093032558217       -0.020093105565236
         43.539917877090005       -0.000000077733630       -0.035573828779641        0.035573751046011
         43.660862093415254       -0.000000092435637       -0.043691655398604        0.043691562962967
         43.781806309740503       -0.000000089048205       -0.052401636776442        0.052401547728237
         43.902750526065752       -0.000000099399214        0.000757843507850       -0.000757942907064
         44.023694742391001       -0.000000105081684        0.018835665139151       -0.018835770220835
         44.144638958716250       -0.000000103956587        0.065032913789610       -0.065033017746196
         44.265583175041499       -0.000000113218928        0.025462820215006       -0.025462933433934
         44.386527391366755       -0.000000113321211        0.024165121081902       -0.024165234403113
         44.507471607692004       -0.000000114803187       -0.053205002584105        0.053204887780918
         44.628415824017253       -0.000000117846537       -0.028254597207275        0.028254479360739
         44.749360040342502       -0.000000117494765       -0.064618271413116        0.064618153918351
         44.870304256667751       -0.000000117114412        0.025235733172683       -0.025235850287094
         44.991248472993000       -0.000000115794352        0.004333486349120       -0.004333602143472
         45.112192689318249       -0.000000115734586        0.083932190621872       -0.083932306356458
         45.233136905643505       -0.000000109790255        0.002023655443313       -0.002023765233568
         45.354081121968754       -0.000000108776383        0.036197031211386       -0.036197139987769
         45.475025338294003       -0.000000105668348       -0.074755935244205        0.074755829575857
         45.595969554619252       -0.000000096403883       -0.012179521295577        0.012179424891694
         45.716913770944501       -0.000000096423776       -0.074478616200562        0.074478519776785
         45.837857987269750       -0.000000087131873        0.043902917898617       -0.043903005030490
         45.958802203594999       -0.000000079819944       -0.001908074694569        0.001907994874625
         46.079746419920255       -0.000000078396978        0.092182812190625       -0.092182890587603
         46.200690636245504       -0.000000063527097       -0.008604129986313        0.008604066459216
         46.321634852570753       -0.000000060691955        0.033889488053717       -0.033889548745671
         46.442579068896002       -0.000000055321086       -0.080458426520446        0.080458371199360
         46.563523285221251       -0.000000039547895       -0.012925861632316        0.012925822084421
         46.684467501546500       -0.000000040078623       -0.066279028497490        0.066278988418867
         46.805411717871749       -0.000000028889143        0.043700281220978       -0.043700310110121
         46.926355934197005       -0.000000017929556        0.011543363723008       -0.011543381652565
         47.047300150522254       -0.000000019272439        0.079083259639368       -0.079083278911806
         47.168244366847503       -0.000000003232632        0.002592778766925       -0.002592781999557
         47.289188583172752        0.000000000247010        0.007947287452126       -0.007947287205116
         47.410132799498001        0.000000001351283       -0.060620274695690        0.060620276046973
         47.531077015823250        0.000000016415805       -0.039555925931274        0.039555942347079
         47.652021232148499        0.000000014790873       -0.029415003362876        0.029415018153749
         47.772965448473755        0.000000019888844        0.014124681323989       -0.014124661435145
         47.893909664799004        0.000000028171323        0.054297828223063       -0.054297800051740
         48.014853881124253        0.000000026309151        0.034701396501767       -0.034701370192616
         48.135798097449502        0.000000031926978        0.042651155752708       -0.042651123825731
         48.256742313774751        0.000000034023538       -0.045560191563496        0.045560225587033
         48.377686530100000        0.000000034010875       -0.014744555310593        0.014744589321468
         48.498630746425249        0.000000035388364       -0.085755904125740        0.085755939514104
         48.619574962750505        0.000000035441275        0.023749978982835       -0.023749943541559
         48.740519179075754        0.000000035178129       -0.025182125474097        0.025182160652227
         48.861463395401003        0.000000032585286        0.097630864950917       -0.097630832365632
         48.982407611726252        0.000000031540571       -0.005252771934111        0.005252803474683
         49.103351828051501        0.000000029376870        0.068199710614576       -0.068199681237705
         49.224296044376750        0.000000025078796       -0.076275136950488        0.076275162029284
         49.345240260701999        0.000000022078733        0.003219740635687       -0.003219718556954
         49.466184477027255        0.000000019551754       -0.094670904222805        0.094670923774559
         49.587128693352504        0.000000012098004        0.036028194470567       -0.036028182372563
         49.708072909677753        0.000000009349509       -0.020602670215333        0.020602679564842
         49.829017126003002        0.000000007205572        0.092704421744950       -0.092704414539379
         49.949961342328251       -0.000000004610122        0.000434917541391       -0.000434922151513
         50.070905558653500       -0.000000003828917        0.048553061785091       -0.048553065614008
         50.191849774978749       -0.000000008874822       -0.064044829902448        0.064044821027626
         50.312793991304005       -0.000000020456546       -0.014585352713385        0.014585332256839
         50.433738207629254       -0.000000016570788       -0.071258261724883        0.071258245154095
         50.554682423954503       -0.000000027558348        0.023054469871923       -0.023054497430271
         50.675626640279752       -0.000000032754342        0.001020046413840       -0.001020079168182
         50.796570856605001       -0.000000029825895        0.075464648653698       -0.075464678479593
         50.917515072930250       -0.000000043832177        0.010116341777862       -0.010116385610039
         51.038459289255499       -0.000000042029232        0.031103454567600       -0.031103496596832
         51.159403505580755       -0.000000043854498       -0.058238705075358        0.058238661220860
         51.280347721906004       -0.000000053946709       -0.019449992812231        0.019449938865522
         51.401291938231253       -0.000000049755486       -0.063767721443743        0.063767671688258
         51.522236154556502       -0.000000055727958        0.028575487473519       -0.028575543201478
         51.643180370881751       -0.000000058628694        0.000772050129072       -0.000772108757766
         51.764124587207000       -0.000000056523087        0.080149121924498       -0.080149178447585
         51.885068803532249       -0.000000061711034       -0.002648473352116        0.002648411641082
         52.006013019857505       -0.000000060843528        0.036454424640211       -0.036454485483739
         52.126957236182754       -0.000000061093332       -0.073101958382878        0.073101897289546
         52.247901452508003       -0.000000062357058       -0.004938945716661        0.004938883359603
         52.368845668833252       -0.000000062036198       -0.073791658914240        0.073791596878042
         52.489789885158501       -0.000000061592992        0.048055559145194       -0.048055620738187
         52.610734101483750       -0.000000061167769       -0.011094051173833        0.011093990006064
         52.731678317808999       -0.000000061638547        0.093367968809963       -0.093368030448510
         52.852622534134255       -0.000000058862088       -0.019959777759027        0.019959718896938
         52.973566750459504       -0.000000059959870        0.044005840966227       -0.044005900926097
         53.094510966784753       -0.000000059162286       -0.086920298936394        0.086920239774108
         53.215455183110002       -0.000000056342803        0.005372231231647       -0.005372287574449
         53.336399399435251       -0.000000058458676       -0.078143600180490        0.078143541721814
         53.457343615760500       -0.000000055491155        0.059422603941963       -0.059422659433119
         53.578287832085749       -0.000000055624714       -0.013423399912983        0.013423344288269
         53.699232048411005       -0.000000056944224        0.096691963022053       -0.096692019966277
         53.820176264736254       -0.000000052734534       -0.026241389587820        0.026241336853286
         53.941120481061503       -0.000000056091418        0.040624745394775       -0.040624801486192
         54.062064697386752       -0.000000056151265       -0.090042689092281        0.090042632941016
         54.183008913712001       -0.000000052634756        0.004782432859823       -0.004782485494579
         54.303953130037250       -0.000000057862141       -0.071958779317312        0.071958721455170
         54.424897346362499       -0.000000055840447        0.060237709434055       -0.060237765274502
         54.545841562687755       -0.000000055331440       -0.004719200761407        0.004719145429967
         54.666785779013004       -0.000000061292772        0.088239236597610       -0.088239297890382
         54.787729995338253       -0.000000056356344       -0.019837034768275        0.019836978411931
         54.908674211663502       -0.000000060218274        0.022584922561674       -0.022584982779948
         55.029618427988751       -0.000000064793361       -0.076297674156319        0.076297609362958
         55.150562644314000       -0.000000059265069       -0.014584042840027        0.014583983574958
         55.271506860639249       -0.000000066047669       -0.043428755306066        0.043428689258396
         55.392451076964505       -0.000000066827509        0.036238659557409       -0.036238726384918
         55.513395293289754       -0.000000064601492        0.031056459338074       -0.031056523939565
         55.634339509615003       -0.000000070190420        0.049208112283680       -0.049208182474101
         55.755283725940252       -0.000000068529842        0.017676160936784       -0.017676229466626
         55.876227942265501       -0.000000069304370       -0.027742875993269        0.027742806688899
         55.997172158590750       -0.000000070811669       -0.029674427543800        0.029674356732132
         56.118116374915999       -0.000000070485499       -0.063605310152025        0.063605239666527
         56.239060591241255       -0.000000070085718        0.013303759884997       -0.013303829970715
         56.360004807566504       -0.000000068957669       -0.011469475581927        0.011469406624258
         56.480949023891753       -0.000000069908651        0.083621635546717       -0.083621705455368
         56.601893240217002       -0.000000066415822       -0.002015969800367        0.002015903384545
         56.722837456542251       -0.000000065275870        0.058410468556459       -0.058410533832329
         56.843781672867500       -0.000000064505289       -0.073145935127731        0.073145870622442
         56.964725889192749       -0.000000059352497        0.005631141792241       -0.005631201144738
         57.085670105518005       -0.000000057642110       -0.091474013861709        0.091473956219599
         57.206614321843254       -0.000000055340205        0.043152544702162       -0.043152600042367
         57.327558538168503       -0.000000048937988       -0.026823553512261        0.026823504574273
         57.448502754493752       -0.000000045100574        0.097595040553486       -0.097595085654061
         57.569446970819001       -0.000000043245586       -0.013772764801052        0.013772721555466
         57.690391187144250       -0.000000034382870        0.057527717163705       -0.057527751546575
         57.811335403469499       -0.000000030177243       -0.076721770969984        0.076721740792741
         57.932279619794755       -0.000000027248469        0.002855282647396       -0.002855309895865
         58.053223836120004       -0.000000016423934       -0.082980098019072        0.082980081595138
         58.174168052445253       -0.000000014860935        0.041528583753323       -0.041528598614258
         58.295112268770502       -0.000000007826858       -0.016696021192916        0.016696013366058
         58.416056485095751        0.000000001919214        0.090290761137774       -0.090290759218560
         58.537000701421000        0.000000001704581       -0.011073402491845        0.011073404196426
         58.657944917746249        0.000000011955168        0.047702294008282       -0.047702282053114
         58.778889134071505        0.000000017682578       -0.075835658398994        0.075835676081571
         58.899833350396754        0.000000019452392        0.001235418756213       -0.001235399303821
         59.020777566722003        0.000000028575714       -0.079048560521739        0.079048589097454
         59.141721783047252        0.000000030502195        0.047341592883543       -0.047341562381348
         59.262665999372501        0.000000034892693       -0.016842432392263        0.016842467284956
         59.383610215697750        0.000000039833554        0.094168813289856       -0.094168773456303
         59.504554432022999        0.000000040646068       -0.019956726559071        0.019956767205139
         59.625498648348255        0.000000043959348        0.049600809197229       -0.049600765237881
         59.746442864673504        0.000000045244628       -0.085406714984400        0.085406760229027
         59.867387080998753        0.000000045538188        0.008352993014362       -0.008352947476174
         59.988331297324002        0.000000045470364       -0.082372340076666        0.082372385547030
         60.109275513649251        0.000000044738178        0.057700229399876       -0.057700184661698
         60.230219729974500        0.000000042235353       -0.019042210454400        0.019042252689753
         60.351163946299749        0.000000040073860        0.098302618502243       -0.098302578428383
         60.472108162625005        0.000000036911717       -0.026118761852265        0.026118798763983
         60.593052378950254        0.000000031184118        0.047135135551463       -0.047135104367345
         60.713996595275503        0.000000027879610       -0.089522803445782        0.089522831325393
         60.834940811600752        0.000000020614581        0.008105036224062       -0.008105015609481
         60.955885027926001        0.000000014516224       -0.078539936415361        0.078539950931585
         61.076829244251250        0.000000008891551        0.060952636617524       -0.060952627725973
         61.197773460576499       -0.000000002058582       -0.013998925547928        0.013998923489346
         61.318717676901755       -0.000000007203240        0.097062317597845       -0.097062324801085
         61.439661893227004       -0.000000015883493       -0.027835230809003        0.027835214925509
         61.560606109552253       -0.000000027481702        0.041385803974355       -0.041385831456057
         61.681550325877502       -0.000000033369358       -0.092691708634951        0.092691675265594
         61.802494542202751       -0.000000043885898        0.007775576269959       -0.007775620155857
         61.923438758528000       -0.000000054019557       -0.075702480396586        0.075702426377029
         62.044382974853249       -0.000000060846326        0.066597385844598       -0.066597446690924
         62.165327191178505       -0.000000071684862       -0.010820280962711        0.010820209277849
         62.286271407503754       -0.000000080952789        0.097278902341807       -0.097278983294596
         62.407215623829003       -0.000000086144806       -0.030458036735288        0.030457950590483
         62.528159840154252       -0.000000096923614        0.033585286527312       -0.033585383450926
         62.649104056479501       -0.000000105073274       -0.091440038987777        0.091439933914504
         62.770048272804750       -0.000000107767346        0.000176318353241       -0.000176426120587
         62.890992489129999       -0.000000118040737       -0.060300911944086        0.060300793903349
         63.011936705455255       -0.000000122480864        0.056243661627054       -0.056243784107918
         63.132880921780504       -0.000000124847156        0.012936387915325       -0.012936512762480
         63.253825138105753       -0.000000132167598        0.071093382260712       -0.071093514428310
         63.374769354431002       -0.000000132703810       -0.004143318793639        0.004143186089829
         63.495713570756251       -0.000000134974854       -0.007714708584950        0.007714573610096
         63.616657787081500       -0.000000136680588       -0.053504765729469        0.053504629048881
         63.737602003406749       -0.000000136654276       -0.043670518122009        0.043670381467732
         63.858546219732006       -0.000000135233546       -0.006595840135681        0.006595704902135
         63.979490436057254       -0.000000132747528        0.009885188122226       -0.009885320869754
         64.100434652382503       -0.000000132659299        0.068457497349785       -0.068457630009084
         64.221378868707745       -0.000000125362088        0.015413885547046       -0.015414010909135
         64.342323085033001       -0.000000122729621        0.043629014815865       -0.043629137545486
         64.463267301358258       -0.000000119081398       -0.063770118576798        0.063769999495401
         64.584211517683499       -0.000000108228696       -0.007086669348828        0.007086561120132
         64.705155734008756       -0.000000106218928       -0.085363119747277        0.085363013528348
         64.826099950333997       -0.000000098133971        0.038769460895493       -0.038769559029463
         64.947044166659254       -0.000000086910708       -0.020491715342607        0.020491628431900
         65.067988382984495       -0.000000083014784        0.099551809699588       -0.099551892714373
         65.188932599309751       -0.000000073156724       -0.012829693461522        0.012829620304798
         65.309876815635008       -0.000000062678686        0.058330411404307       -0.058330474082994
         65.430821031960249       -0.000000056479804       -0.083910955616614        0.083910899136810
         65.551765248285506       -0.000000046029524        0.004237111516371       -0.004237157545895
         65.672709464610747       -0.000000036557021       -0.090316898937605        0.090316862380584
         65.793653680936004       -0.000000030385583        0.050179167717559       -0.050179198103142
         65.914597897261245       -0.000000019019947       -0.020165914373663        0.020165895353716
         66.035542113586502       -0.000000011321721        0.101951371082111       -0.101951382403832
         66.156486329911758       -0.000000005847032       -0.017965081388839        0.017965075541807
         66.277430546236999        0.000000004614580        0.053482858528041       -0.053482853913461
         66.398374762562256        0.000000009843040       -0.088198090244702        0.088198100087742
         66.519318978887497        0.000000015898078        0.004716877292294       -0.004716861394216
         66.640263195212754        0.000000022575003       -0.086808715750942        0.086808738325945
         66.761207411537995        0.000000025869048        0.056242407539451       -0.056242381670403
         66.882151627863252        0.000000031518021       -0.016975975623193        0.016976007141214
         67.003095844188508        0.000000034170599        0.102268621398015       -0.102268587227416
         67.124040060513749        0.000000036382687       -0.022154167443392        0.022154203826078
         67.244984276839006        0.000000038829529        0.047670218919976       -0.047670180090447
         67.365928493164247        0.000000039428003       -0.091022670863906        0.091022710291909
         67.486872709489504        0.000000039482754        0.002954460634376       -0.002954421151622
         67.607816925814745        0.000000039236588       -0.079922973462924        0.079923012699512
         67.728761142140002        0.000000038160195        0.057851845673047       -0.057851807512852
         67.849705358465258        0.000000034604838       -0.007933077282164        0.007933111887002
         67.970649574790500        0.000000034529519        0.096122472710454       -0.096122438180935
         68.091593791115756        0.000000029697319       -0.019127810749001        0.019127840446321
         68.212538007440997        0.000000024885767        0.034209951953160       -0.034209927067393
         68.333482223766254        0.000000024492127       -0.087081248605612        0.087081273097738
         68.454426440091495        0.000000014921630       -0.005259286555358        0.005259301476988
         68.575370656416752        0.000000013511530       -0.067965906897686        0.067965920409216
         68.696314872742008        0.000000009248465        0.056712484627879       -0.056712475379414
         68.817259089067250       -0.000000002132805        0.002449369639623       -0.002449371772428
         68.938203305392506        0.000000000070482        0.091456186013278       -0.091456185942796
         69.059147521717748       -0.000000009185959       -0.020467856294665        0.020467847108705
         69.180091738043004       -0.000000017299888        0.026797709380852       -0.026797726680740
         69.301035954368245       -0.000000016220869       -0.092256972764550        0.092256956543681
         69.421980170693502       -0.000000027419311       -0.002257504286295        0.002257476866984
         69.542924387018758       -0.000000030191059       -0.067960661879007        0.067960631687948
         69.663868603344000       -0.000000032746821        0.069605482711563       -0.069605515458384
         69.784812819669256       -0.000000042120629       -0.001049263255466        0.001049221134837
         69.905757035994498       -0.000000042722178        0.099511161512269       -0.099511204234447
         70.026701252319754       -0.000000045977253       -0.034656529709022        0.034656483731769
         70.147645468644996       -0.000000052494269        0.028755312928761       -0.028755365423030
         70.268589684970252       -0.000000053994500       -0.103608820980935        0.103608766986435
         70.389533901295508       -0.000000054998374        0.004425193961345       -0.004425248959719
         70.510478117620750       -0.000000060030402       -0.064848524785926        0.064848464755525
         70.631422333946006       -0.000000060922951        0.075072278428977       -0.075072339351928
         70.752366550271248       -0.000000061006613        0.008020556033812       -0.008020617040426
         70.873310766596504       -0.000000064733384        0.086714968090460       -0.086715032823844
         70.994254982921746       -0.000000063762543       -0.024331445718117        0.024331381955574
         71.115199199247002       -0.000000064469297       -0.000276313224886        0.000276248755589
         71.236143415572258       -0.000000065094489       -0.077720112349732        0.077720047255243
         71.357087631897500       -0.000000065400224       -0.027116179723571        0.027116114323348
         71.478031848222756       -0.000000064270561       -0.018444224285853        0.018444160015292
         71.598976064547998       -0.000000062845796        0.036721833592150       -0.036721896437947
         71.719920280873254       -0.000000065904157        0.058070395270491       -0.058070461174648
         71.840864497198496       -0.000000060309292        0.032106585727484       -0.032106646036776
         71.961808713523752       -0.000000061730209        0.021267606467487       -0.021267668197696
         72.082752929849008       -0.000000063424007       -0.058733055935512        0.058732992511505
         72.203697146174250       -0.000000055432442       -0.026753768440669        0.026753713008227
         72.324641362499506       -0.000000061778103       -0.072602876210439        0.072602814432335
         72.445585578824748       -0.000000059087403        0.035660825875521       -0.035660884962923
         72.566529795150004       -0.000000053282358       -0.001614679221837        0.001614625939480
