#  GS molecular orbital populations, spin channel : 1
#          time (fs)            |   population (orb 1)       |    population (orb 2)      |           ...              |    population (orb N)      |
          0.118525331998745            1.997279908042479            0.002748052912617  
          0.239469548323995            1.997522498096117            0.002507103861228  
          0.360413764649245            1.997480992309416            0.002549135648811  
          0.481357980974495            1.997288174238011            0.002742308205764  
          0.602302197299745            1.997735645059437            0.002295769047302  
          0.723246413624995            1.997258604675377            0.002772407385401  
          0.844190629950245            1.997357348575541            0.002673608608641  
          0.965134846275495            1.997634526619249            0.002395538704472  
          1.086079062600745            1.997194964752321            0.002833829985603  
          1.207023278925995            1.997622330655438            0.002406058588369  
          1.327967495251245            1.997576407747876            0.002450021151073  
          1.448911711576495            1.997011334368225            0.003013395029561  
          1.569855927901745            1.998032911874343            0.001989868289665  
          1.690800144226995            1.997423102223379            0.002597104117011  
          1.811744360552245            1.997390062332898            0.002628572266884  
          1.932688576877495            1.998389133841942            0.001626495834419  
          2.053632793202745            1.996894683906890            0.003118037368964  
          2.174577009527995            1.998388992178143            0.001621251248638  
          2.295521225853245            1.998083805383563            0.001923211546462  
          2.416465442178495            1.997134201356948            0.002870422140426  
          2.537409658503745            1.998855826150618            0.001145450948968  
          2.658353874828995            1.997152522723066            0.002845359211912  
          2.779298091154245            1.997971616443173            0.002023863055439  
          2.900242307479495            1.998337247746465            0.001654991273875  
          3.021186523804745            1.996824998203104            0.003164626549063  
          3.142130740129995            1.998187914400220            0.001798758403685  
          3.263074956455245            1.997365806408295            0.002617753262103  
          3.384019172780495            1.997263230715433            0.002718615746690  
          3.504963389105745            1.997860980834166            0.002118223543840  
          3.625907605430995            1.997023016443618            0.002953992279870  
          3.746851821756245            1.997312245314687            0.002662921386912  
          3.867796038081495            1.997630445321657            0.002342619986049  
          3.988740254406745            1.997143571902220            0.002828848265174  
          4.109684470731995            1.997407746374873            0.002563268977462  
          4.230628687057245            1.997509943324795            0.002459862284182  
          4.351572903382495            1.997029555038397            0.002939991864349  
          4.472517119707745            1.997762496316925            0.002206511504120  
          4.593461336032996            1.997369715777945            0.002599911782618  
          4.714405552358246            1.997210382992398            0.002759429193039  
          4.835349768683495            1.997758417381984            0.002211593854753  
          4.956293985008745            1.997092013820034            0.002879427475884  
          5.077238201333995            1.997716557129634            0.002256030757514  
          5.198182417659245            1.997429630529091            0.002544876026994  
          5.319126633984495            1.997210294742864            0.002765936292641  
          5.440070850309746            1.997661789108282            0.002316061739166  
          5.561015066634996            1.997198914917557            0.002781807840881  
          5.681959282960245            1.997695859098821            0.002287362839350  
          5.802903499285495            1.997243311249878            0.002742816998040  
          5.923847715610745            1.997490826344845            0.002498118192487  
          6.044791931935995            1.997480231718064            0.002511299059185  
          6.165736148261245            1.997349891175946            0.002645293895441  
          6.286680364586495            1.997937152179408            0.002061244290939  
          6.407624580911745            1.997007574531515            0.002994009012569  
          6.528568797236995            1.998014732454002            0.001990004989855  
          6.649513013562244            1.997486377259474            0.002521107673056  
          6.770457229887494            1.997526853929696            0.002484248792397  
          6.891401446212745            1.998372356998326            0.001641759423706  
          7.012345662537995            1.996918755331274            0.003097994285761  
          7.133289878863245            1.998429539284938            0.001589850794050  
          7.254234095188495            1.997711802477499            0.002309616592256  
          7.375178311513745            1.997492684151327            0.002531584717375  
          7.496122527838994            1.998725348393671            0.001300890904264  
          7.617066744164244            1.996831648095861            0.003195907774047  
          7.738010960489495            1.998539841683777            0.001489247254745  
          7.858955176814745            1.997929936198088            0.002099892595383  
          7.979899393139995            1.997286316531830            0.002744992331721  
          8.100843609465246            1.998839013995259            0.001192786201231  
          8.221787825790495            1.996867901364698            0.003163471299469  
          8.342732042115745            1.998285391089269            0.001746106649681  
          8.463676258440994            1.998192625096417            0.001838338061137  
          8.584620474766245            1.996891808041442            0.003138819521531  
          8.705564691091494            1.998637389175503            0.001392270849527  
          8.826508907416745            1.997002227181556            0.003025422569860  
          8.947453123741996            1.997678762237913            0.002347589345506  
          9.068397340067245            1.998149919896698            0.001875010817565  
          9.189341556392495            1.996724442412851            0.003298350317381  
          9.310285772717744            1.997714650250569            0.002305925599089  
          9.431229989042995            1.997457542291337            0.002560173568560  
          9.552174205368244            1.997049059763926            0.002966208857261  
          9.673118421693495            1.997602561692156            0.002410737480813  
          9.794062638018746            1.997414220839045            0.002595722586313  
          9.915006854343995            1.996683023928019            0.003323872667514  
         10.035951070669245            1.998127119391439            0.001876908026163  
         10.156895286994494            1.997518295724444            0.002482738373033  
         10.277839503319745            1.996938495628526            0.003060247187964  
         10.398783719644994            1.998772393112926            0.001222694504054  
         10.519727935970245            1.996676139231429            0.003315728049836  
         10.640672152295496            1.998250119644892            0.001739621051378  
         10.761616368620745            1.998531441496403            0.001455306644719  
         10.882560584945995            1.996439081462121            0.003545496858424  
         11.003504801271244            1.998995823336755            0.000985769406267  
         11.124449017596495            1.997154386396065            0.002824469494088  
         11.245393233921744            1.997562531572500            0.002415519911423  
         11.366337450246995            1.998580167814925            0.001395431027744  
         11.487281666572246            1.996429164676202            0.003544833465855  
         11.608225882897495            1.998113824449768            0.001858753916854  
         11.729170099222745            1.997585249842804            0.002385659695813  
         11.850114315547994            1.996994617592734            0.002976947883218  
         11.971058531873245            1.998114905046342            0.001855412154486  
         12.092002748198494            1.996742051336065            0.003227625175000  
         12.212946964523745            1.997510947982703            0.002459318550314  
         12.333891180848996            1.997779354710038            0.002190788005104  
         12.454835397174245            1.996897694617803            0.003074370136339  
         12.575779613499495            1.997832611552199            0.002139801404547  
         12.696723829824744            1.997031975542458            0.002941047106223  
         12.817668046149995            1.997393864353564            0.002581606692107  
         12.938612262475244            1.997926235967889            0.002050715535645  
         13.059556478800495            1.996799448922322            0.003180378564447  
         13.180500695125746            1.997966489798428            0.002015168004730  
         13.301444911450995            1.997099657177001            0.002883790637138  
         13.422389127776245            1.997521093263398            0.002466079993239  
         13.543333344101494            1.998189638274160            0.001800204131204  
         13.664277560426745            1.996649316823757            0.003343847066138  
         13.785221776751994            1.998390163242934            0.001605724200823  
         13.906165993077245            1.997244343663139            0.002753979876880  
         14.027110209402496            1.997605082018961            0.002397439584892  
         14.148054425727745            1.998632397389871            0.001373184305672  
         14.268998642052996            1.996446687316626            0.003561950933874  
         14.389942858378244            1.998789115179304            0.001222318897510  
         14.510887074703495            1.997465858782734            0.002547816124470  
         14.631831291028744            1.997528352943817            0.002489246592644  
         14.752775507353995            1.998961025658981            0.001059053503350  
         14.873719723679246            1.996361344513538            0.003660725681244  
         14.994663940004495            1.998855441892477            0.001168776295881  
         15.115608156329746            1.997818652450902            0.002206873256472  
         15.236552372654995            1.997160407418575            0.002868050957576  
         15.357496588980245            1.999177822693493            0.000851862094559  
         15.478440805305494            1.996303061787931            0.003726872993045  
         15.599385021630745            1.998674701423626            0.001356323089153  
         15.720329237955996            1.998194460540606            0.001836724042353  
         15.841273454281245            1.996684601935848            0.003347786026867  
         15.962217670606496            1.999153742211808            0.000878404298724  
         16.083161886931745            1.996545656497826            0.003484910899039  
         16.204106103256994            1.998050164070458            0.001980177170490  
         16.325050319582246            1.998506997572915            0.001522710067614  
         16.445994535907495            1.996210059153283            0.003818610911279  
         16.566938752232744            1.998385305984662            0.001641739320443  
         16.687882968557997            1.997099102156985            0.002925267156083  
         16.808827184883246            1.997111570674658            0.002911184292343  
         16.929771401208495            1.998031574843345            0.001990077070413  
         17.050715617533744            1.996705218494729            0.003313419967594  
         17.171659833858996            1.996776824050361            0.003238963078892  
         17.292604050184245            1.997995442899376            0.002017647174564  
         17.413548266509494            1.997131511840553            0.002878917477117  
         17.534492482834747            1.996814112915049            0.003194617682963  
         17.655436699159996            1.998549797885527            0.001454973677320  
         17.776380915485245            1.996120659271440            0.003880590891431  
         17.897325131810494            1.998398191824137            0.001601056404503  
         18.018269348135746            1.998531401882802            0.001464759266829  
         18.139213564460995            1.995888551575117            0.004105293661659  
         18.260157780786244            1.999321976709268            0.000668195028098  
         18.381101997111497            1.996891902154170            0.003094858933401  
         18.502046213436746            1.997431164826992            0.002554692237970  
         18.622990429761995            1.998809910028290            0.001172956308460  
         18.743934646087244            1.995873361627634            0.004106972048549  
         18.864878862412496            1.997897581871011            0.002080477755344  
         18.985823078737745            1.997621249852863            0.002354280571152  
         19.106767295062994            1.996733471350598            0.003242205530485  
         19.227711511388247            1.997675965850980            0.002297573393712  
         19.348655727713496            1.996964343039399            0.003007043068235  
         19.469599944038745            1.996764387921500            0.003206695212052  
         19.590544160363994            1.997917049674726            0.002053165880744  
         19.711488376689246            1.997123084750210            0.002847932577780  
         19.832432593014495            1.996710963874812            0.003259432482322  
         19.953376809339744            1.997935391534617            0.002034039932746  
         20.074321025664997            1.996696789555715            0.003274186227547  
         20.195265241990246            1.997781899400690            0.002190158000747  
         20.316209458315495            1.997655446228142            0.002317984820222  
         20.437153674640744            1.996376594300111            0.003597810101471  
         20.558097890965996            1.998248549865848            0.001726577405599  
         20.679042107291245            1.996990813323143            0.002987260295066  
         20.799986323616494            1.997499143108403            0.002481611074650  
         20.920930539941747            1.997766973358435            0.002215737327760  
         21.041874756266996            1.996426332860067            0.003558594110633  
         21.162818972592245            1.998138050500923            0.001849093332637  
         21.283763188917494            1.997141795229050            0.002849052798413  
         21.404707405242746            1.997372722114450            0.002621739347450  
         21.525651621567995            1.997516863769326            0.002479791369538  
         21.646595837893244            1.996730134193320            0.003269271054221  
         21.767540054218497            1.997954832903736            0.002047667492055  
         21.888484270543746            1.997090207782933            0.002915880994596  
         22.009428486868995            1.997426689229274            0.002583145509298  
         22.130372703194244            1.997204590633542            0.002807024472065  
         22.251316919519496            1.997012105820772            0.003001923560261  
         22.372261135844745            1.997929026132625            0.002088263602938  
         22.493205352169994            1.996916608948349            0.003103307037339  
         22.614149568495247            1.997484811151181            0.002538049607565  
         22.735093784820496            1.997179599017371            0.002844057768575  
         22.856038001145745            1.997068973498469            0.002955998219183  
         22.976982217470994            1.997979646926971            0.002048198173819  
         23.097926433796246            1.996818700991136            0.003210114328459  
         23.218870650121495            1.997145948734658            0.002884206897478  
         23.339814866446744            1.997552551619540            0.002477297054501  
         23.460759082771997            1.996911611076455            0.003118009901781  
         23.581703299097246            1.997761449673537            0.002270299411701  
         23.702647515422495            1.997284951690370            0.002745794201368  
         23.823591731747744            1.996349944411192            0.003680026960996  
         23.944535948072996            1.998285906371602            0.001743095581538  
         24.065480164398245            1.997157655423556            0.002869600418960  
         24.186424380723494            1.996987674903311            0.003040450419317  
         24.307368597048747            1.998655316774177            0.001370220690047  
         24.428312813373996            1.995797991306303            0.004224727643242  
         24.549257029699245            1.998720797529867            0.001300715495459  
         24.670201246024494            1.998302617487082            0.001716320070572  
         24.791145462349750            1.995978365222602            0.004039507763434  
         24.912089678674999            1.999499020767775            0.000515516074212  
         25.033033895000248            1.996398663508114            0.003611966615116  
         25.153978111325497            1.997740854270636            0.002268336580694  
         25.274922327650749            1.998780152211522            0.001226383733059  
         25.395866543975998            1.995703374187118            0.004300217283580  
         25.516810760301247            1.997775938643549            0.002224256062875  
         25.637754976626500            1.997504670980621            0.002491879505479  
         25.758699192951749            1.996739059995494            0.003255850339327  
         25.879643409276998            1.997376344643360            0.002616096479866  
         26.000587625602247            1.997457098096214            0.002531465677705  
         26.121531841927499            1.996084241480508            0.003901452869466  
         26.242476058252748            1.998293578150571            0.001689853555814  
         26.363420274577997            1.997854140592291            0.002127412624789  
         26.484364490903250            1.995983483837665            0.003996120366820  
         26.605308707228499            1.999253751974900            0.000722427064611  
         26.726252923553748            1.996448634982249            0.003525523247092  
         26.847197139878997            1.997931758511852            0.002042209058793  
         26.968141356204249            1.999002778328684            0.000969238762270  
         27.089085572529498            1.995607382866006            0.004363474682798  
         27.210029788854747            1.999083166948993            0.000886109350698  
         27.330974005180000            1.997347950964492            0.002620318118167  
         27.451918221505249            1.997084251991821            0.002885757314047  
         27.572862437830498            1.998985096347533            0.000983694378649  
         27.693806654155747            1.995897631937504            0.004070911309054  
         27.814750870480999            1.998332832147763            0.001636572010443  
         27.935695086806248            1.997872925102027            0.002096824461436  
         28.056639303131497            1.996651491751150            0.003321232386841  
         28.177583519456750            1.998708669154821            0.001264263816975  
         28.298527735781999            1.996348346037454            0.003625407932400  
         28.419471952107248            1.997978381660596            0.001998299716896  
         28.540416168432497            1.998214112353561            0.001764333990032  
         28.661360384757749            1.996421485789437            0.003560536064951  
         28.782304601082998            1.998758332548519            0.001225312562862  
         28.903248817408247            1.996659323473352            0.003326118598109  
         29.024193033733500            1.997916659881281            0.002072917632885  
         29.145137250058749            1.998552684484288            0.001439632502104  
         29.266081466383998            1.996254915308899            0.003741010764973  
         29.387025682709247            1.998991557271292            0.001006787403548  
         29.507969899034499            1.996992436528873            0.003008124539156  
         29.628914115359748            1.997800865975626            0.002204153357291  
         29.749858331684997            1.998897659217578            0.001110215262400  
         29.870802548010250            1.996104675860410            0.003906189773830  
         29.991746764335499            1.999113666508336            0.000899594061516  
         30.112690980660748            1.997348326563525            0.002666758961771  
         30.233635196985997            1.997524072429089            0.002495039852138  
         30.354579413311249            1.999118060256606            0.000903114747101  
         30.475523629636498            1.996059804081331            0.003963000638145  
         30.596467845961747            1.999009144331337            0.001015395827691  
         30.717412062287000            1.997778751222914            0.002246622947138  
         30.838356278612249            1.997062669620339            0.002965530698022  
         30.959300494937498            1.999280243704588            0.000748700093150  
         31.080244711262747            1.996130793408879            0.003897885369152  
         31.201188927587999            1.998688522342008            0.001340867534054  
         31.322133143913248            1.998254936730239            0.001774252448810  
         31.443077360238497            1.996516818656103            0.003513231316220  
         31.564021576563750            1.999149187224519            0.000880200110648  
         31.684965792888999            1.996512784285375            0.003514595322814  
         31.805910009214248            1.997908845392012            0.002117971246954  
         31.926854225539497            1.998474904996912            0.001551049631871  
         32.047798441864749            1.996195774791335            0.003828721673695  
         32.168742658189998            1.998078703941219            0.001943834903356  
         32.289686874515247            1.997247272038828            0.002772405572967  
         32.410631090840496            1.996979691522876            0.003038115933350  
         32.531575307165745            1.997809122385322            0.002207339104235  
         32.652519523491002            1.997026007900288            0.002987194715829  
         32.773463739816250            1.996525375495056            0.003484815175238  
         32.894407956141499            1.998145345675239            0.001862106261596  
         33.015352172466748            1.997356450531841            0.002648240457556  
         33.136296388791997            1.996693225825852            0.003309513667122  
         33.257240605117246            1.998838650329489            0.001160161296039  
         33.378184821442495            1.996307796812185            0.003687569363029  
         33.499129037767752            1.998311801596542            0.001681567640521  
         33.620073254093001            1.998644268379408            0.001345995207828  
         33.741017470418250            1.996044963542364            0.003942962875375  
         33.861961686743498            1.999120597801788            0.000863916337042  
         33.982905903068747            1.997075413471234            0.002905922345808  
         34.103850119393996            1.997378803321530            0.002601664997170  
         34.224794335719245            1.998621394027360            0.001356192830071  
         34.345738552044502            1.996216389706078            0.003758982141710  
         34.466682768369751            1.997830504941253            0.002142979640775  
         34.587626984695000            1.997634981170728            0.002336269590511  
         34.708571201020249            1.996848172733086            0.003123321054868  
         34.829515417345497            1.997746010893596            0.002223652131900  
         34.950459633670746            1.996987666131966            0.002980497843887  
         35.071403849995995            1.997039365332112            0.002928884100204  
         35.192348066321252            1.997814380607946            0.002153204759572  
         35.313292282646501            1.997035125789123            0.002933623608952  
         35.434236498971750            1.997190934799803            0.002777617173184  
         35.555180715296999            1.997524871441809            0.002443502374227  
         35.676124931622248            1.996982141859577            0.002988157867745  
         35.797069147947497            1.997763944745618            0.002207419341751  
         35.918013364272745            1.997186143861366            0.002787279286138  
         36.038957580598002            1.997135039752600            0.002839837528309  
         36.159901796923251            1.997597990805154            0.002378206135326  
         36.280846013248500            1.997119006026410            0.002860501724878  
         36.401790229573749            1.997769345992757            0.002212613429391  
         36.522734445898998            1.997039461789769            0.002945266979563  
         36.643678662224247            1.997454173564057            0.002533215560085  
         36.764622878549496            1.997516722856352            0.002473083548248  
         36.885567094874752            1.997225031020191            0.002768745568939  
         37.006511311200001            1.998047974106212            0.001948986359704  
         37.127455527525250            1.996805314037474            0.003194569526219  
         37.248399743850499            1.997960031347764            0.002042938853767  
         37.369343960175748            1.997612476600072            0.002393220755847  
         37.490288176500997            1.997265137706038            0.002744367149605  
         37.611232392826246            1.998493443260213            0.001519071460677  
         37.732176609151502            1.996719431211134            0.003295406995693  
         37.853120825476751            1.998312663532969            0.001704849920520  
         37.974065041802000            1.997888981044407            0.002130680328849  
         38.095009258127249            1.997163054386269            0.002859519079577  
         38.215953474452498            1.998795768957788            0.001228786316307  
         38.336897690777747            1.996770256422899            0.003255330833849  
         38.457841907102996            1.998318378953382            0.001708858863476  
         38.578786123428252            1.998170537941911            0.001857686770461  
         38.699730339753501            1.996938748379804            0.003090843808370  
         38.820674556078750            1.998813757688120            0.001216343126111  
         38.941618772403999            1.996953298923641            0.003076228122174  
         39.062562988729248            1.997977073210266            0.002052708958061  
         39.183507205054497            1.998346757417109            0.001682789001705  
         39.304451421379746            1.996697126025494            0.003331832059757  
         39.425395637705002            1.998396250424782            0.001631713444873  
         39.546339854030251            1.997250801118310            0.002775262832675  
         39.667284070355500            1.997371080938822            0.002653729229119  
         39.788228286680749            1.998098681117563            0.001924897013292  
         39.909172503005998            1.996804354582446            0.003216840908564  
         40.030116719331247            1.997419860507305            0.002599053292892  
         40.151060935656496            1.997658258113979            0.002358095734624  
         40.272005151981752            1.997070455122274            0.002943409421993  
         40.392949368307001            1.997370720052160            0.002641109345166  
         40.513893584632250            1.997716907937882            0.002291490539614  
         40.634837800957499            1.996737698755672            0.003267622223511  
         40.755782017282748            1.998066492956239            0.001936231152136  
         40.876726233607997            1.997839863502232            0.002159749222607  
         40.997670449933246            1.996801035047970            0.003196041909131  
         41.118614666258502            1.998820623377092            0.001172932590599  
         41.239558882583751            1.997063855382216            0.002926514516132  
         41.360503098909000            1.997958573137959            0.002029732332513  
         41.481447315234249            1.998664582032999            0.001320601096224  
         41.602391531559498            1.996605690530617            0.003377049256624  
         41.723335747884747            1.998715884946967            0.001264164776613  
         41.844279964209996            1.997534875959562            0.002442492178121  
         41.965224180535252            1.997365343785444            0.002610991653841  
         42.086168396860501            1.998474133676455            0.001499734699626  
         42.207112613185750            1.996753242406220            0.003218870675873  
         42.328056829510999            1.997925467876925            0.002045520161048  
         42.449001045836248            1.997738346947737            0.002231038532298  
         42.569945262161497            1.997032645001185            0.002936959740445  
         42.690889478486746            1.998006536950129            0.001961960275625  
         42.811833694812002            1.997039711689204            0.002928214003715  
         42.932777911137251            1.997517086755073            0.002451565907072  
         43.053722127462500            1.997801573192430            0.002166998025322  
         43.174666343787749            1.997019394658575            0.002950673542132  
         43.295610560112998            1.997856609121008            0.002114053682503  
         43.416554776438247            1.997232436465996            0.002739103882328  
         43.537498992763496            1.997496438153729            0.002477507552011  
         43.658443209088752            1.997938320742432            0.002037103149877  
         43.779387425414001            1.997004620147228            0.002973423691062  
         43.900331641739250            1.998093987597142            0.001886174029221  
         44.021275858064499            1.997339624644412            0.002642694333525  
         44.142220074389748            1.997666916711949            0.002318948883145  
         44.263164290714997            1.998248285768059            0.001740199429926  
         44.384108507040246            1.997025741789814            0.002966020060992  
         44.505052723365502            1.998495377730750            0.001499387744280  
         44.625996939690751            1.997545070100249            0.002452498682429  
         44.746941156016000            1.997800554060874            0.002200950706900  
         44.867885372341249            1.998574882244142            0.001429553637450  
         44.988829588666498            1.997044928363984            0.002962720896380  
         45.109773804991747            1.998683960056904            0.001326717074926  
         45.230718021316996            1.997684272851910            0.002328922080778  
         45.351662237642252            1.997755920858104            0.002260849419482  
         45.472606453967501            1.998596556946262            0.001422485341405  
         45.593550670292750            1.997055533264979            0.002965852272400  
         45.714494886617999            1.998536898707132            0.001486771279968  
         45.835439102943248            1.997756114896251            0.002268949375923  
         45.956383319268497            1.997555807307078            0.002471776763226  
         46.077327535593746            1.998537100019560            0.001491432829432  
         46.198271751919002            1.997028514174588            0.003000833305115  
         46.319215968244251            1.998398809893907            0.001631611931121  
         46.440160184569500            1.997874682271445            0.002155610725011  
         46.561104400894749            1.997371130439491            0.002660104237123  
         46.682048617219998            1.998646219984441            0.001384451495320  
         46.802992833545247            1.997100152724939            0.002929571397146  
         46.923937049870496            1.998305167886359            0.001724276008532  
         47.044881266195752            1.998223534124656            0.001804367841153  
         47.165825482521001            1.997130416112336            0.002896649866850  
         47.286769698846250            1.998851070102397            0.001174149682306  
         47.407713915171499            1.997276825693564            0.002745988038079  
         47.528658131496748            1.998038709117246            0.001982594055684  
         47.649602347821997            1.998481748411282            0.001537061615173  
         47.770546564147246            1.996925847801994            0.003090594935597  
         47.891490780472502            1.998460494643369            0.001553261426550  
         48.012434996797751            1.997501876501974            0.002508707509553  
         48.133379213123000            1.997367720232612            0.002640492643332  
         48.254323429448249            1.998092364416556            0.001912924985506  
         48.375267645773498            1.996951833985169            0.003050223494554  
         48.496211862098747            1.997451740508920            0.002547367945733  
         48.617156078423996            1.997630827139323            0.002365087776508  
         48.738100294749252            1.997131635083679            0.002861651754388  
         48.859044511074501            1.997340221564716            0.002650231096812  
         48.979988727399750            1.997669202139265            0.002318007212594  
         49.100932943724999            1.996987608945884            0.002997036176403  
         49.221877160050248            1.997827147652408            0.002155013102390  
         49.342821376375497            1.997777400502314            0.002202438112254  
         49.463765592700746            1.996973135261802            0.003004596724498  
         49.584709809026002            1.998436678963254            0.001538631833162  
         49.705654025351251            1.997257513152238            0.002716143360508  
         49.826598241676500            1.997833716644760            0.002138803021834  
         49.947542458001749            1.998392128820061            0.001578887965678  
         50.068486674326998            1.996944041932756            0.003026096792028  
         50.189430890652247            1.998605998283336            0.001363237134208  
         50.310375106977496            1.997638903876286            0.002329947386774  
         50.431319323302752            1.997621438101959            0.002347926370870  
         50.552263539628001            1.998628957879471            0.001340209251117  
         50.673207755953250            1.996979493878567            0.002990268419464  
         50.794151972278499            1.998519410427060            0.001451234871552  
         50.915096188603748            1.997848284797158            0.002123471254634  
         51.036040404928997            1.997479749698968            0.002494032260310  
         51.156984621254246            1.998632007062666            0.001343072643223  
         51.277928837579502            1.997087275334389            0.002889794970162  
         51.398873053904751            1.998335961378335            0.001643527263282  
         51.519817270230000            1.997930299826710            0.002051632466547  
         51.640761486555249            1.997332629049729            0.002652418629297  
         51.761705702880498            1.998432061033443            0.001555427340310  
         51.882649919205747            1.997113091766811            0.002877344802477  
         52.003594135530996            1.998055749716822            0.001938015856253  
         52.124538351856252            1.997724808931046            0.002272083871695  
         52.245482568181501            1.997282294230452            0.002718158703656  
         52.366426784506750            1.997945973785033            0.002057289613170  
         52.487371000831999            1.997182214059837            0.002824147390771  
         52.608315217157248            1.997777222775739            0.002232602850418  
         52.729259433482497            1.997416649696309            0.002596047299552  
         52.850203649807746            1.997410199691814            0.002605694010717  
         52.971147866133002            1.997543260517534            0.002474929278682  
         53.092092082458251            1.997309234397872            0.002711343719987  
         53.213036298783500            1.997763886773430            0.002259481776359  
         53.333980515108749            1.997204015108973            0.002821164938870  
         53.454924731433998            1.997625362323937            0.002401847762701  
         53.575868947759247            1.997438020021260            0.002590314147975  
         53.696813164084496            1.997349846668202            0.002679543291823  
         53.817757380409752            1.997844763018726            0.002186189300366  
         53.938701596735001            1.997094964131717            0.002936220243555  
         54.059645813060250            1.997575598011291            0.002455985759276  
         54.180590029385499            1.997527686519867            0.002503639490929  
         54.301534245710748            1.997222627645219            0.002808143064074  
         54.422478462035997            1.997722070543474            0.002308874723327  
         54.543422678361246            1.997250227762389            0.002779259710682  
         54.664366894686502            1.997172586853126            0.002855587870078  
         54.785311111011751            1.997784833207848            0.002241980943897  
         54.906255327337000            1.997248087186377            0.002776660955330  
         55.027199543662249            1.997307146230122            0.002716467279289  
         55.148143759987498            1.997943304425728            0.002077556395598  
         55.269087976312747            1.996841676843701            0.003176488189575  
         55.390032192637996            1.998099758944760            0.001916406549526  
         55.510976408963252            1.997940164713602            0.002072965906367  
         55.631920625288501            1.996886956976477            0.003123921773793  
         55.752864841613750            1.998838017260278            0.001169547643758  
         55.873809057938999            1.997147505098135            0.002856667086980  
         55.994753274264248            1.997944642604705            0.002057362373957  
         56.115697490589497            1.998690144180967            0.001308523902275  
         56.236641706914746            1.996592412406014            0.003403388175081  
         56.357585923240002            1.998643002127218            0.001349725006308  
         56.478530139565251            1.997530922865769            0.002458488377649  
         56.599474355890500            1.997247400172753            0.002740211268798  
         56.720418572215749            1.998303791201865            0.001680782210178  
         56.841362788540998            1.996763542378112            0.003218241641948  
         56.962307004866247            1.997555537825071            0.002424189570721  
         57.083251221191496            1.997715396347540            0.002261796765797  
         57.204195437516752            1.996964772227575            0.003011376456815  
         57.325139653842001            1.997480163421367            0.002493934293900  
         57.446083870167250            1.997357072044218            0.002615015825858  
         57.567028086492499            1.997019392779729            0.002952169169477  
         57.687972302817748            1.997730177354722            0.002240270838347  
         57.808916519142997            1.997313440533022            0.002656914238498  
         57.929860735468246            1.997018137634345            0.002951686187982  
         58.050804951793502            1.997830334892994            0.002138875343406  
         58.171749168118751            1.997066021661197            0.002904311181436  
         58.292693384444000            1.997616806570042            0.002354119197227  
         58.413637600769249            1.997569453730561            0.002402492700863  
         58.534581817094498            1.996911656888311            0.003061416462235  
         58.655526033419747            1.997892897387667            0.002081184808680  
         58.776470249744996            1.997177256616700            0.002799442887523  
         58.897414466070252            1.997539467808495            0.002439321408030  
         59.018358682395501            1.997461278919365            0.002519593155850  
         59.139302898720750            1.997093195936956            0.002890162630533  
         59.260247115045999            1.997744723888345            0.002240980068298  
         59.381191331371248            1.997181053237385            0.002808237652651  
         59.502135547696497            1.997682174806568            0.002310184209367  
         59.623079764021746            1.997124432993560            0.002870575308032  
         59.744023980347002            1.997478628979881            0.002519574792814  
         59.864968196672251            1.997713431881881            0.002287777153031  
         59.985912412997500            1.997115630449431            0.002889337466139  
         60.106856629322749            1.998123043557552            0.001885165997842  
         60.227800845647998            1.996905295697334            0.003105347403855  
         60.348745061973247            1.997886423902255            0.002127279310955  
         60.469689278298496            1.997964167147006            0.002052338455804  
         60.590633494623752            1.996954860891855            0.003064760699955  
         60.711577710949001            1.998573454671872            0.001448682028498  
         60.832521927274250            1.996851764735503            0.003171795700633  
         60.953466143599499            1.998031234389795            0.001994571925108  
         61.074410359924748            1.998258691319064            0.001768985098554  
         61.195354576249997            1.996735488534167            0.003293941280988  
         61.316298792575246            1.998693433970033            0.001337134410781  
         61.437243008900502            1.997032134418834            0.002998402767365  
         61.558187225225751            1.997750407281975            0.002281072158140  
         61.679131441551000            1.998467814041459            0.001564371871626  
         61.800075657876249            1.996463484628511            0.003568509400180  
         61.921019874201498            1.998337319815109            0.001694219489490  
         62.041964090526747            1.997334016578106            0.002696229096266  
         62.162908306851996            1.997207459837090            0.002822136849308  
         62.283852523177252            1.998186676301724            0.001842564388474  
         62.404796739502501            1.996648611259007            0.003378459254888  
         62.525740955827750            1.997328865879188            0.002696203638895  
         62.646685172152999            1.997778441806396            0.002244778969468  
         62.767629388478248            1.996978570603953            0.003042474142413  
         62.888573604803497            1.997198260588551            0.002821384435520  
         63.009517821128746            1.997779890268808            0.002236312190953  
         63.130462037454002            1.996533781084739            0.003479295783712  
         63.251406253779251            1.998073537448653            0.001937696126943  
         63.372350470104500            1.998048610749367            0.001959507153205  
         63.493294686429749            1.996214071285122            0.003791583135883  
         63.614238902754998            1.999116053360279            0.000885971534667  
         63.735183119080247            1.997034768297005            0.002963784511928  
         63.856127335405496            1.997599227990699            0.002397780992808  
         63.977071551730752            1.999083067253922            0.000910555744523  
         64.098015768056001            1.995906142177148            0.004084405847124  
         64.218959984381243            1.998603006821208            0.001384758559807  
         64.339904200706499            1.997713611870663            0.002271073659081  
         64.460848417031755            1.996740516322080            0.003243164611075  
         64.581792633356997            1.998284944003685            0.001695750866740  
         64.702736849682253            1.996603192953446            0.003374551523084  
         64.823681066007495            1.997208286379757            0.002768274286209  
         64.944625282332751            1.997885834434628            0.002088735062893  
         65.065569498657993            1.996823380062351            0.003150706702287  
         65.186513714983249            1.997023545095600            0.002948767579640  
         65.307457931308505            1.997644216137018            0.002326150863139  
         65.428402147633747            1.996824019904821            0.003146895304323  
         65.549346363959003            1.997680941576466            0.002289656942344  
         65.670290580284245            1.997549079524860            0.002421583590372  
         65.791234796609501            1.996454322147752            0.003516231967912  
         65.912179012934743            1.998198210946120            0.001772141895357  
         66.033123229259999            1.997103629400382            0.002868736590760  
         66.154067445585255            1.997337116637950            0.002636662670709  
         66.275011661910497            1.997954479579384            0.002020168422269  
         66.395955878235753            1.996403759998022            0.003572407234269  
         66.516900094560995            1.998212503498775            0.001765309398189  
         66.637844310886251            1.997316125284700            0.002664805361224  
         66.758788527211493            1.997135153147375            0.002848483671892  
         66.879732743536749            1.997879586567056            0.002105743715955  
         67.000676959862005            1.996649966132821            0.003338044049546  
         67.121621176187247            1.998009040425476            0.001981992987568  
         67.242565392512503            1.997272418788167            0.002722201565442  
         67.363509608837745            1.997147315926177            0.002850665788533  
         67.484453825163001            1.997542837213834            0.002457197367799  
         67.605398041488243            1.996943102011835            0.003059991717373  
         67.726342257813499            1.997907111846836            0.002099656503141  
         67.847286474138755            1.997023735999332            0.002986249025796  
         67.968230690463997            1.997379996045767            0.002633151232546  
         68.089174906789253            1.997316292444281            0.002698591395305  
         68.210119123114495            1.997145174506417            0.002872262432789  
         68.331063339439751            1.997979677481039            0.002041321258360  
         68.452007555764993            1.996748572535032            0.003274452577065  
         68.572951772090249            1.997475153855482            0.002549946310156  
         68.693895988415505            1.997381417591859            0.002644607425757  
         68.814840204740747            1.997094431136486            0.002932962502879  
         68.935784421066003            1.997965535976236            0.002064679930594  
         69.056728637391245            1.996746925819397            0.003283515662708  
         69.177672853716501            1.997122797703944            0.002907967204637  
         69.298617070041743            1.997763641425736            0.002267262778315  
         69.419561286366999            1.996962215185028            0.003068432122056  
         69.540505502692255            1.997464284084050            0.002567993502196  
         69.661449719017497            1.997396273293552            0.002634329573010  
         69.782393935342753            1.996409701008985            0.003619243797383  
         69.903338151667995            1.998200936696525            0.001827753628936  
         70.024282367993251            1.997485806978013            0.002541061594649  
         70.145226584318493            1.996415403819102            0.003611328591846  
         70.266170800643749            1.998839596501310            0.001184216695032  
         70.387115016969005            1.996341169362853            0.003679430108772  
         70.508059233294247            1.998110712426930            0.001909300805492  
         70.629003449619503            1.998878440250600            0.001138859503501  
         70.749947665944745            1.995490140034326            0.004524891315510  
         70.870891882270001            1.999314031838017            0.000697738234644  
         70.991836098595243            1.997214829093956            0.002793311674155  
         71.112780314920499            1.997029372060683            0.002977586754997  
         71.233724531245755            1.998849109446913            0.001154879116370  
         71.354668747570997            1.995877145347612            0.004123030323320  
         71.475612963896253            1.997440948916283            0.002556295013073  
         71.596557180221495            1.997903263328788            0.002091005411445  
         71.717501396546751            1.996656098541870            0.003336379547028  
         71.838445612871993            1.996858070431883            0.003131528465830  
         71.959389829197249            1.997822893935107            0.002162674774196  
         72.080334045522505            1.996387929888621            0.003595501755835  
         72.201278261847747            1.997874763744399            0.002107083228045  
         72.322222478173003            1.998273788407834            0.001705765836731  
         72.443166694498245            1.995600251415786            0.004376999523173  
         72.564110910823501            1.999176733128154            0.000797819811386  
