#  GS molecular orbital populations, spin channel : 1
#          time (fs)            |   population (orb 1)       |    population (orb 2)      |           ...              |    population (orb N)      |
          0.118525331998745            1.990030948650397            0.009879902738556  
          0.239469548323995            1.961138878988739            0.038788042525520  
          0.360413764649245            1.921569921265529            0.078380138602099  
          0.481357980974495            1.883062119789114            0.116912426510306  
          0.602302197299745            1.859209861958597            0.140786847402785  
          0.723246413624995            1.857584496595920            0.142434082481556  
          0.844190629950245            1.880382208158980            0.119661205229806  
          0.965134846275495            1.918937257850324            0.081132474152765  
          1.086079062600745            1.961174105243189            0.038917662083360  
          1.207023278925995            1.991479363011958            0.008624709069343  
          1.327967495251245            1.999366625657774            0.000739794178833  
          1.448911711576495            1.979740878805308            0.020361409634143  
          1.569855927901745            1.932812504962523            0.067283082944065  
          1.690800144226995            1.862945436074646            0.137142745043525  
          1.811744360552245            1.773703359436287            0.226373823732001  
          1.932688576877495            1.673771478563362            0.326282414075823  
          2.053632793202745            1.573627945322299            0.426368813969583  
          2.174577009527995            1.464119596444169            0.535756782413983  
          2.295521225853245            1.265101941449921            0.734612496017438  
          2.416465442178495            0.910720658360145            1.088889322479759  
          2.537409658503745            0.690807341255527            1.308574128892593  
          2.658353874828995            0.750795863250047            1.248124106240451  
          2.779298091154245            0.588273346232948            1.411104667292234  
          2.900242307479495            0.955842570504946            1.043628257793114  
          3.021186523804745            1.156577750046182            0.843241374239340  
          3.142130740129995            1.155845293722215            0.843723570477250  
          3.263074956455245            0.494978954940969            1.504776478916767  
          3.384019172780495            0.726897521978634            1.272218572717668  
          3.504963389105745            0.735068044248851            1.264932321748351  
          3.625907605430995            0.919225415124180            1.080713710597766  
          3.746851821756245            0.773937288890957            1.225430225771551  
          3.867796038081495            0.403642452271322            1.596432774651544  
          3.988740254406745            0.984952919160403            1.015060798888766  
          4.109684470731995            0.901004013896627            1.098706012665394  
          4.230628687057245            0.485061705431396            1.514722883613201  
          4.351572903382495            0.569754381874604            1.430462600072715  
          4.472517119707745            0.834455470530708            1.165563109101249  
          4.593461336032996            0.634983280344169            1.364590151262382  
          4.714405552358246            0.644135517462284            1.355834723984960  
          4.835349768683495            1.000843146503721            0.999410907904813  
          4.956293985008745            0.447834303866630            1.552305356690782  
          5.077238201333995            0.421389214010603            1.578390580756807  
          5.198182417659245            0.674174183117970            1.325630024352354  
          5.319126633984495            0.264441673995451            1.735207927553721  
          5.440070850309746            0.657063283663948            1.342797041358938  
          5.561015066634996            0.740015462997485            1.259886683455321  
          5.681959282960245            0.439016872273104            1.560861049696957  
          5.802903499285495            0.661601206103456            1.338160206271950  
          5.923847715610745            0.612042648040539            1.387761319859347  
          6.044791931935995            0.142395680325921            1.857441265870243  
          6.165736148261245            0.522302094502206            1.477579028497338  
          6.286680364586495            0.624876124593251            1.375098106555734  
          6.407624580911745            0.619150538578583            1.380804930098951  
          6.528568797236995            0.513083912368836            1.486893477000361  
          6.649513013562244            1.236842720440859            0.763101635604312  
          6.770457229887494            0.586195374017777            1.413727986990979  
          6.891401446212745            0.420699618042842            1.579217919451596  
          7.012345662537995            0.563470519451943            1.436460401430502  
          7.133289878863245            0.585165837630839            1.414809302560191  
          7.254234095188495            0.624887958635817            1.375077199205840  
          7.375178311513745            0.550103305753140            1.449845920988607  
          7.496122527838994            1.337693012043227            0.662249353780445  
          7.617066744164244            0.580861139759228            1.419080943298670  
          7.738010960489495            0.559245021699522            1.440706624484301  
          7.858955176814745            0.561258865200301            1.438692424107428  
          7.979899393139995            0.563884509571059            1.436071070206915  
          8.100843609465246            0.581750926259087            1.418203445535316  
          8.221787825790495            0.569875161710812            1.430070386700807  
          8.342732042115745            1.387962750755995            0.611984581032754  
          8.463676258440994            0.567706707071145            1.432245273579501  
          8.584620474766245            0.632607662214609            1.367346773538290  
          8.705564691091494            0.567051783934041            1.432900855188590  
          8.826508907416745            0.565034845308281            1.434913627564165  
          8.947453123741996            0.564577762292772            1.435372064394401  
          9.068397340067245            0.568752289459201            1.431199852965262  
          9.189341556392495            1.440217330555767            0.559734715067297  
          9.310285772717744            0.566443186244253            1.433508406992387  
          9.431229989042995            1.424036373712709            0.575913909267309  
          9.552174205368244            0.568013668531947            1.431936926546175  
          9.673118421693495            0.568203204265650            1.431748417286519  
          9.794062638018746            0.567366225161249            1.432584933486938  
          9.915006854343995            0.567002213834377            1.432949004448420  
         10.035951070669245            1.432307405950701            0.567643737734156  
         10.156895286994494            0.567789155839424            1.432161435969539  
         10.277839503319745            1.432380679150903            0.567570459600497  
         10.398783719644994            0.567253118285779            1.432698210051559  
         10.519727935970245            0.567331863978656            1.432619273244855  
         10.640672152295496            0.567612988132385            1.432338220607415  
         10.761616368620745            0.567610040834850            1.432340806600675  
         10.882560584945995            1.432106860033398            0.567844109041135  
         11.003504801271244            0.567322157296588            1.432629301799720  
         11.124449017596495            1.432659235780093            0.567291948981267  
         11.245393233921744            0.567565481613084            1.432385486919523  
         11.366337450246995            0.567464012893310            1.432487030259869  
         11.487281666572246            0.567365904294952            1.432585185437841  
         11.608225882897495            0.567384229461570            1.432566967671172  
         11.729170099222745            1.432920184138233            0.567030951482216  
         11.850114315547994            0.567535321238560            1.432415744921670  
         11.971058531873245            1.432418032293639            0.567533067273722  
         12.092002748198494            0.567401924522033            1.432549137583890  
         12.212946964523745            0.567470182052067            1.432480917191783  
         12.333891180848996            0.567500398628347            1.432450749472814  
         12.454835397174245            0.567497194357192            1.432454046570933  
         12.575779613499495            1.431579449579182            0.568371568708112  
         12.696723829824744            0.567439710647068            1.432510430242658  
         12.817668046149995            1.432500272835150            0.567450796823277  
         12.938612262475244            0.567465728271269            1.432486290004502  
         13.059556478800495            1.432501713433394            0.567449460549106  
         13.180500695125746            0.567461817031729            1.432489137256311  
         13.301444911450995            0.567461528793618            1.432489481425057  
         13.422389127776245            0.567461548080928            1.432489465387430  
         13.543333344101494            0.567461548080928            1.432489465387430  
         13.664277560426745            1.432489465387430            0.567461548080928  
         13.785221776751994            0.567461548080928            1.432489465387430  
         13.906165993077245            1.432489465387430            0.567461548080928  
         14.027110209402496            0.567461548080928            1.432489465387430  
         14.148054425727745            0.567461548080928            1.432489465387430  
         14.268998642052996            0.567461548080928            1.432489465387430  
         14.389942858378244            0.567461548080928            1.432489465387430  
         14.510887074703495            1.432489465387430            0.567461548080928  
         14.631831291028744            0.567461548080928            1.432489465387430  
         14.752775507353995            1.432489465387430            0.567461548080928  
         14.873719723679246            0.567461548080928            1.432489465387430  
         14.994663940004495            0.567461548080928            1.432489465387430  
         15.115608156329746            0.567461548080928            1.432489465387430  
         15.236552372654995            0.567461548080928            1.432489465387430  
         15.357496588980245            1.432489465387430            0.567461548080928  
         15.478440805305494            0.567461548080928            1.432489465387430  
         15.599385021630745            1.432489465387430            0.567461548080928  
         15.720329237955996            0.567461548080928            1.432489465387430  
         15.841273454281245            0.567461548080928            1.432489465387430  
         15.962217670606496            0.567461548080928            1.432489465387430  
         16.083161886931745            0.567461548080928            1.432489465387430  
         16.204106103256994            1.432489465387430            0.567461548080928  
         16.325050319582246            0.567461548080928            1.432489465387430  
         16.445994535907495            1.432489465387430            0.567461548080928  
         16.566938752232744            0.567461548080928            1.432489465387430  
         16.687882968557997            0.567461548080928            1.432489465387430  
         16.808827184883246            0.567461548080928            1.432489465387430  
         16.929771401208495            0.567461548080928            1.432489465387430  
         17.050715617533744            1.432489465387430            0.567461548080928  
         17.171659833858996            0.567461548080928            1.432489465387430  
         17.292604050184245            1.432489465387430            0.567461548080928  
         17.413548266509494            0.567461548080928            1.432489465387430  
         17.534492482834747            1.432489465387430            0.567461548080928  
         17.655436699159996            0.567461548080928            1.432489465387430  
         17.776380915485245            0.567461548080928            1.432489465387430  
         17.897325131810494            1.432489465387430            0.567461548080928  
         18.018269348135746            0.567461548080928            1.432489465387430  
         18.139213564460995            1.432489465387430            0.567461548080928  
         18.260157780786244            0.567461548080928            1.432489465387430  
         18.381101997111497            1.432489465387430            0.567461548080928  
         18.502046213436746            0.567461548080928            1.432489465387430  
         18.622990429761995            0.567461548080928            1.432489465387430  
         18.743934646087244            1.432489465387430            0.567461548080928  
         18.864878862412496            0.567461548080928            1.432489465387430  
         18.985823078737745            1.432489465387430            0.567461548080928  
         19.106767295062994            0.567461548080928            1.432489465387430  
         19.227711511388247            1.432489465387430            0.567461548080928  
         19.348655727713496            0.567461548080928            1.432489465387430  
         19.469599944038745            0.567461548080928            1.432489465387430  
         19.590544160363994            1.432489465387430            0.567461548080928  
         19.711488376689246            0.567461548080928            1.432489465387430  
         19.832432593014495            1.432489465387430            0.567461548080928  
         19.953376809339744            0.567461548080928            1.432489465387430  
         20.074321025664997            1.432489465387430            0.567461548080928  
         20.195265241990246            0.567461548080928            1.432489465387430  
         20.316209458315495            0.567461548080928            1.432489465387430  
         20.437153674640744            0.567461548080928            1.432489465387430  
         20.558097890965996            0.567461548080928            1.432489465387430  
         20.679042107291245            1.432489465387430            0.567461548080928  
         20.799986323616494            0.567461548080928            1.432489465387430  
         20.920930539941747            1.432489465387430            0.567461548080928  
         21.041874756266996            0.567461548080928            1.432489465387430  
         21.162818972592245            0.567461548080928            1.432489465387430  
         21.283763188917494            0.567461548080928            1.432489465387430  
         21.404707405242746            0.567461548080928            1.432489465387430  
         21.525651621567995            1.432489465387430            0.567461548080928  
         21.646595837893244            0.567461548080928            1.432489465387430  
         21.767540054218497            1.432489465387430            0.567461548080928  
         21.888484270543746            0.567461548080928            1.432489465387430  
         22.009428486868995            0.567461548080928            1.432489465387430  
         22.130372703194244            0.567461548080928            1.432489465387430  
         22.251316919519496            0.567461548080928            1.432489465387430  
         22.372261135844745            1.432489465387430            0.567461548080928  
         22.493205352169994            0.567461548080928            1.432489465387430  
         22.614149568495247            1.432489465387430            0.567461548080928  
         22.735093784820496            0.567461548080928            1.432489465387430  
         22.856038001145745            1.432489465387430            0.567461548080928  
         22.976982217470994            0.567461548080928            1.432489465387430  
         23.097926433796246            0.567461548080928            1.432489465387430  
         23.218870650121495            1.432489465387430            0.567461548080928  
         23.339814866446744            0.567461548080928            1.432489465387430  
         23.460759082771997            1.432489465387430            0.567461548080928  
         23.581703299097246            0.567461548080928            1.432489465387430  
         23.702647515422495            1.432489465387430            0.567461548080928  
         23.823591731747744            0.567461548080928            1.432489465387430  
         23.944535948072996            0.567461548080928            1.432489465387430  
         24.065480164398245            1.432489465387430            0.567461548080928  
         24.186424380723494            0.567461548080928            1.432489465387430  
         24.307368597048747            1.432489465387430            0.567461548080928  
         24.428312813373996            0.567461548080928            1.432489465387430  
         24.549257029699245            1.432489465387430            0.567461548080928  
         24.670201246024494            0.567461548080928            1.432489465387430  
         24.791145462349750            0.567461548080928            1.432489465387430  
         24.912089678674999            1.432489465387430            0.567461548080928  
         25.033033895000248            0.567461548080928            1.432489465387430  
         25.153978111325497            1.432489465387430            0.567461548080928  
         25.274922327650749            0.567461548080928            1.432489465387430  
         25.395866543975998            1.432489465387430            0.567461548080928  
         25.516810760301247            0.567461548080928            1.432489465387430  
         25.637754976626500            0.567461548080928            1.432489465387430  
         25.758699192951749            1.432489465387430            0.567461548080928  
         25.879643409276998            0.567461548080928            1.432489465387430  
         26.000587625602247            1.432489465387430            0.567461548080928  
         26.121531841927499            0.567461548080928            1.432489465387430  
         26.242476058252748            1.432489465387430            0.567461548080928  
         26.363420274577997            0.567461548080928            1.432489465387430  
         26.484364490903250            0.567461548080928            1.432489465387430  
         26.605308707228499            0.567461548080928            1.432489465387430  
         26.726252923553748            0.567461548080928            1.432489465387430  
         26.847197139878997            1.432489465387430            0.567461548080928  
         26.968141356204249            0.567461548080928            1.432489465387430  
         27.089085572529498            1.432489465387430            0.567461548080928  
         27.210029788854747            0.567461548080928            1.432489465387430  
         27.330974005180000            0.567461548080928            1.432489465387430  
         27.451918221505249            0.567461548080928            1.432489465387430  
         27.572862437830498            0.567461548080928            1.432489465387430  
         27.693806654155747            1.432489465387430            0.567461548080928  
         27.814750870480999            0.567461548080928            1.432489465387430  
         27.935695086806248            1.432489465387430            0.567461548080928  
         28.056639303131497            0.567461548080928            1.432489465387430  
         28.177583519456750            1.432489465387430            0.567461548080928  
         28.298527735781999            0.567461548080928            1.432489465387430  
         28.419471952107248            0.567461548080928            1.432489465387430  
         28.540416168432497            1.432489465387430            0.567461548080928  
         28.661360384757749            0.567461548080928            1.432489465387430  
         28.782304601082998            1.432489465387430            0.567461548080928  
         28.903248817408247            0.567461548080928            1.432489465387430  
         29.024193033733500            1.432489465387430            0.567461548080928  
         29.145137250058749            0.567461548080928            1.432489465387430  
         29.266081466383998            0.567461548080928            1.432489465387430  
         29.387025682709247            1.432489465387430            0.567461548080928  
         29.507969899034499            0.567461548080928            1.432489465387430  
         29.628914115359748            1.432489465387430            0.567461548080928  
         29.749858331684997            0.567461548080928            1.432489465387430  
         29.870802548010250            1.432489465387430            0.567461548080928  
         29.991746764335499            0.567461548080928            1.432489465387430  
         30.112690980660748            0.567461548080928            1.432489465387430  
         30.233635196985997            1.432489465387430            0.567461548080928  
         30.354579413311249            0.567461548080928            1.432489465387430  
         30.475523629636498            1.432489465387430            0.567461548080928  
         30.596467845961747            0.567461548080928            1.432489465387430  
         30.717412062287000            1.432489465387430            0.567461548080928  
         30.838356278612249            0.567461548080928            1.432489465387430  
         30.959300494937498            0.567461548080928            1.432489465387430  
         31.080244711262747            1.432489465387430            0.567461548080928  
         31.201188927587999            0.567461548080928            1.432489465387430  
         31.322133143913248            1.432489465387430            0.567461548080928  
         31.443077360238497            0.567461548080928            1.432489465387430  
         31.564021576563750            1.432489465387430            0.567461548080928  
         31.684965792888999            0.567461548080928            1.432489465387430  
         31.805910009214248            0.567461548080928            1.432489465387430  
         31.926854225539497            0.567461548080928            1.432489465387430  
         32.047798441864749            0.567461548080928            1.432489465387430  
         32.168742658189998            1.432489465387430            0.567461548080928  
         32.289686874515247            0.567461548080928            1.432489465387430  
         32.410631090840496            1.432489465387430            0.567461548080928  
         32.531575307165745            0.567461548080928            1.432489465387430  
         32.652519523491002            0.567461548080928            1.432489465387430  
         32.773463739816250            0.567461548080928            1.432489465387430  
         32.894407956141499            0.567461548080928            1.432489465387430  
         33.015352172466748            1.432489465387430            0.567461548080928  
         33.136296388791997            0.567461548080928            1.432489465387430  
         33.257240605117246            1.432489465387430            0.567461548080928  
         33.378184821442495            0.567461548080928            1.432489465387430  
         33.499129037767752            1.432489465387430            0.567461548080928  
         33.620073254093001            0.567461548080928            1.432489465387430  
         33.741017470418250            0.567461548080928            1.432489465387430  
         33.861961686743498            1.432489465387430            0.567461548080928  
         33.982905903068747            0.567461548080928            1.432489465387430  
         34.103850119393996            1.432489465387430            0.567461548080928  
         34.224794335719245            0.567461548080928            1.432489465387430  
         34.345738552044502            1.432489465387430            0.567461548080928  
         34.466682768369751            0.567461548080928            1.432489465387430  
         34.587626984695000            0.567461548080928            1.432489465387430  
         34.708571201020249            1.432489465387430            0.567461548080928  
         34.829515417345497            0.567461548080928            1.432489465387430  
         34.950459633670746            1.432489465387430            0.567461548080928  
         35.071403849995995            0.567461548080928            1.432489465387430  
         35.192348066321252            1.432489465387430            0.567461548080928  
         35.313292282646501            0.567461548080928            1.432489465387430  
         35.434236498971750            0.567461548080928            1.432489465387430  
         35.555180715296999            1.432489465387430            0.567461548080928  
         35.676124931622248            0.567461548080928            1.432489465387430  
         35.797069147947497            1.432489465387430            0.567461548080928  
         35.918013364272745            0.567461548080928            1.432489465387430  
         36.038957580598002            1.432489465387430            0.567461548080928  
         36.159901796923251            0.567461548080928            1.432489465387430  
         36.280846013248500            0.567461548080928            1.432489465387430  
         36.401790229573749            1.432489465387430            0.567461548080928  
         36.522734445898998            0.567461548080928            1.432489465387430  
         36.643678662224247            1.432489465387430            0.567461548080928  
         36.764622878549496            0.567461548080928            1.432489465387430  
         36.885567094874752            1.432489465387430            0.567461548080928  
         37.006511311200001            0.567461548080928            1.432489465387430  
         37.127455527525250            0.567461548080928            1.432489465387430  
         37.248399743850499            1.432489465387430            0.567461548080928  
         37.369343960175748            0.567461548080928            1.432489465387430  
         37.490288176500997            1.432489465387430            0.567461548080928  
         37.611232392826246            0.567461548080928            1.432489465387430  
         37.732176609151502            1.432489465387430            0.567461548080928  
         37.853120825476751            0.567461548080928            1.432489465387430  
         37.974065041802000            0.567461548080928            1.432489465387430  
         38.095009258127249            0.567461548080928            1.432489465387430  
         38.215953474452498            0.567461548080928            1.432489465387430  
         38.336897690777747            1.432489465387430            0.567461548080928  
         38.457841907102996            0.567461548080928            1.432489465387430  
         38.578786123428252            1.432489465387430            0.567461548080928  
         38.699730339753501            0.567461548080928            1.432489465387430  
         38.820674556078750            1.432489465387430            0.567461548080928  
         38.941618772403999            0.567461548080928            1.432489465387430  
         39.062562988729248            0.567461548080928            1.432489465387430  
         39.183507205054497            1.432489465387430            0.567461548080928  
         39.304451421379746            0.567461548080928            1.432489465387430  
         39.425395637705002            1.432489465387430            0.567461548080928  
         39.546339854030251            0.567461548080928            1.432489465387430  
         39.667284070355500            1.432489465387430            0.567461548080928  
         39.788228286680749            0.567461548080928            1.432489465387430  
         39.909172503005998            0.567461548080928            1.432489465387430  
         40.030116719331247            1.432489465387430            0.567461548080928  
         40.151060935656496            0.567461548080928            1.432489465387430  
         40.272005151981752            1.432489465387430            0.567461548080928  
         40.392949368307001            0.567461548080928            1.432489465387430  
         40.513893584632250            1.432489465387430            0.567461548080928  
         40.634837800957499            0.567461548080928            1.432489465387430  
         40.755782017282748            0.567461548080928            1.432489465387430  
         40.876726233607997            1.432489465387430            0.567461548080928  
         40.997670449933246            0.567461548080928            1.432489465387430  
         41.118614666258502            1.432489465387430            0.567461548080928  
         41.239558882583751            0.567461548080928            1.432489465387430  
         41.360503098909000            1.432489465387430            0.567461548080928  
         41.481447315234249            0.567461548080928            1.432489465387430  
         41.602391531559498            0.567461548080928            1.432489465387430  
         41.723335747884747            1.432489465387430            0.567461548080928  
         41.844279964209996            0.567461548080928            1.432489465387430  
         41.965224180535252            1.432489465387430            0.567461548080928  
         42.086168396860501            0.567461548080928            1.432489465387430  
         42.207112613185750            1.432489465387430            0.567461548080928  
         42.328056829510999            0.567461548080928            1.432489465387430  
         42.449001045836248            0.567461548080928            1.432489465387430  
         42.569945262161497            1.432489465387430            0.567461548080928  
         42.690889478486746            0.567461548080928            1.432489465387430  
         42.811833694812002            1.432489465387430            0.567461548080928  
         42.932777911137251            0.567461548080928            1.432489465387430  
         43.053722127462500            1.432489465387430            0.567461548080928  
         43.174666343787749            0.567461548080928            1.432489465387430  
         43.295610560112998            0.567461548080928            1.432489465387430  
         43.416554776438247            0.567461548080928            1.432489465387430  
         43.537498992763496            0.567461548080928            1.432489465387430  
         43.658443209088752            1.432489465387430            0.567461548080928  
         43.779387425414001            0.567461548080928            1.432489465387430  
         43.900331641739250            1.432489465387430            0.567461548080928  
         44.021275858064499            0.567461548080928            1.432489465387430  
         44.142220074389748            1.432489465387430            0.567461548080928  
         44.263164290714997            0.567461548080928            1.432489465387430  
         44.384108507040246            0.567461548080928            1.432489465387430  
         44.505052723365502            1.432489465387430            0.567461548080928  
         44.625996939690751            0.567461548080928            1.432489465387430  
         44.746941156016000            1.432489465387430            0.567461548080928  
         44.867885372341249            0.567461548080928            1.432489465387430  
         44.988829588666498            1.432489465387430            0.567461548080928  
         45.109773804991747            0.567461548080928            1.432489465387430  
         45.230718021316996            0.567461548080928            1.432489465387430  
         45.351662237642252            1.432489465387430            0.567461548080928  
         45.472606453967501            0.567461548080928            1.432489465387430  
         45.593550670292750            1.432489465387430            0.567461548080928  
         45.714494886617999            0.567461548080928            1.432489465387430  
         45.835439102943248            1.432489465387430            0.567461548080928  
         45.956383319268497            0.567461548080928            1.432489465387430  
         46.077327535593746            0.567461548080928            1.432489465387430  
         46.198271751919002            1.432489465387430            0.567461548080928  
         46.319215968244251            0.567461548080928            1.432489465387430  
         46.440160184569500            1.432489465387430            0.567461548080928  
         46.561104400894749            0.567461548080928            1.432489465387430  
         46.682048617219998            1.432489465387430            0.567461548080928  
         46.802992833545247            0.567461548080928            1.432489465387430  
         46.923937049870496            0.567461548080928            1.432489465387430  
         47.044881266195752            1.432489465387430            0.567461548080928  
         47.165825482521001            0.567461548080928            1.432489465387430  
         47.286769698846250            1.432489465387430            0.567461548080928  
         47.407713915171499            0.567461548080928            1.432489465387430  
         47.528658131496748            1.432489465387430            0.567461548080928  
         47.649602347821997            0.567461548080928            1.432489465387430  
         47.770546564147246            0.567461548080928            1.432489465387430  
         47.891490780472502            1.432489465387430            0.567461548080928  
         48.012434996797751            0.567461548080928            1.432489465387430  
         48.133379213123000            1.432489465387430            0.567461548080928  
         48.254323429448249            0.567461548080928            1.432489465387430  
         48.375267645773498            1.432489465387430            0.567461548080928  
         48.496211862098747            0.567461548080928            1.432489465387430  
         48.617156078423996            0.567461548080928            1.432489465387430  
         48.738100294749252            1.432489465387430            0.567461548080928  
         48.859044511074501            0.567461548080928            1.432489465387430  
         48.979988727399750            1.432489465387430            0.567461548080928  
         49.100932943724999            0.567461548080928            1.432489465387430  
         49.221877160050248            1.432489465387430            0.567461548080928  
         49.342821376375497            0.567461548080928            1.432489465387430  
         49.463765592700746            1.432489465387430            0.567461548080928  
         49.584709809026002            0.567461548080928            1.432489465387430  
         49.705654025351251            0.567461548080928            1.432489465387430  
         49.826598241676500            1.432489465387430            0.567461548080928  
         49.947542458001749            0.567461548080928            1.432489465387430  
         50.068486674326998            1.432489465387430            0.567461548080928  
         50.189430890652247            0.567461548080928            1.432489465387430  
         50.310375106977496            1.432489465387430            0.567461548080928  
         50.431319323302752            0.567461548080928            1.432489465387430  
         50.552263539628001            0.567461548080928            1.432489465387430  
         50.673207755953250            1.432489465387430            0.567461548080928  
         50.794151972278499            0.567461548080928            1.432489465387430  
         50.915096188603748            1.432489465387430            0.567461548080928  
         51.036040404928997            0.567461548080928            1.432489465387430  
         51.156984621254246            1.432489465387430            0.567461548080928  
         51.277928837579502            0.567461548080928            1.432489465387430  
         51.398873053904751            0.567461548080928            1.432489465387430  
         51.519817270230000            1.432489465387430            0.567461548080928  
         51.640761486555249            0.567461548080928            1.432489465387430  
         51.761705702880498            1.432489465387430            0.567461548080928  
         51.882649919205747            0.567461548080928            1.432489465387430  
         52.003594135530996            1.432489465387430            0.567461548080928  
         52.124538351856252            0.567461548080928            1.432489465387430  
         52.245482568181501            0.567461548080928            1.432489465387430  
         52.366426784506750            1.432489465387430            0.567461548080928  
         52.487371000831999            0.567461548080928            1.432489465387430  
         52.608315217157248            1.432489465387430            0.567461548080928  
         52.729259433482497            0.567461548080928            1.432489465387430  
         52.850203649807746            1.432489465387430            0.567461548080928  
         52.971147866133002            0.567461548080928            1.432489465387430  
         53.092092082458251            0.567461548080928            1.432489465387430  
         53.213036298783500            1.432489465387430            0.567461548080928  
         53.333980515108749            0.567461548080928            1.432489465387430  
         53.454924731433998            1.432489465387430            0.567461548080928  
         53.575868947759247            0.567461548080928            1.432489465387430  
         53.696813164084496            1.432489465387430            0.567461548080928  
         53.817757380409752            0.567461548080928            1.432489465387430  
         53.938701596735001            0.567461548080928            1.432489465387430  
         54.059645813060250            1.432489465387430            0.567461548080928  
         54.180590029385499            0.567461548080928            1.432489465387430  
         54.301534245710748            1.432489465387430            0.567461548080928  
         54.422478462035997            0.567461548080928            1.432489465387430  
         54.543422678361246            1.432489465387430            0.567461548080928  
         54.664366894686502            0.567461548080928            1.432489465387430  
         54.785311111011751            1.432489465387430            0.567461548080928  
         54.906255327337000            0.567461548080928            1.432489465387430  
         55.027199543662249            0.567461548080928            1.432489465387430  
         55.148143759987498            1.432489465387430            0.567461548080928  
         55.269087976312747            0.567461548080928            1.432489465387430  
         55.390032192637996            1.432489465387430            0.567461548080928  
         55.510976408963252            0.567461548080928            1.432489465387430  
         55.631920625288501            1.432489465387430            0.567461548080928  
         55.752864841613750            0.567461548080928            1.432489465387430  
         55.873809057938999            0.567461548080928            1.432489465387430  
         55.994753274264248            1.432489465387430            0.567461548080928  
         56.115697490589497            0.567461548080928            1.432489465387430  
         56.236641706914746            1.432489465387430            0.567461548080928  
         56.357585923240002            0.567461548080928            1.432489465387430  
         56.478530139565251            1.432489465387430            0.567461548080928  
         56.599474355890500            0.567461548080928            1.432489465387430  
         56.720418572215749            0.567461548080928            1.432489465387430  
         56.841362788540998            1.432489465387430            0.567461548080928  
         56.962307004866247            0.567461548080928            1.432489465387430  
         57.083251221191496            1.432489465387430            0.567461548080928  
         57.204195437516752            0.567461548080928            1.432489465387430  
         57.325139653842001            1.432489465387430            0.567461548080928  
         57.446083870167250            0.567461548080928            1.432489465387430  
         57.567028086492499            0.567461548080928            1.432489465387430  
         57.687972302817748            1.432489465387430            0.567461548080928  
         57.808916519142997            0.567461548080928            1.432489465387430  
         57.929860735468246            1.432489465387430            0.567461548080928  
         58.050804951793502            0.567461548080928            1.432489465387430  
         58.171749168118751            1.432489465387430            0.567461548080928  
         58.292693384444000            0.567461548080928            1.432489465387430  
         58.413637600769249            0.567461548080928            1.432489465387430  
         58.534581817094498            1.432489465387430            0.567461548080928  
         58.655526033419747            0.567461548080928            1.432489465387430  
         58.776470249744996            1.432489465387430            0.567461548080928  
         58.897414466070252            0.567461548080928            1.432489465387430  
         59.018358682395501            1.432489465387430            0.567461548080928  
         59.139302898720750            0.567461548080928            1.432489465387430  
         59.260247115045999            0.567461548080928            1.432489465387430  
         59.381191331371248            1.432489465387430            0.567461548080928  
         59.502135547696497            0.567461548080928            1.432489465387430  
         59.623079764021746            1.432489465387430            0.567461548080928  
         59.744023980347002            0.567461548080928            1.432489465387430  
         59.864968196672251            1.432489465387430            0.567461548080928  
         59.985912412997500            0.567461548080928            1.432489465387430  
         60.106856629322749            1.432489465387430            0.567461548080928  
         60.227800845647998            1.432489465387430            0.567461548080928  
         60.348745061973247            0.567461548080928            1.432489465387430  
         60.469689278298496            1.432489465387430            0.567461548080928  
         60.590633494623752            0.567461548080928            1.432489465387430  
         60.711577710949001            1.432489465387430            0.567461548080928  
         60.832521927274250            0.567461548080928            1.432489465387430  
         60.953466143599499            1.432489465387430            0.567461548080928  
         61.074410359924748            0.567461548080928            1.432489465387430  
         61.195354576249997            0.567461548080928            1.432489465387430  
         61.316298792575246            1.432489465387430            0.567461548080928  
         61.437243008900502            0.567461548080928            1.432489465387430  
         61.558187225225751            1.432489465387430            0.567461548080928  
         61.679131441551000            0.567461548080928            1.432489465387430  
         61.800075657876249            1.432489465387430            0.567461548080928  
         61.921019874201498            0.567461548080928            1.432489465387430  
         62.041964090526747            0.567461548080928            1.432489465387430  
         62.162908306851996            1.432489465387430            0.567461548080928  
         62.283852523177252            0.567461548080928            1.432489465387430  
         62.404796739502501            1.432489465387430            0.567461548080928  
         62.525740955827750            0.567461548080928            1.432489465387430  
         62.646685172152999            1.432489465387430            0.567461548080928  
         62.767629388478248            0.567461548080928            1.432489465387430  
         62.888573604803497            0.567461548080928            1.432489465387430  
         63.009517821128746            1.432489465387430            0.567461548080928  
         63.130462037454002            0.567461548080928            1.432489465387430  
         63.251406253779251            1.432489465387430            0.567461548080928  
         63.372350470104500            0.567461548080928            1.432489465387430  
         63.493294686429749            1.432489465387430            0.567461548080928  
         63.614238902754998            0.567461548080928            1.432489465387430  
         63.735183119080247            0.567461548080928            1.432489465387430  
         63.856127335405496            1.432489465387430            0.567461548080928  
         63.977071551730752            0.567461548080928            1.432489465387430  
         64.098015768056001            1.432489465387430            0.567461548080928  
         64.218959984381243            0.567461548080928            1.432489465387430  
         64.339904200706499            1.432489465387430            0.567461548080928  
         64.460848417031755            0.567461548080928            1.432489465387430  
         64.581792633356997            0.567461548080928            1.432489465387430  
         64.702736849682253            1.432489465387430            0.567461548080928  
         64.823681066007495            0.567461548080928            1.432489465387430  
         64.944625282332751            1.432489465387430            0.567461548080928  
         65.065569498657993            0.567461548080928            1.432489465387430  
         65.186513714983249            1.432489465387430            0.567461548080928  
         65.307457931308505            0.567461548080928            1.432489465387430  
         65.428402147633747            1.432489465387430            0.567461548080928  
         65.549346363959003            1.432489465387430            0.567461548080928  
         65.670290580284245            0.567461548080928            1.432489465387430  
         65.791234796609501            1.432489465387430            0.567461548080928  
         65.912179012934743            0.567461548080928            1.432489465387430  
         66.033123229259999            1.432489465387430            0.567461548080928  
         66.154067445585255            0.567461548080928            1.432489465387430  
         66.275011661910497            1.432489465387430            0.567461548080928  
         66.395955878235753            0.567461548080928            1.432489465387430  
         66.516900094560995            0.567461548080928            1.432489465387430  
         66.637844310886251            1.432489465387430            0.567461548080928  
         66.758788527211493            0.567461548080928            1.432489465387430  
         66.879732743536749            1.432489465387430            0.567461548080928  
         67.000676959862005            0.567461548080928            1.432489465387430  
         67.121621176187247            1.432489465387430            0.567461548080928  
         67.242565392512503            0.567461548080928            1.432489465387430  
         67.363509608837745            0.567461548080928            1.432489465387430  
         67.484453825163001            1.432489465387430            0.567461548080928  
         67.605398041488243            0.567461548080928            1.432489465387430  
         67.726342257813499            1.432489465387430            0.567461548080928  
         67.847286474138755            0.567461548080928            1.432489465387430  
         67.968230690463997            1.432489465387430            0.567461548080928  
         68.089174906789253            0.567461548080928            1.432489465387430  
         68.210119123114495            0.567461548080928            1.432489465387430  
         68.331063339439751            1.432489465387430            0.567461548080928  
         68.452007555764993            0.567461548080928            1.432489465387430  
         68.572951772090249            1.432489465387430            0.567461548080928  
         68.693895988415505            0.567461548080928            1.432489465387430  
         68.814840204740747            1.432489465387430            0.567461548080928  
         68.935784421066003            0.567461548080928            1.432489465387430  
         69.056728637391245            0.567461548080928            1.432489465387430  
         69.177672853716501            1.432489465387430            0.567461548080928  
         69.298617070041743            0.567461548080928            1.432489465387430  
         69.419561286366999            1.432489465387430            0.567461548080928  
         69.540505502692255            0.567461548080928            1.432489465387430  
         69.661449719017497            1.432489465387430            0.567461548080928  
         69.782393935342753            0.567461548080928            1.432489465387430  
         69.903338151667995            0.567461548080928            1.432489465387430  
         70.024282367993251            1.432489465387430            0.567461548080928  
         70.145226584318493            0.567461548080928            1.432489465387430  
         70.266170800643749            1.432489465387430            0.567461548080928  
         70.387115016969005            0.567461548080928            1.432489465387430  
         70.508059233294247            1.432489465387430            0.567461548080928  
         70.629003449619503            0.567461548080928            1.432489465387430  
         70.749947665944745            1.432489465387430            0.567461548080928  
         70.870891882270001            1.432489465387430            0.567461548080928  
         70.991836098595243            0.567461548080928            1.432489465387430  
         71.112780314920499            1.432489465387430            0.567461548080928  
         71.233724531245755            0.567461548080928            1.432489465387430  
         71.354668747570997            1.432489465387430            0.567461548080928  
         71.475612963896253            0.567461548080928            1.432489465387430  
         71.596557180221495            1.432489465387430            0.567461548080928  
         71.717501396546751            0.567461548080928            1.432489465387430  
         71.838445612871993            0.567461548080928            1.432489465387430  
         71.959389829197249            1.432489465387430            0.567461548080928  
         72.080334045522505            0.567461548080928            1.432489465387430  
         72.201278261847747            1.432489465387430            0.567461548080928  
         72.322222478173003            0.567461548080928            1.432489465387430  
         72.443166694498245            1.432489465387430            0.567461548080928  
         72.564110910823501            0.567461548080928            1.432489465387430  
