#  GS molecular orbital populations, spin channel : 1
#          time (fs)            |   population (orb 1)       |    population (orb 2)      |           ...              |    population (orb N)      |
          0.118525331998745            1.999905531681849            0.000089979137408  
          0.239469548323995            1.999979073960078            0.000017407624555  
          0.360413764649245            1.999985825512992            0.000011641257632  
          0.481357980974495            1.999896608739623            0.000101867386711  
          0.602302197299745            1.999998844162082            0.000000551290722  
          0.723246413624995            1.999914139987650            0.000086202711981  
          0.844190629950245            1.999981754647218            0.000019658105404  
          0.965134846275495            1.999989433327089            0.000012989880864  
          1.086079062600745            1.999902871500467            0.000100518307289  
          1.207023278925995            2.000001219800059            0.000003014860494  
          1.327967495251245            1.999933097927186            0.000071970948227  
          1.448911711576495            1.999977060164134            0.000028918635340  
          1.569855927901745            1.999992101217701            0.000014656358134  
          1.690800144226995            1.999898288735102            0.000109148106486  
          1.811744360552245            2.000001498019076            0.000006479123103  
          1.932688576877495            1.999940899804936            0.000067578678742  
          2.053632793202745            1.999975888481765            0.000033128094760  
          2.174577009527995            1.999991579363963            0.000017788073044  
          2.295521225853245            1.999905344109640            0.000104240965074  
          2.416465442178495            2.000002154571905            0.000007519648645  
          2.537409658503745            1.999954928766019            0.000054785605238  
          2.658353874828995            1.999962964038773            0.000046804488462  
          2.779298091154245            1.999991140159861            0.000018465998555  
          2.900242307479495            1.999896080036596            0.000113228650818  
          3.021186523804745            2.000002359199178            0.000006565128672  
          3.142130740129995            1.999958691151981            0.000049808637869  
          3.263074956455245            1.999953952998433            0.000054127124483  
          3.384019172780495            1.999993243324567            0.000014201894044  
          3.504963389105745            1.999900072878435            0.000106631171771  
          3.625907605430995            2.000000190897671            0.000005752685013  
          3.746851821756245            1.999969300544503            0.000035863788346  
          3.867796038081495            1.999928880535089            0.000075514495770  
          3.988740254406745            1.999994573204377            0.000008868704683  
          4.109684470731995            1.999889951745971            0.000112486653518  
          4.230628687057245            1.999995867570777            0.000005626419191  
          4.351572903382495            1.999972652184463            0.000027902626164  
          4.472517119707745            1.999916361221465            0.000083276811277  
          4.593461336032996            1.999995885506799            0.000002706165082  
          4.714405552358246            1.999901394324663            0.000096168819474  
          4.835349768683495            1.999982798676209            0.000013870746779  
          4.956293985008745            1.999981405726509            0.000014393547595  
          5.077238201333995            1.999890215413212            0.000104756088836  
          5.198182417659245            1.999993538002317            0.000000542531533  
          5.319126633984495            1.999900199622706            0.000093074020150  
          5.440070850309746            1.999973888118624            0.000018769307486  
          5.561015066634996            1.999982272386116            0.000009798646130  
          5.681959282960245            1.999888725305764            0.000102818558189  
          5.802903499285495            1.999990854487421            0.000000164194819  
          5.923847715610745            1.999919883341823            0.000070741183479  
          6.044791931935995            1.999957113368143            0.000033336910357  
          6.165736148261245            1.999986662456329            0.000003635543095  
          6.286680364586495            1.999873166625036            0.000117047909253  
          6.407624580911745            1.999989867313668            0.000000314589604  
          6.528568797236995            1.999923824148526            0.000066474762016  
          6.649513013562244            1.999954209157228            0.000036419461354  
          6.770457229887494            1.999987238149469            0.000003718253014  
          6.891401446212745            1.999885094480150            0.000106248953409  
          7.012345662537995            1.999990508395957            0.000001296708936  
          7.133289878863245            1.999944237686361            0.000048164793395  
          7.254234095188495            1.999941176714050            0.000051998923978  
          7.375178311513745            1.999990534796173            0.000003372236613  
          7.496122527838994            1.999879469017602            0.000115202583176  
          7.617066744164244            1.999994020728098            0.000001484538138  
          7.738010960489495            1.999949195562922            0.000047238134415  
          7.858955176814745            1.999945916328068            0.000051558392120  
          7.979899393139995            1.999990838653164            0.000007582659183  
          8.100843609465246            1.999900842846166            0.000098516836622  
          8.221787825790495            1.999994062722432            0.000006280742258  
          8.342732042115745            1.999965016356742            0.000036347134267  
          8.463676258440994            1.999935938856316            0.000066487256481  
          8.584620474766245            1.999988538045270            0.000014799819416  
          8.705564691091494            1.999902376701297            0.000101824069474  
          8.826508907416745            1.999995905563451            0.000009173189220  
          8.947453123741996            1.999967427831328            0.000038503614790  
          9.068397340067245            1.999944066292872            0.000062691954399  
          9.189341556392495            1.999987062757428            0.000020326334138  
          9.310285772717744            1.999924361419348            0.000083579621406  
          9.431229989042995            1.999993451319261            0.000015038678361  
          9.552174205368244            1.999973718146956            0.000035243619249  
          9.673118421693495            1.999932191028015            0.000077167799306  
          9.794062638018746            1.999982718308257            0.000026821602886  
          9.915006854343995            1.999923930857685            0.000085706413459  
         10.035951070669245            1.999993577099467            0.000016152150746  
         10.156895286994494            1.999974072230117            0.000035638395782  
         10.277839503319745            1.999935176296608            0.000074412960399  
         10.398783719644994            1.999986629421264            0.000022637541108  
         10.519727935970245            1.999937743323108            0.000071137209308  
         10.640672152295496            1.999985187023877            0.000023320733320  
         10.761616368620745            1.999975974028863            0.000032037469070  
         10.882560584945995            1.999913141947916            0.000094273868341  
         11.003504801271244            1.999987323579699            0.000019343774531  
         11.124449017596495            1.999932591820929            0.000073305519049  
         11.245393233921744            1.999980079429152            0.000025089203331  
         11.366337450246995            1.999979027456024            0.000025295522869  
         11.487281666572246            1.999911966642573            0.000091436843283  
         11.608225882897495            1.999992124719483            0.000010281830507  
         11.729170099222745            1.999944996117893            0.000056442746937  
         11.850114315547994            1.999958309568103            0.000042237827618  
         11.971058531873245            1.999982444329726            0.000017115625178  
         12.092002748198494            1.999887794000225            0.000110753330655  
         12.212946964523745            1.999992347207951            0.000005194569843  
         12.333891180848996            1.999942666971232            0.000053946878581  
         12.454835397174245            1.999950363329963            0.000045425456233  
         12.575779613499495            1.999985092054775            0.000009805730269  
         12.696723829824744            1.999897080817138            0.000096954194842  
         12.817668046149995            1.999987760051896            0.000005500898233  
         12.938612262475244            1.999957770551956            0.000034825634572  
         13.059556478800495            1.999923523584719            0.000068531309393  
         13.180500695125746            1.999986072268672            0.000005405553756  
         13.301444911450995            1.999883882680735            0.000107097318327  
         13.422389127776245            1.999985815433018            0.000004813012072  
         13.543333344101494            1.999957506765413            0.000032889512237  
         13.664277560426745            1.999924525676141            0.000065761093507  
         13.785221776751994            1.999986048016134            0.000004117215884  
         13.906165993077245            1.999905450301408            0.000084701152297  
         14.027110209402496            1.999977144177883            0.000013169157313  
         14.148054425727745            1.999969809590114            0.000020768624049  
         14.268998642052996            1.999905064065576            0.000085884881780  
         14.389942858378244            1.999986306092019            0.000005007520787  
         14.510887074703495            1.999902249532297            0.000089541348905  
         14.631831291028744            1.999979587213224            0.000012846078906  
         14.752775507353995            1.999969435857705            0.000023703900769  
         14.873719723679246            1.999918723230223            0.000075186198994  
         14.994663940004495            1.999986299293337            0.000008361785558  
         15.115608156329746            1.999927997705234            0.000067503054651  
         15.236552372654995            1.999972157597351            0.000024312220946  
         15.357496588980245            1.999974661249267            0.000022782655330  
         15.478440805305494            1.999909883615373            0.000088545579632  
         15.599385021630745            1.999984102160483            0.000015263603973  
         15.720329237955996            1.999930706817754            0.000069643884719  
         15.841273454281245            1.999978015723705            0.000023391685709  
         15.962217670606496            1.999972691293709            0.000029711224417  
         16.083161886931745            1.999931083858671            0.000072265154644  
         16.204106103256994            1.999983969950347            0.000020244623026  
         16.325050319582246            1.999951143687404            0.000053938244588  
         16.445994535907495            1.999972654256528            0.000033312749392  
         16.566938752232744            1.999968238758322            0.000038488564529  
         16.687882968557997            1.999928008959731            0.000079386172771  
         16.808827184883246            1.999980261833930            0.000027695968059  
         16.929771401208495            1.999953584821440            0.000054903238675  
         17.050715617533744            1.999978095225416            0.000030892959948  
         17.171659833858996            1.999968659169904            0.000040661383460  
         17.292604050184245            1.999944089753264            0.000065444798821  
         17.413548266509494            1.999984406016377            0.000025239460425  
         17.534492482834747            1.999961536424521            0.000048168925365  
         17.655436699159996            1.999968554721764            0.000041157871340  
         17.776380915485245            1.999962069919425            0.000047464677950  
         17.897325131810494            1.999934366455079            0.000074880789073  
         18.018269348135746            1.999983196632396            0.000025684251288  
         18.139213564460995            1.999960213652811            0.000048253325236  
         18.260157780786244            1.999967222019619            0.000040771961379  
         18.381101997111497            1.999969013307947            0.000038337475676  
         18.502046213436746            1.999940500243421            0.000066130747736  
         18.622990429761995            1.999985078099318            0.000020803940831  
         18.743934646087244            1.999962027227675            0.000043074440129  
         18.864878862412496            1.999944773095867            0.000059508696833  
         18.985823078737745            1.999967933268891            0.000035397930930  
         19.106767295062994            1.999924673876374            0.000077688062246  
         19.227711511388247            1.999983309285007            0.000018109264186  
         19.348655727713496            1.999961756499931            0.000038713710583  
         19.469599944038745            1.999940595703231            0.000058914160172  
         19.590544160363994            1.999976279380036            0.000022199827293  
         19.711488376689246            1.999933212189192            0.000064278669774  
         19.832432593014495            1.999973168523816            0.000023418349295  
         19.953376809339744            1.999966127460936            0.000029575080845  
         20.074321025664997            1.999913521291599            0.000081325597535  
         20.195265241990246            1.999977374985909            0.000016608442795  
         20.316209458315495            1.999922718343506            0.000070502164842  
         20.437153674640744            1.999970675395871            0.000021905699020  
         20.558097890965996            1.999966803166973            0.000025178685573  
         20.679042107291245            1.999919954057056            0.000071488504177  
         20.799986323616494            1.999978845005985            0.000012108426320  
         20.920930539941747            1.999938916423933            0.000051683132692  
         21.041874756266996            1.999953791577429            0.000036601457451  
         21.162818972592245            1.999970107597916            0.000020124453101  
         21.283763188917494            1.999902320557243            0.000087834636373  
         21.404707405242746            1.999978918703499            0.000011241861795  
         21.525651621567995            1.999935174359352            0.000055138246614  
         21.646595837893244            1.999957782460689            0.000032818921328  
         21.767540054218497            1.999969401290131            0.000021525984546  
         21.888484270543746            1.999921733465147            0.000069599966746  
         22.009428486868995            1.999976835722384            0.000014994741026  
         22.130372703194244            1.999951054723379            0.000041397777492  
         22.251316919519496            1.999945914719995            0.000047266202559  
         22.372261135844745            1.999967646019420            0.000026269591634  
         22.493205352169994            1.999917140491955            0.000077569636153  
         22.614149568495247            1.999977031170111            0.000018539092182  
         22.735093784820496            1.999951265479273            0.000045247599672  
         22.856038001145745            1.999958216657746            0.000039287654468  
         22.976982217470994            1.999967059415109            0.000031399670497  
         23.097926433796246            1.999941413283889            0.000058017526695  
         23.218870650121495            1.999977126635067            0.000023303207118  
         23.339814866446744            1.999958631264298            0.000042820193393  
         23.460759082771997            1.999955882715117            0.000046579757278  
         23.581703299097246            1.999959019620114            0.000044365625222  
         23.702647515422495            1.999945714258905            0.000058569723491  
         23.823591731747744            1.999977693013351            0.000027468238869  
         23.944535948072996            1.999961489867197            0.000044515021832  
         24.065480164398245            1.999969599363184            0.000037178176705  
         24.186424380723494            1.999964098984659            0.000043324492373  
         24.307368597048747            1.999961775934407            0.000046233472083  
         24.428312813373996            1.999982695214581            0.000025846580383  
         24.549257029699245            1.999957473153793            0.000051521219338  
         24.670201246024494            1.999968613505686            0.000040728367058  
         24.791145462349750            1.999955213839104            0.000054327636682  
         24.912089678674999            1.999963396338431            0.000046275573164  
         25.033033895000248            1.999982117431974            0.000027612138860  
         25.153978111325497            1.999961738042003            0.000047948808019  
         25.274922327650749            1.999973059201582            0.000036465393254  
         25.395866543975998            1.999966457822499            0.000042768351798  
         25.516810760301247            1.999964699855450            0.000044168306782  
         25.637754976626500            1.999982930387744            0.000025517720582  
         25.758699192951749            1.999951926732480            0.000056000230144  
         25.879643409276998            1.999961728371944            0.000045579980916  
         26.000587625602247            1.999960520557756            0.000046066048420  
         26.121531841927499            1.999959194481248            0.000046645854037  
         26.242476058252748            1.999977973228095            0.000027080669602  
         26.363420274577997            1.999958062719243            0.000046128170231  
         26.484364490903250            1.999958122625322            0.000045145917103  
         26.605308707228499            1.999970288375874            0.000032012080872  
         26.726252923553748            1.999955402802231            0.000045946300737  
         26.847197139878997            1.999966631200576            0.000033767133017  
         26.968141356204249            1.999952176778661            0.000047229523114  
         27.089085572529498            1.999939867869580            0.000058545764361  
         27.210029788854747            1.999967334950840            0.000030098271044  
         27.330974005180000            1.999950092173631            0.000046423972501  
         27.451918221505249            1.999961644507336            0.000033990301150  
         27.572862437830498            1.999959112805928            0.000035644633459  
         27.693806654155747            1.999941567368774            0.000052364999599  
         27.814750870480999            1.999968474734167            0.000024702876392  
         27.935695086806248            1.999951406232380            0.000041112592556  
         28.056639303131497            1.999944827286161            0.000047105022400  
         28.177583519456750            1.999956977764968            0.000034407516717  
         28.298527735781999            1.999929184222839            0.000061754121082  
         28.419471952107248            1.999967175605574            0.000023419006835  
         28.540416168432497            1.999949776868519            0.000040589769739  
         28.661360384757749            1.999948764690473            0.000041459264066  
         28.782304601082998            1.999960686910004            0.000029459295042  
         28.903248817408247            1.999940760700068            0.000049426643233  
         29.024193033733500            1.999963623401777            0.000026722449005  
         29.145137250058749            1.999952049346087            0.000038563057360  
         29.266081466383998            1.999939555471732            0.000051408271753  
         29.387025682709247            1.999957338700752            0.000034038281856  
         29.507969899034499            1.999938967086186            0.000052939458401  
         29.628914115359748            1.999965864079215            0.000026666828648  
         29.749858331684997            1.999953613200361            0.000039623653292  
         29.870802548010250            1.999953116520755            0.000040879545022  
         29.991746764335499            1.999961424590721            0.000033371355527  
         30.112690980660748            1.999952192408232            0.000043485376164  
         30.233635196985997            1.999967861058626            0.000028754426689  
         30.354579413311249            1.999950531714515            0.000047052654536  
         30.475523629636498            1.999956929158770            0.000041636221294  
         30.596467845961747            1.999956148676564            0.000043393253737  
         30.717412062287000            1.999959501961617            0.000041053275067  
         30.838356278612249            1.999973052810344            0.000028511716863  
         30.959300494937498            1.999958038081320            0.000044512691671  
         31.080244711262747            1.999970992462778            0.000032502521442  
         31.201188927587999            1.999967353128473            0.000037037450339  
         31.322133143913248            1.999964437526406            0.000040832636350  
         31.443077360238497            1.999982628369326            0.000023466346071  
         31.564021576563750            1.999948803302836            0.000058039824876  
         31.684965792888999            1.999979945107826            0.000027566216304  
         31.805910009214248            1.999961354906966            0.000046735265079  
         31.926854225539497            1.999973852628968            0.000034765026942  
         32.047798441864749            1.999984260205898            0.000024786328825  
         32.168742658189998            1.999961676549822            0.000047692888050  
         32.289686874515247            1.999982718145462            0.000026869779174  
         32.410631090840496            1.999976382670281            0.000033320702583  
         32.531575307165745            1.999965743805765            0.000044004039535  
         32.652519523491002            1.999990790686437            0.000018891709730  
         32.773463739816250            1.999948032942852            0.000061468245696  
         32.894407956141499            1.999984981208246            0.000024244009023  
         33.015352172466748            1.999967969773680            0.000040880690394  
         33.136296388791997            1.999971109696008            0.000037303937970  
         33.257240605117246            1.999984230242604            0.000023644273494  
         33.378184821442495            1.999961173264841            0.000046067632177  
         33.499129037767752            1.999975779419503            0.000030760837220  
         33.620073254093001            1.999977882403656            0.000027891636584  
         33.741017470418250            1.999955621773159            0.000049347555767  
         33.861961686743498            1.999980773025118            0.000023327019430  
         33.982905903068747            1.999947804101938            0.000055368599384  
         34.103850119393996            1.999970386590720            0.000031842568358  
         34.224794335719245            1.999967761235689            0.000033498949871  
         34.345738552044502            1.999958901488545            0.000041392184282  
         34.466682768369751            1.999970084647243            0.000029221725596  
         34.587626984695000            1.999958628511864            0.000039685251188  
         34.708571201020249            1.999959074382669            0.000038281429033  
         34.829515417345497            1.999969116576934            0.000027306410531  
         34.950459633670746            1.999946546263270            0.000048986177311  
         35.071403849995995            1.999961007300023            0.000033667125035  
         35.192348066321252            1.999949672345914            0.000044185400357  
         35.313292282646501            1.999954258590934            0.000038867601064  
         35.434236498971750            1.999961723756618            0.000030732690024  
         35.555180715296999            1.999951322039770            0.000040544592592  
         35.676124931622248            1.999956340934177            0.000035006237996  
         35.797069147947497            1.999956944065015            0.000033964951630  
         35.918013364272745            1.999949724314705            0.000040860591052  
         36.038957580598002            1.999960467756299            0.000029882310647  
         36.159901796923251            1.999944149915507            0.000046062037447  
         36.280846013248500            1.999953084818926            0.000037084918836  
         36.401790229573749            1.999951646285580            0.000038574761817  
         36.522734445898998            1.999951925061912            0.000038471411339  
         36.643678662224247            1.999959789164020            0.000030869477685  
         36.764622878549496            1.999951792400485            0.000039224029705  
         36.885567094874752            1.999956713757382            0.000034750331713  
         37.006511311200001            1.999960144769338            0.000031852380685  
         37.127455527525250            1.999950851139460            0.000041781693411  
         37.248399743850499            1.999965920214638            0.000027414661159  
         37.369343960175748            1.999945693722996            0.000048408831560  
         37.490288176500997            1.999964874529789            0.000030060412154  
         37.611232392826246            1.999957339130821            0.000038475236570  
         37.732176609151502            1.999961894184020            0.000034862677267  
         37.853120825476751            1.999969448641994            0.000028270393449  
         37.974065041802000            1.999960265784783            0.000038437297122  
         38.095009258127249            1.999968909457466            0.000030794203561  
         38.215953474452498            1.999973046297483            0.000027656975444  
         38.336897690777747            1.999957985751535            0.000043724323393  
         38.457841907102996            1.999983793309882            0.000018893523299  
         38.578786123428252            1.999953170035760            0.000050460865387  
         38.699730339753501            1.999983446510079            0.000021097511645  
         38.820674556078750            1.999969510083892            0.000035891348184  
         38.941618772403999            1.999974336279976            0.000031880390472  
         39.062562988729248            1.999982821404681            0.000024130655027  
         39.183507205054497            1.999972484047079            0.000035128622709  
         39.304451421379746            1.999978856950969            0.000029343721522  
         39.425395637705002            1.999986662704615            0.000022033903554  
         39.546339854030251            1.999963625875123            0.000045487043062  
         39.667284070355500            1.999995267853619            0.000014155848903  
         39.788228286680749            1.999961623308202            0.000048009605070  
         39.909172503005998            1.999990209313023            0.000019544203582  
         40.030116719331247            1.999977767979174            0.000031995463046  
         40.151060935656496            1.999977899937274            0.000031783867925  
         40.272005151981752            1.999985623741948            0.000023869807710  
         40.392949368307001            1.999977922309142            0.000031282131609  
         40.513893584632250            1.999976200261935            0.000032631147894  
         40.634837800957499            1.999989272265545            0.000019088078207  
         40.755782017282748            1.999961179534710            0.000046631515891  
         40.876726233607997            1.999991759013904            0.000015417586861  
         40.997670449933246            1.999962997161345            0.000043468429804  
         41.118614666258502            1.999982389187898            0.000023312172404  
         41.239558882583751            1.999975075556602            0.000029793637545  
         41.360503098909000            1.999971632446541            0.000032361643371  
         41.481447315234249            1.999975640274482            0.000027433578732  
         41.602391531559498            1.999974011086471            0.000028109281164  
         41.723335747884747            1.999963626747236            0.000037528568777  
         41.844279964209996            1.999980165501604            0.000020005133497  
         41.965224180535252            1.999953663081444            0.000045523803097  
         42.086168396860501            1.999977102615068            0.000021108213980  
         42.207112613185750            1.999958244495466            0.000039003537603  
         42.328056829510999            1.999967822857363            0.000028499956545  
         42.449001045836248            1.999964631032894            0.000030794246842  
         42.569945262161497            1.999962371914719            0.000032204630786  
         42.690889478486746            1.999961147536875            0.000032634942308  
         42.811833694812002            1.999965772678056            0.000027274981899  
         42.932777911137251            1.999952206614590            0.000040183797335  
         43.053722127462500            1.999968052200053            0.000023751647339  
         43.174666343787749            1.999948872391773            0.000042428657610  
         43.295610560112998            1.999964753495328            0.000026136205387  
         43.416554776438247            1.999954148566562            0.000036417378332  
         43.537498992763496            1.999959936368109            0.000030409518230  
         43.658443209088752            1.999957734348200            0.000032484000219  
         43.779387425414001            1.999959713156005            0.000030479580155  
         43.900331641739250            1.999955164997852            0.000035105553646  
         44.021275858064499            1.999964282972129            0.000026162297256  
         44.142220074389748            1.999950875502519            0.000039848230424  
         44.263164290714997            1.999967224512516            0.000023870632465  
         44.384108507040246            1.999952008442877            0.000039550564477  
         44.505052723365502            1.999966728085014            0.000025386456275  
         44.625996939690751            1.999957962222938            0.000034785968497  
         44.746941156016000            1.999965881131762            0.000027581195023  
         44.867885372341249            1.999961643687882            0.000032598341243  
         44.988829588666498            1.999968916460167            0.000026166327885  
         45.109773804991747            1.999960967611583            0.000035009909278  
         45.230718021316996            1.999974395405165            0.000022516765344  
         45.351662237642252            1.999960238595913            0.000037643179286  
         45.472606453967501            1.999977750330946            0.000021122309121  
         45.593550670292750            1.999963584212943            0.000036290511414  
         45.714494886617999            1.999978371085980            0.000022509117713  
         45.835439102943248            1.999968404070728            0.000033469731313  
         45.956383319268497            1.999979344050436            0.000023505343223  
         46.077327535593746            1.999970571470308            0.000033222181511  
         46.198271751919002            1.999982233801837            0.000022463943141  
         46.319215968244251            1.999970777034190            0.000034775706596  
         46.440160184569500            1.999984774188364            0.000021574236989  
         46.561104400894749            1.999972045201367            0.000035032252125  
         46.682048617219998            1.999985492688178            0.000022239451528  
         46.802992833545247            1.999974118906959            0.000034186448837  
         46.923937049870496            1.999985918746613            0.000022873060814  
         47.044881266195752            1.999974589932104            0.000034596602844  
         47.165825482521001            1.999987157412731            0.000022328021294  
         47.286769698846250            1.999973982893965            0.000035702857095  
         47.407713915171499            1.999987520914223            0.000022265564527  
         47.528658131496748            1.999974921700158            0.000034863085716  
         47.649602347821997            1.999985846384278            0.000023837665880  
         47.770546564147246            1.999976566010277            0.000032916466390  
         47.891490780472502            1.999984448798707            0.000024735192995  
         48.012434996797751            1.999975175724630            0.000033617396370  
         48.133379213123000            1.999985631325880            0.000022679118891  
         48.254323429448249            1.999970758525204            0.000036987430893  
         48.375267645773498            1.999986678974739            0.000020422329975  
         48.496211862098747            1.999968894407780            0.000037490096737  
         48.617156078423996            1.999983715595990            0.000021890480028  
         48.738100294749252            1.999971724021981            0.000033043520356  
         48.859044511074501            1.999978313746258            0.000025570534501  
         48.979988727399750            1.999972672278878            0.000030287928621  
         49.100932943724999            1.999977102335615            0.000024903068985  
         49.221877160050248            1.999966679552286            0.000034355380161  
         49.342821376375497            1.999980232628514            0.000019816585721  
         49.463765592700746            1.999959003587301            0.000040063046705  
         49.584709809026002            1.999979944285486            0.000018147716162  
         49.705654025351251            1.999959680781507            0.000037453929095  
         49.826598241676500            1.999973060548010            0.000023151340564  
         49.947542458001749            1.999965436062257            0.000029884935514  
         50.068486674326998            1.999966447217143            0.000028032997915  
         50.189430890652247            1.999964520176099            0.000029174887232  
         50.310375106977496            1.999968828633639            0.000024141624326  
         50.431319323302752            1.999954988342718            0.000037336068379  
         50.552263539628001            1.999974093087961            0.000017655446564  
         50.673207755953250            1.999948526422718            0.000042733326645  
         50.794151972278499            1.999972361837385            0.000018499353038  
         50.915096188603748            1.999954986338710            0.000035565394396  
         51.036040404928997            1.999963990059188            0.000026357335642  
         51.156984621254246            1.999963248744363            0.000026984873120  
         51.277928837579502            1.999960290544554            0.000029931869360  
         51.398873053904751            1.999960854304764            0.000029461946716  
         51.519817270230000            1.999968267097330            0.000022237080332  
         51.640761486555249            1.999950120394705            0.000040680370182  
         51.761705702880498            1.999975754311313            0.000015428938156  
         51.882649919205747            1.999947786731679            0.000043873361896  
         52.003594135530996            1.999973495809563            0.000018733815678  
         52.124538351856252            1.999960426615336            0.000032447205624  
         52.245482568181501            1.999964500097233            0.000029101881618  
         52.366426784506750            1.999970229588535            0.000024158578070  
         52.487371000831999            1.999964430030048            0.000030804509238  
         52.608315217157248            1.999965972075996            0.000030167872941  
         52.729259433482497            1.999976454886768            0.000020622441027  
         52.850203649807746            1.999954069836050            0.000043985838233  
         52.971147866133002            1.999983874551642            0.000015169909064  
         53.092092082458251            1.999955914299909            0.000044130789961  
         53.213036298783500            1.999979627107216            0.000021427704587  
         53.333980515108749            1.999971409362368            0.000030634210593  
         53.454924731433998            1.999969455461194            0.000033563413317  
         53.575868947759247            1.999979374662753            0.000024578610415  
         53.696813164084496            1.999971586254171            0.000033260017624  
         53.817757380409752            1.999972594437566            0.000033106774441  
         53.938701596735001            1.999982667886574            0.000023815293953  
         54.059645813060250            1.999960437037672            0.000046768970213  
         54.180590029385499            1.999987441111596            0.000020402930815  
         54.301534245710748            1.999964951960593            0.000043449312018  
         54.422478462035997            1.999981892751582            0.000026991715805  
         54.543422678361246            1.999978433516329            0.000030827029387  
         54.664366894686502            1.999971514550676            0.000038032455382  
         54.785311111011751            1.999983078292924            0.000026650296130  
         54.906255327337000            1.999974762997916            0.000035046403750  
         55.027199543662249            1.999973260474125            0.000036545770515  
         55.148143759987498            1.999983467094937            0.000026216822429  
         55.269087976312747            1.999960156722812            0.000049312926631  
         55.390032192637996            1.999986687943773            0.000022466615598  
         55.510976408963252            1.999967154984430            0.000041591714701  
         55.631920625288501            1.999977515449169            0.000030750349890  
         55.752864841613750            1.999979418636457            0.000028262740652  
         55.873809057938999            1.999965910448726            0.000041113334255  
         55.994753274264248            1.999980262901454            0.000026034637711  
         56.115697490589497            1.999973223446508            0.000032282384587  
         56.236641706914746            1.999962319812369            0.000042356199040  
         56.357585923240002            1.999982988793874            0.000020787668842  
         56.478530139565251            1.999949629709712            0.000053215237934  
         56.599474355890500            1.999982554735988            0.000019336207906  
         56.720418572215749            1.999964507567836            0.000036407389473  
         56.841362788540998            1.999964496200563            0.000035446921576  
         56.962307004866247            1.999977586009082            0.000021363712705  
         57.083251221191496            1.999956074023649            0.000041897199937  
         57.204195437516752            1.999970684138678            0.000026342512651  
         57.325139653842001            1.999971942642852            0.000024161062565  
         57.446083870167250            1.999944120688457            0.000051112313472  
         57.567028086492499            1.999981620930369            0.000012766431508  
         57.687972302817748            1.999940361999726            0.000053243309505  
         57.808916519142997            1.999973425883257            0.000019478296140  
         57.929860735468246            1.999964184643035            0.000028078311368  
         58.050804951793502            1.999949999517761            0.000041708864193  
         58.171749168118751            1.999974450413721            0.000016769053202  
         58.292693384444000            1.999951901965000            0.000038924117843  
         58.413637600769249            1.999959287843133            0.000031260919103  
         58.534581817094498            1.999972870285533            0.000017479132737  
         58.655526033419747            1.999932446562540            0.000057811098224  
         58.776470249744996            1.999979442209945            0.000010807679031  
         58.897414466070252            1.999941818055812            0.000048533652243  
         59.018358682395501            1.999965907117627            0.000024667658333  
         59.139302898720750            1.999967947535554            0.000022926367327  
         59.260247115045999            1.999944971744905            0.000046300352246  
         59.381191331371248            1.999974100469757            0.000017651816718  
         59.502135547696497            1.999956573367183            0.000035753184195  
         59.623079764021746            1.999955456223692            0.000037548509479  
         59.744023980347002            1.999975410043525            0.000018319415580  
         59.864968196672251            1.999935103196000            0.000059422340003  
         59.985912412997500            1.999979549802760            0.000015823654248  
         60.106856629322749            1.999952668283519            0.000043612189513  
         60.227800845647998            1.999965822969567            0.000031422670248  
         60.348745061973247            1.999972829018573            0.000025382762554  
         60.469689278298496            1.999951547664001            0.000047651853894  
         60.590633494623752            1.999976872370379            0.000023324863182  
         60.711577710949001            1.999964431650202            0.000036769694092  
         60.832521927274250            1.999961141377955            0.000041070043016  
         60.953466143599499            1.999973793176322            0.000029372281276  
         61.074410359924748            1.999949537732455            0.000054554130166  
         61.195354576249997            1.999979682741117            0.000025296802611  
         61.316298792575246            1.999964567900749            0.000041256066685  
         61.437243008900502            1.999971304772190            0.000035314782389  
         61.558187225225751            1.999973875995046            0.000033436187163  
         61.679131441551000            1.999962680811856            0.000045252992463  
         61.800075657876249            1.999980723252009            0.000027761560491  
         61.921019874201498            1.999967791618021            0.000041161022359  
         62.041964090526747            1.999968682846545            0.000040655209152  
         62.162908306851996            1.999969623499888            0.000039966483604  
         62.283852523177252            1.999961003051434            0.000048751221815  
         62.404796739502501            1.999981217844775            0.000028615354017  
         62.525740955827750            1.999968272812617            0.000041540972347  
         62.646685172152999            1.999972278346569            0.000037417890128  
         62.767629388478248            1.999973228190212            0.000036217368660  
         62.888573604803497            1.999964368571046            0.000044744217375  
         63.009517821128746            1.999980714600878            0.000027995463464  
         63.130462037454002            1.999964724556337            0.000043488579152  
         63.251406253779251            1.999961244391477            0.000046389071616  
         63.372350470104500            1.999969413630900            0.000037530946139  
         63.493294686429749            1.999956520414321            0.000049687436895  
         63.614238902754998            1.999978104851531            0.000027326723851  
         63.735183119080247            1.999965068479872            0.000039518690638  
         63.856127335405496            1.999957592539546            0.000046098213481  
         63.977071551730752            1.999973582433027            0.000029152197465  
         64.098015768056001            1.999955923485437            0.000045852788113  
         64.218959984381243            1.999968543389378            0.000032282203479  
         64.339904200706499            1.999963237036281            0.000036603876716  
         64.460848417031755            1.999938564084779            0.000060289389510  
         64.581792633356997            1.999972848745376            0.000025014144490  
         64.702736849682253            1.999947870837932            0.000049052535208  
         64.823681066007495            1.999964526299309            0.000031507374101  
         64.944625282332751            1.999964974698195            0.000030174854967  
         65.065569498657993            1.999938117477143            0.000056192044040  
         65.186513714983249            1.999972602295388            0.000020923739460  
         65.307457931308505            1.999952279134129            0.000040555788832  
         65.428402147633747            1.999948575587155            0.000043656332568  
         65.549346363959003            1.999965704050378            0.000025960022772  
         65.670290580284245            1.999923230217913            0.000067953847481  
         65.791234796609501            1.999972675610884            0.000018126006782  
         65.912179012934743            1.999948892302702            0.000041645470790  
         66.033123229259999            1.999949360011736            0.000041015805931  
         66.154067445585255            1.999966343802070            0.000023923409106  
         66.275011661910497            1.999932682445296            0.000057584230528  
         66.395955878235753            1.999969077881565            0.000021307874476  
         66.516900094560995            1.999955174312134            0.000035446812524  
         66.637844310886251            1.999937983905074            0.000052969807622  
         66.758788527211493            1.999964986103262            0.000026347279617  
         66.879732743536749            1.999928702618464            0.000063118974625  
         67.000676959862005            1.999970805779427            0.000021611401662  
         67.121621176187247            1.999954881572604            0.000038222184001  
         67.242565392512503            1.999947592222474            0.000046260005215  
         67.363509608837745            1.999965051514409            0.000029571884212  
         67.484453825163001            1.999943936637967            0.000051538656028  
         67.605398041488243            1.999970428497011            0.000025973258858  
         67.726342257813499            1.999955769282221            0.000041599602934  
         67.847286474138755            1.999947659708762            0.000050690174249  
         67.968230690463997            1.999959737011771            0.000039572182307  
         68.089174906789253            1.999949538602145            0.000050771195628  
         68.210119123114495            1.999974918608636            0.000026412665640  
         68.331063339439751            1.999957119812138            0.000045214793514  
         68.452007555764993            1.999962419642298            0.000040872567278  
         68.572951772090249            1.999963410080877            0.000040773480121  
         68.693895988415505            1.999961099411121            0.000043971560862  
         68.814840204740747            1.999980678520439            0.000025250675808  
         68.935784421066003            1.999949905451315            0.000056805110716  
         69.056728637391245            1.999968182318839            0.000039217972647  
         69.177672853716501            1.999957934561683            0.000050052172692  
         69.298617070041743            1.999967149912790            0.000041389660988  
         69.419561286366999            1.999984934374618            0.000024085371070  
         69.540505502692255            1.999952845919569            0.000056536854929  
         69.661449719017497            1.999975951574172            0.000033673664523  
         69.782393935342753            1.999967161006962            0.000042593205527  
         69.903338151667995            1.999966188305424            0.000043648816707  
         70.024282367993251            1.999987923334281            0.000021906200884  
         70.145226584318493            1.999941139795094            0.000068545198424  
         70.266170800643749            1.999973170678687            0.000036255073913  
         70.387115016969005            1.999963929293774            0.000045137172341  
         70.508059233294247            1.999964946331646            0.000043726803912  
         70.629003449619503            1.999984804530199            0.000023384461217  
         70.749947665944745            1.999946212109955            0.000061364189950  
         70.870891882270001            1.999968281476184            0.000038598758803  
         70.991836098595243            1.999972832696102            0.000033293400272  
         71.112780314920499            1.999955011990158            0.000050350785472  
         71.233724531245755            1.999974975190369            0.000029557554071  
         71.354668747570997            1.999938232050887            0.000065370893632  
         71.475612963896253            1.999955097035577            0.000047551050664  
         71.596557180221495            1.999970524798312            0.000031162511973  
         71.717501396546751            1.999951704872224            0.000049046980516  
         71.838445612871993            1.999964131825658            0.000035649226571  
         71.959389829197249            1.999947435475272            0.000051322845798  
         72.080334045522505            1.999947278201360            0.000050497707635  
         72.201278261847747            1.999972070491117            0.000024774712288  
         72.322222478173003            1.999944874993512            0.000051095174207  
         72.443166694498245            1.999945476138925            0.000049624067371  
         72.564110910823501            1.999946135423257            0.000048094291311  
