#  GS molecular orbital populations, spin channel : 1
#          time (fs)            |   population (orb 1)       |    population (orb 2)      |           ...              |    population (orb N)      |
          0.118525331998745            1.999981591491129            0.000000001455596  
          0.239469548323995            1.999982765819509            0.000000001613913  
          0.360413764649245            1.999984109097781            0.000000016729486  
          0.481357980974495            1.999985647641472            0.000000006879897  
          0.602302197299745            1.999987331721378            0.000000006134177  
          0.723246413624995            1.999989153975567            0.000000004266200  
          0.844190629950245            1.999991095998874            0.000000000410436  
          0.965134846275495            1.999993111655125            0.000000019958781  
          1.086079062600745            1.999995172254152            0.000000069564097  
          1.207023278925995            1.999997370545541            0.000000033524149  
          1.327967495251245            1.999999585396154            0.000000009378228  
          1.448911711576495            2.000001775082407            0.000000014764369  
          1.569855927901745            2.000003963454470            0.000000001810250  
          1.690800144226995            2.000006031077389            0.000000066232841  
          1.811744360552245            2.000008006494840            0.000000156119522  
          1.932688576877495            2.000010054236030            0.000000084579371  
          2.053632793202745            2.000011988584549            0.000000016208414  
          2.174577009527995            2.000013708421205            0.000000032062492  
          2.295521225853245            2.000015319743754            0.000000007979692  
          2.416465442178495            2.000016607473178            0.000000142880832  
          2.537409658503745            2.000017703376923            0.000000290346481  
          2.658353874828995            2.000018885571586            0.000000160057726  
          2.779298091154245            2.000019868511863            0.000000027874340  
          2.900242307479495            2.000020474198294            0.000000063668879  
          3.021186523804745            2.000020944545412            0.000000020183875  
          3.142130740129995            2.000020921995739            0.000000252261477  
          3.263074956455245            2.000020671481662            0.000000493637886  
          3.384019172780495            2.000020683942047            0.000000254879149  
          3.504963389105745            2.000020452215636            0.000000047291237  
          3.625907605430995            2.000019733833585            0.000000118432707  
          3.746851821756245            2.000018967927867            0.000000037146080  
          3.867796038081495            2.000017572616327            0.000000395628795  
          3.988740254406745            2.000015976033429            0.000000776377430  
          4.109684470731995            2.000015011374887            0.000000359375794  
          4.230628687057245            2.000013763879569            0.000000074422199  
          4.351572903382495            2.000011970078265            0.000000199693322  
          4.472517119707745            2.000010325042032            0.000000057409846  
          4.593461336032996            2.000007932329007            0.000000562545469  
          4.714405552358246            2.000005397680568            0.000001126823550  
          4.835349768683495            2.000004029562063            0.000000461528619  
          4.956293985008745            2.000002313034682            0.000000101876446  
          5.077238201333995            2.000000016602829            0.000000298086523  
          5.198182417659245            1.999998129975534            0.000000081612696  
          5.319126633984495            1.999995391838569            0.000000734619337  
          5.440070850309746            1.999992576532720            0.000001501414929  
          5.561015066634996            1.999991530824984            0.000000556089016  
          5.681959282960245            1.999990051521194            0.000000121515233  
          5.802903499285495            1.999987963685109            0.000000389825982  
          5.923847715610745            1.999986539293156            0.000000108676598  
          6.044791931935995            1.999984169971524            0.000000903830763  
          6.165736148261245            1.999981801044501            0.000001844258953  
          6.286680364586495            1.999981737003854            0.000000641930864  
          6.407624580911745            1.999981153615657            0.000000134375120  
          6.528568797236995            1.999979925986721            0.000000456565523  
          6.649513013562244            1.999979543232817            0.000000131839018  
          6.770457229887494            1.999978100187651            0.000001073578724  
          6.891401446212745            1.999976746078641            0.000002136904886  
          7.012345662537995            1.999978092686208            0.000000716527603  
          7.133289878863245            1.999978806835493            0.000000147292149  
          7.254234095188495            1.999978812801260            0.000000502690287  
          7.375178311513745            1.999979747085388            0.000000146536843  
          7.496122527838994            1.999979426477801            0.000001256971513  
          7.617066744164244            1.999979266899275            0.000002408674469  
          7.738010960489495            1.999982074312772            0.000000788940126  
          7.858955176814745            1.999984065907399            0.000000168571611  
          7.979899393139995            1.999985227935970            0.000000545090601  
          8.100843609465246            1.999987309105034            0.000000157036264  
          8.221787825790495            1.999987808717976            0.000001487371934  
          8.342732042115745            1.999988532841065            0.000002707794379  
          8.463676258440994            1.999992394821100            0.000000886763292  
          8.584620474766245            1.999995189735642            0.000000207159147  
          8.705564691091494            1.999996959051369            0.000000601377289  
          8.826508907416745            1.999999576002035            0.000000175585557  
          8.947453123741996            2.000000140472644            0.000001806631749  
          9.068397340067245            2.000001024989524            0.000003094355738  
          9.189341556392495            2.000005210864470            0.000001036256305  
          9.310285772717744            2.000008039085761            0.000000269079920  
          9.431229989042995            2.000009580571414            0.000000695524340  
          9.552174205368244            2.000011916048383            0.000000216708849  
          9.673118421693495            2.000011622829653            0.000002237450189  
          9.794062638018746            2.000011792671584            0.000003643312692  
          9.915006854343995            2.000015609428189            0.000001236716166  
         10.035951070669245            2.000017718326294            0.000000360166810  
         10.156895286994494            2.000018259621544            0.000000856085715  
         10.277839503319745            2.000019665515866            0.000000285598967  
         10.398783719644994            2.000017794715377            0.000002785380697  
         10.519727935970245            2.000016596327199            0.000004395334858  
         10.640672152295496            2.000019720551555            0.000001465048069  
         10.761616368620745            2.000020676392627            0.000000487505147  
         10.882560584945995            2.000019829626794            0.000001092125915  
         11.003504801271244            2.000020091614136            0.000000375142140  
         11.124449017596495            2.000016374525691            0.000003433698998  
         11.245393233921744            2.000013639595899            0.000005307738379  
         11.366337450246995            2.000016211823693            0.000001685652657  
         11.487281666572246            2.000016029721838            0.000000642980125  
         11.608225882897495            2.000013900387181            0.000001378509982  
         11.729170099222745            2.000013262403442            0.000000473250111  
         11.850114315547994            2.000007952058632            0.000004109488392  
         11.971058531873245            2.000004004699761            0.000006261432319  
         12.092002748198494            2.000006516306414            0.000001855976589  
         12.212946964523745            2.000005610045663            0.000000789855150  
         12.333891180848996            2.000002704675876            0.000001656224870  
         12.454835397174245            2.000001712200372            0.000000569726013  
         12.575779613499495            1.999995483332226            0.000004700729475  
         12.696723829824744            1.999990992040049            0.000007088118458  
         12.817668046149995            1.999994044871491            0.000001952405757  
         12.938612262475244            1.999993068828065            0.000000885796741  
         13.059556478800495            1.999990117434912            0.000001847695033  
         13.180500695125746            1.999989403138110            0.000000653911598  
         13.301444911450995            1.999983110525610            0.000005137161838  
         13.422389127776245            1.999978908130752            0.000007639992065  
         13.543333344101494            1.999983004116575            0.000001979887142  
         13.664277560426745            1.999982646086702            0.000000921925401  
         13.785221776751994            1.999980397869562            0.000001910945912  
         13.906165993077245            1.999980519591031            0.000000710738906  
         14.027110209402496            1.999974910634375            0.000005429957037  
         14.148054425727745            1.999971737331413            0.000007906024466  
         14.268998642052996            1.999977200807618            0.000001955947700  
         14.389942858378244            1.999977958830090            0.000000923119320  
         14.510887074703495            1.999976936066463            0.000001881523960  
         14.631831291028744            1.999978240253515            0.000000737049226  
         14.752775507353995            1.999973700629801            0.000005655138551  
         14.873719723679246            1.999971915438393            0.000008028758616  
         14.994663940004495            1.999978833265829            0.000001914990991  
         15.115608156329746            1.999980825636304            0.000000929576614  
         15.236552372654995            1.999981113194508            0.000001836652414  
         15.357496588980245            1.999983581623982            0.000000750844682  
         15.478440805305494            1.999979940478966            0.000005944078171  
         15.599385021630745            1.999979384334389            0.000008198909846  
         15.720329237955996            1.999987509466802            0.000001911937526  
         15.841273454281245            1.999990388645493            0.000000986451895  
         15.962217670606496            1.999991573524893            0.000001842656494  
         16.083161886931745            1.999994752059454            0.000000782415057  
         16.204106103256994            1.999991259546112            0.000006444655774  
         16.325050319582246            1.999991310393404            0.000008582504698  
         16.445994535907495            2.000000090937344            0.000001996165028  
         16.566938752232744            2.000003132688573            0.000001127870518  
         16.687882968557997            2.000004429522855            0.000001950316877  
         16.808827184883246            2.000007566579028            0.000000867159913  
         16.929771401208495            2.000003153109848            0.000007246937773  
         17.050715617533744            2.000002929441301            0.000009316864150  
         17.171659833858996            2.000011789576870            0.000002173955042  
         17.292604050184245            2.000014163631648            0.000001370354694  
         17.413548266509494            2.000014725042504            0.000002203830248  
         17.534492482834747            2.000017119504913            0.000001027037043  
         17.655436699159996            2.000010815756862            0.000008361757842  
         17.776380915485245            2.000009542273549            0.000010455728379  
         17.897325131810494            2.000018203779506            0.000002408213917  
         18.018269348135746            2.000019296955849            0.000001719136045  
         18.139213564460995            2.000018582604731            0.000002609641367  
         18.260157780786244            2.000019899835971            0.000001253910344  
         18.381101997111497            2.000011181545065            0.000009724048858  
         18.502046213436746            2.000008549878074            0.000011885847779  
         18.622990429761995            2.000017121747237            0.000002641422997  
         18.743934646087244            2.000016751787511            0.000002145341621  
         18.864878862412496            2.000014726118774            0.000003105173895  
         18.985823078737745            2.000015075665396            0.000001517661902  
         19.106767295062994            2.000004052767288            0.000011145180967  
         19.227711511388247            2.000000301097942            0.000013342462745  
         19.348655727713496            2.000009154884226            0.000002806333974  
         19.469599944038745            2.000007610210279            0.000002555805801  
         19.590544160363994            2.000004695674828            0.000003565123661  
         19.711488376689246            2.000004502633731            0.000001780256641  
         19.832432593014495            1.999991912066119            0.000012336861424  
         19.953376809339744            1.999987672351396            0.000014491908972  
         20.074321025664997            1.999997210014543            0.000002856482661  
         20.195265241990246            1.999995137315834            0.000002831775729  
         20.316209458315495            1.999992039584916            0.000003840726809  
         20.437153674640744            1.999991840586648            0.000002000694641  
         20.558097890965996            1.999978784325469            0.000013079159109  
         20.679042107291245            1.999974892125155            0.000015062918128  
         20.799986323616494            1.999985363535267            0.000002790571106  
         20.920930539941747            1.999983545790011            0.000002920696832  
         21.041874756266996            1.999981050561904            0.000003850586485  
         21.162818972592245            1.999981356755006            0.000002139919708  
         21.283763188917494            1.999968897766850            0.000013356406353  
         21.404707405242746            1.999966148545627            0.000015030498227  
         21.525651621567995            1.999977666946202            0.000002636614352  
         21.646595837893244            1.999976755612113            0.000002865906179  
         21.767540054218497            1.999975477908565            0.000003658214678  
         21.888484270543746            1.999976683839949            0.000002193052558  
         22.009428486868995            1.999965489443356            0.000013341757493  
         22.130372703194244            1.999964334691092            0.000014660368815  
         22.251316919519496            1.999976943553659            0.000002445448049  
         22.372261135844745            1.999977223204408            0.000002769424804  
         22.493205352169994            1.999977377801034            0.000003419045560  
         22.614149568495247            1.999979613827734            0.000002203999924  
         22.735093784820496            1.999969693703820            0.000013335630908  
         22.856038001145745            1.999970088536862            0.000014324674232  
         22.976982217470994            1.999983688431931            0.000002288090549  
         23.097926433796246            1.999984932139826            0.000002754841425  
         23.218870650121495            1.999986250762287            0.000003269777928  
         23.339814866446744            1.999989244494495            0.000002236752822  
         23.460759082771997            1.999979858578968            0.000013675663813  
         23.581703299097246            1.999981326714103            0.000014321128039  
         23.702647515422495            1.999995589106947            0.000002231291932  
         23.823591731747744            1.999997089450711            0.000002925907975  
         23.944535948072996            1.999998906880323            0.000003291102222  
         24.065480164398245            2.000002008571546            0.000002360044128  
         24.186424380723494            1.999991899034731            0.000014594932261  
         24.307368597048747            1.999993693490453            0.000014842998032  
         24.428312813373996            2.000008195276674            0.000002301278507  
         24.549257029699245            2.000009012218833            0.000003331941679  
         24.670201246024494            2.000010509483775            0.000003533941492  
         24.791145462349750            2.000012970553744            0.000002631979654  
         24.912089678674999            2.000000863364528            0.000016136320565  
         25.033033895000248            2.000002236076373            0.000015965276505  
         25.153978111325497            2.000016752780906            0.000002467420378  
         25.274922327650749            2.000016069640727            0.000003970402110  
         25.395866543975998            2.000016623696847            0.000004008978154  
         25.516810760301247            2.000017961200768            0.000003060476728  
         25.637754976626500            2.000003033727401            0.000018166191576  
         25.758699192951749            2.000003595514283            0.000017548728661  
         25.879643409276998            2.000018217284627            0.000002666109632  
         26.000587625602247            2.000015639191415            0.000004774959612  
         26.121531841927499            2.000015083477411            0.000004636834267  
         26.242476058252748            2.000015246026024            0.000003595332971  
         26.363420274577997            1.999997431454140            0.000020349112217  
         26.484364490903250            1.999997301670044            0.000019225612366  
         26.605308707228499            2.000012301026036            0.000002822805011  
         26.726252923553748            2.000008000721773            0.000005572692889  
         26.847197139878997            2.000006633010193            0.000005239481693  
         26.968141356204249            2.000005920248898            0.000004151269620  
         27.089085572529498            1.999986001207295            0.000022174578751  
         27.210029788854747            1.999985675438594            0.000020510614683  
         27.330974005180000            2.000001274780411            0.000002877186676  
         27.451918221505249            1.999995944123194            0.000006130868854  
         27.572862437830498            1.999994370066674            0.000005592446668  
         27.693806654155747            1.999993245340931            0.000004623604468  
         27.814750870480999            1.999972589172332            0.000023204713310  
         27.935695086806248            1.999972759190162            0.000020987563783  
         28.056639303131497            1.999988971308842            0.000002806226961  
         28.177583519456750            1.999983567433919            0.000006312301353  
         28.298527735781999            1.999982514212016            0.000005553604394  
         28.419471952107248            1.999981481629578            0.000004911519834  
         28.540416168432497            1.999961510297606            0.000023334227254  
         28.661360384757749            1.999962866530024            0.000020568312719  
         28.782304601082998            1.999979590236049            0.000002617558856  
         28.903248817408247            1.999974987291606            0.000006157679524  
         29.024193033733500            1.999975070070638            0.000005190896582  
         29.145137250058749            1.999974607484191            0.000004990171933  
         29.266081466383998            1.999956322900240            0.000022807292450  
         29.387025682709247            1.999959274584518            0.000019592297141  
         29.507969899034499            1.999976483865938            0.000002355608403  
         29.628914115359748            1.999973176014154            0.000005839713462  
         29.749858331684997            1.999974672890118            0.000004728350797  
         29.870802548010250            1.999975078225041            0.000004945775538  
         29.991746764335499            1.999958735208717            0.000022110124566  
         30.112690980660748            1.999963275839278            0.000018584981735  
         30.233635196985997            1.999980989073968            0.000002099166615  
         30.354579413311249            1.999978887504085            0.000005595418988  
         30.475523629636498            1.999981659250402            0.000004375659133  
         30.596467845961747            1.999982852803590            0.000004906418223  
         30.717412062287000            1.999967783135485            0.000021824189284  
         30.838356278612249            1.999973599826279            0.000017958735619  
         30.959300494937498            1.999991691100883            0.000001929539868  
         31.080244711262747            1.999990094153650            0.000005648189276  
         31.201188927587999            1.999993656684347            0.000004241613407  
         31.322133143913248            1.999995106046480            0.000004992136396  
         31.443077360238497            1.999979889470009            0.000022402763311  
         31.564021576563750            1.999986512959266            0.000017935196189  
         31.684965792888999            2.000004671144768            0.000001902959141  
         31.805910009214248            2.000002501269121            0.000006121031291  
         31.926854225539497            2.000006190495574            0.000004369552334  
         32.047798441864749            2.000007087235467            0.000005316508406  
         32.168742658189998            1.999990140190870            0.000023972299355  
         32.289686874515247            1.999997046378161            0.000018606113602  
         32.410631090840496            2.000015022134538            0.000002021597778  
         32.531575307165745            2.000011244185946            0.000007006086953  
         32.652519523491002            2.000014465807997            0.000004777015914  
         32.773463739816250            2.000014120463540            0.000005933254044  
         32.894407956141499            1.999994325941912            0.000026330106496  
         33.015352172466748            2.000001147624817            0.000019876285684  
         33.136296388791997            2.000018960457572            0.000002233863765  
         33.257240605117246            2.000012962120207            0.000008182294188  
         33.378184821442495            2.000015451110332            0.000005404929360  
         33.499129037767752            2.000013596817690            0.000006781674667  
         33.620073254093001            1.999990699470836            0.000028996652159  
         33.741017470418250            1.999997411108745            0.000021385344680  
         33.861961686743498            2.000015266053975            0.000002465001920  
         33.982905903068747            2.000007098948066            0.000009386084888  
         34.103850119393996            2.000008985810878            0.000006069592309  
         34.224794335719245            2.000005787014613            0.000007715753392  
         34.345738552044502            1.999980563408626            0.000031251902625  
         34.466682768369751            1.999987405310291            0.000022590445412  
         34.587626984695000            2.000005457748433            0.000002644746705  
         34.708571201020249            1.999995867770619            0.000010253114049  
         34.829515417345497            1.999997567991455            0.000006495642306  
         34.950459633670746            1.999993453283535            0.000008540553072  
         35.071403849995995            1.999967466714518            0.000032429189420  
         35.192348066321252            1.999974829487944            0.000022957090154  
         35.313292282646501            1.999993004254234            0.000002718281807  
         35.434236498971750            1.999983146424546            0.000010536883696  
         35.555180715296999            1.999985232707392            0.000006461808056  
         35.676124931622248            1.999980768897706            0.000009044710616  
         35.797069147947497            1.999955711436392            0.000032304749685  
         35.918013364272745            1.999964056040112            0.000022272374272  
         36.038957580598002            1.999982157916835            0.000002640326177  
         36.159901796923251            1.999973139536515            0.000010256052948  
         36.280846013248500            1.999976153007914            0.000005999001582  
         36.401790229573749            1.999971981377306            0.000009131742773  
         36.522734445898998            1.999949098708477            0.000031144179508  
         36.643678662224247            1.999958713692644            0.000020854441141  
         36.764622878549496            1.999976703891112            0.000002419304708  
         36.885567094874752            1.999969232099433            0.000009633905490  
         37.006511311200001            1.999973452856993            0.000005370528192  
         37.127455527525250            1.999970098771362            0.000008926936834  
         37.248399743850499            1.999949872957596            0.000029551113278  
         37.369343960175748            1.999960728682715            0.000019306537577  
         37.490288176500997            1.999978736202206            0.000002142254082  
         37.611232392826246            1.999972886148066            0.000009013257426  
         37.732176609151502            1.999978264217125            0.000004846082004  
         37.853120825476751            1.999975866570243            0.000008661078351  
         37.974065041802000            1.999957780208835            0.000028311412744  
         38.095009258127249            1.999969695256036            0.000018106615013  
         38.215953474452498            1.999987750290674            0.000001916548069  
         38.336897690777747            1.999982862146430            0.000008761039401  
         38.457841907102996            1.999989107068258            0.000004557720314  
         38.578786123428252            1.999987268280277            0.000008533399817  
         38.699730339753501            1.999969851380091            0.000028117747655  
         38.820674556078750            1.999982683746409            0.000017467018521  
         38.941618772403999            2.000000519116347            0.000001835234916  
         39.062562988729248            1.999995398101100            0.000009117458079  
         39.183507205054497            2.000002087647459            0.000004528088640  
         39.304451421379746            1.999999945024960            0.000008725719456  
         39.425395637705002            1.999981388137726            0.000029232170785  
         39.546339854030251            1.999994973940984            0.000017467465612  
         39.667284070355500            2.000012196413010            0.000001956800470  
         39.788228286680749            2.000005610777373            0.000010088637258  
         39.909172503005998            2.000012290746883            0.000004769532351  
         40.030116719331247            2.000008897394237            0.000009370471057  
         40.151060935656496            1.999987862834308            0.000031410626227  
         40.272005151981752            2.000001964879943            0.000018094028610  
         40.392949368307001            2.000018394585454            0.000002266786863  
         40.513893584632250            2.000009545641850            0.000011491019268  
         40.634837800957499            2.000015906082636            0.000005268288162  
         40.755782017282748            2.000010701866834            0.000010422787791  
         40.876726233607997            1.999986777311178            0.000034073287384  
         40.997670449933246            2.000001245265796            0.000019101716839  
         41.118614666258502            2.000016977928104            0.000002688482715  
         41.239558882583751            2.000005792333694            0.000012982227121  
         41.360503098909000            2.000011785689413            0.000005891268236  
         41.481447315234249            2.000004760636813            0.000011674895067  
         41.602391531559498            1.999978645652518            0.000036374679954  
         41.723335747884747            1.999993418960337            0.000020024172890  
         41.844279964209996            2.000008634684014            0.000003128376843  
         41.965224180535252            1.999995869527112            0.000014080482981  
         42.086168396860501            2.000001657894562            0.000006369626384  
         42.207112613185750            1.999993214910483            0.000012843701263  
         42.328056829510999            1.999966549206513            0.000037464889151  
         42.449001045836248            1.999981607890162            0.000020314796263  
         42.569945262161497            1.999996350569120            0.000003489092385  
         42.690889478486746            1.999983314250389            0.000014419687988  
         42.811833694812002            1.999989231186863            0.000006413937832  
         42.932777911137251            1.999980030968021            0.000013596742519  
         43.053722127462500            1.999954643835710            0.000037004820202  
         43.174666343787749            1.999970126637152            0.000019622979083  
         43.295610560112998            1.999984325225928            0.000003648997043  
         43.416554776438247            1.999972292703796            0.000013994034765  
         43.537498992763496            1.999978768324223            0.000005967995552  
         43.658443209088752            1.999969664541064            0.000013698225419  
         43.779387425414001            1.999946854006052            0.000035271937460  
         43.900331641739250            1.999962944845310            0.000018127007713  
         44.021275858064499            1.999976683435020            0.000003544826308  
         44.142220074389748            1.999966486452588            0.000013065015010  
         44.263164290714997            1.999973804474155            0.000005284838466  
         44.384108507040246            1.999965615030032            0.000013249429800  
         44.505052723365502            1.999945927182076            0.000032899639817  
         44.625996939690751            1.999962614331994            0.000016400865974  
         44.746941156016000            1.999976171965119            0.000003268947667  
         44.867885372341249            1.999968019316801            0.000012030095443  
         44.988829588666498            1.999976201197022            0.000004674479866  
         45.109773804991747            1.999969333480680            0.000012593792924  
         45.230718021316996            1.999952407447961            0.000030735546153  
         45.351662237642252            1.999969611083688            0.000014934075387  
         45.472606453967501            1.999983151365694            0.000002981833351  
         45.593550670292750            1.999976482109703            0.000011359650094  
         45.714494886617999            1.999985395218370            0.000004291572742  
         45.835439102943248            1.999979624828908            0.000012043242308  
         45.956383319268497            1.999964097888628            0.000029617809816  
         46.077327535593746            1.999981923833860            0.000013909916594  
         46.198271751919002            1.999995194117860            0.000002825305258  
         46.319215968244251            1.999988782031554            0.000011419284671  
         46.440160184569500            1.999998241759368            0.000004137927226  
         46.561104400894749            1.999992705637751            0.000011852912064  
         46.682048617219998            1.999976717480141            0.000029949295351  
         46.802992833545247            1.999995334424687            0.000013363728599  
         46.923937049870496            2.000007733735188            0.000002926308831  
         47.044881266195752            2.000000223729072            0.000012259935131  
         47.165825482521001            2.000009964291334            0.000004200435978  
         47.286769698846250            2.000003473710432            0.000012249038009  
         47.407713915171499            1.999985598370442            0.000031495467465  
         47.528658131496748            2.000004935172205            0.000013338645479  
         47.649602347821997            2.000015949375312            0.000003338843283  
         47.770546564147246            2.000006429401476            0.000013648543988  
         47.891490780472502            2.000016142421353            0.000004503680859  
         48.012434996797751            2.000007791503478            0.000013239618435  
         48.133379213123000            1.999987530293270            0.000033650056695  
         48.254323429448249            2.000007356998330            0.000013744360255  
         48.375267645773498            2.000016846511387            0.000003989771696  
         48.496211862098747            2.000005136288997            0.000015200799328  
         48.617156078423996            2.000014625907006            0.000004996014693  
         48.738100294749252            2.000004172441951            0.000014569756553  
         48.859044511074501            1.999982068132825            0.000035587270066  
         48.979988727399750            2.000002107549407            0.000014278338352  
         49.100932943724999            2.000010242562089            0.000004740796182  
         49.221877160050248            1.999997027953365            0.000016380478509  
         49.342821376375497            2.000006222663248            0.000005474312193  
         49.463765592700746            1.999994011251134            0.000015890711155  
         49.584709809026002            1.999971593129792            0.000036394077133  
         49.705654025351251            1.999991485313465            0.000014508588532  
         49.826598241676500            1.999998524634016            0.000005443169788  
         49.947542458001749            1.999985163823833            0.000016710797454  
         50.068486674326998            1.999994131161513            0.000005634841018  
         50.189430890652247            1.999980876125830            0.000016809482287  
         50.310375106977496            1.999959984999274            0.000035614974501  
         50.431319323302752            1.999979528770163            0.000014034505527  
         50.552263539628001            1.999985708554835            0.000005899996488  
         50.673207755953250            1.999973563726059            0.000016139563968  
         50.794151972278499            1.999982594306971            0.000005314569617  
         50.915096188603748            1.999969300751222            0.000016952308256  
         51.036040404928997            1.999951177719399            0.000033523818080  
         51.156984621254246            1.999970477075884            0.000012836574460  
         51.277928837579502            1.999976162257396            0.000005943239157  
         51.398873053904751            1.999966068486998            0.000014973600141  
         51.519817270230000            1.999975492028753            0.000004692653984  
         51.640761486555249            1.999963250230486            0.000016292787921  
         51.761705702880498            1.999948324514418            0.000030752800292  
         51.882649919205747            1.999967496053228            0.000011345191278  
         52.003594135530996            1.999973196554059            0.000005637189799  
         52.124538351856252            1.999965387203115            0.000013624800155  
         52.245482568181501            1.999975336834229            0.000004089088335  
         52.366426784506750            1.999964853709270            0.000015215410606  
         52.487371000831999            1.999952829221313            0.000028062501780  
         52.608315217157248            1.999971925046972            0.000010007073315  
         52.729259433482497            1.999977963663384            0.000005212484006  
         52.850203649807746            1.999971994175032            0.000012575290910  
         52.971147866133002            1.999982459309615            0.000003684396829  
         53.092092082458251            1.999973734149660            0.000014148834253  
         53.213036298783500            1.999963471829006            0.000026254189927  
         53.333980515108749            1.999982710072409            0.000008982675547  
         53.454924731433998            1.999988883335036            0.000004880977313  
         53.575868947759247            1.999983615022275            0.000012260859377  
         53.696813164084496            1.999994566339985            0.000003475993929  
         53.817757380409752            1.999986831501143            0.000013417536686  
         53.938701596735001            1.999976630188495            0.000025797627922  
         54.059645813060250            1.999996328118216            0.000008258419172  
         54.180590029385499            2.000001877184087            0.000004836391310  
         54.301534245710748            1.999995945538293            0.000012795361964  
         54.422478462035997            2.000007260844194            0.000003416052487  
         54.543422678361246            1.999999198236635            0.000013321615056  
         54.664366894686502            1.999987687022069            0.000026516502592  
         54.785311111011751            2.000007861309039            0.000007874608756  
         54.906255327337000            2.000011900077953            0.000005221915568  
         55.027199543662249            2.000004368482747            0.000013931114346  
         55.148143759987498            2.000015747443769            0.000003535570097  
         55.269087976312747            2.000006139967260            0.000013949132529  
         55.390032192637996            1.999992807969457            0.000027853040230  
         55.510976408963252            2.000013160613567            0.000007856723701  
         55.631920625288501            2.000015189945699            0.000005990498025  
         55.752864841613750            2.000005813095488            0.000015286167334  
         55.873809057938999            2.000016945720591            0.000003856087866  
         55.994753274264248            2.000005283044627            0.000015036423317  
         56.115697490589497            1.999990471234685            0.000029136109790  
         56.236641706914746            2.000010628431957            0.000008071103364  
         56.357585923240002            2.000010680610476            0.000006947824937  
         56.478530139565251            1.999999987860613            0.000016367113009  
         56.599474355890500            2.000010656650662            0.000004266441556  
         56.720418572215749            1.999997172750221            0.000016195760493  
         56.841362788540998            1.999982082869823            0.000029574443249  
         56.962307004866247            2.000001586599245            0.000008251875768  
         57.083251221191496            2.000000053190690            0.000007890014446  
         57.204195437516752            1.999989290919653            0.000016651695875  
         57.325139653842001            1.999999381095936            0.000004512765610  
         57.446083870167250            1.999984770210780            0.000017055771156  
         57.567028086492499            1.999971068607464            0.000028644966907  
         57.687972302817748            1.999989552459145            0.000008063618282  
         57.808916519142997            1.999986971093606            0.000008583180109  
         57.929860735468246            1.999977509619137            0.000015997040290  
         58.050804951793502            1.999987174671118            0.000004362952644  
         58.171749168118751            1.999972445204274            0.000017217180577  
         58.292693384444000            1.999961321904754            0.000026538569752  
         58.413637600769249            1.999978845408203            0.000007349273708  
         58.534581817094498            1.999975904961728            0.000008765643935  
         58.655526033419747            1.999968546465299            0.000014722954497  
         58.776470249744996            1.999978175305813            0.000003878978313  
         58.897414466070252            1.999964530381948            0.000016493566221  
         59.018358682395501            1.999956297866503            0.000023859221601  
         59.139302898720750            1.999973166101041            0.000006344584436  
         59.260247115045999            1.999970660385504            0.000008413838438  
         59.381191331371248            1.999965572537764            0.000013251946861  
         59.502135547696497            1.999975467845136            0.000003346079950  
         59.623079764021746            1.999963850693600            0.000015174933849  
         59.744023980347002            1.999958210244845            0.000021219923864  
         59.864968196672251            1.999974664845237            0.000005405301816  
         59.985912412997500            1.999973128192246            0.000007793055134  
         60.106856629322749            1.999969946620806            0.000012002554628  
         60.227800845647998            1.999980222889333            0.000002966434497  
         60.348745061973247            1.999970878054380            0.000013735486910  
         60.469689278298496            1.999966952592587            0.000019227145975  
         60.590633494623752            1.999983232610616            0.000004680335249  
         60.711577710949001            1.999982587718910            0.000007193579754  
         60.832521927274250            1.999980351890699            0.000011385341879  
         60.953466143599499            1.999991045312600            0.000002754301817  
         61.074410359924748            1.999983396033954            0.000012541359543  
         61.195354576249997            1.999979801996117            0.000018295239898  
         61.316298792575246            1.999996156822795            0.000004134735475  
         61.437243008900502            1.999995628159906            0.000006862923270  
         61.558187225225751            1.999993079936246            0.000011560263604  
         61.679131441551000            2.000004110852903            0.000002639513047  
         61.800075657876249            1.999996885004299            0.000011913740519  
         61.921019874201498            1.999992405528690            0.000018323452112  
         62.041964090526747            2.000008790324026            0.000003762109676  
         62.162908306851996            2.000007228326664            0.000007024315546  
         62.283852523177252            2.000003468246014            0.000012307604752  
         62.404796739502501            2.000014509237085            0.000002629079298  
         62.525740955827750            2.000006320736721            0.000012012501814  
         62.646685172152999            2.000000453067913            0.000018857929031  
         62.767629388478248            2.000016468614444            0.000003624135896  
         62.888573604803497            2.000012991079775            0.000007687826615  
         63.009517821128746            2.000007745810313            0.000013279945283  
         63.130462037454002            2.000018379549201            0.000002782769269  
         63.251406253779251            2.000008474616549            0.000012622739026  
         63.372350470104500            2.000001361368343            0.000019432183215  
         63.493294686429749            2.000016577853699            0.000003708478129  
         63.614238902754998            2.000010966459892            0.000008622246460  
         63.735183119080247            2.000004570580389            0.000014099877706  
         63.856127335405496            2.000014504058732            0.000003070850896  
         63.977071551730752            2.000002957689892            0.000013361477804  
         64.098015768056001            1.999995361740786            0.000019517707621  
         64.218959984381243            2.000009416679424            0.000003887375147  
         64.339904200706499            2.000002037323114            0.000009572297206  
         64.460848417031755            1.999995466869346            0.000014312061882  
         64.581792633356997            2.000004541726044            0.000003324073325  
         64.702736849682253            1.999991963560649            0.000013922442674  
         64.823681066007495            1.999985168865897            0.000018658698872  
         64.944625282332751            1.999997815947947            0.000003930437454  
         65.065569498657993            1.999989338425057            0.000010315522517  
         65.186513714983249            1.999983854718606            0.000013688688729  
         65.307457931308505            1.999992161191625            0.000003311633587  
         65.428402147633747            1.999979439122332            0.000014010296355  
         65.549346363959003            1.999974557655271            0.000016911761037  
         65.670290580284245            1.999985944446344            0.000003645105275  
         65.791234796609501            1.999977237168904            0.000010573598583  
         65.912179012934743            1.999973652616764            0.000012479177142  
         66.033123229259999            1.999981620773746            0.000002986900543  
         66.154067445585255            1.999969857092913            0.000013376333916  
         66.275011661910497            1.999967239968593            0.000014767387045  
         66.395955878235753            1.999977862580850            0.000003116915679  
         66.516900094560995            1.999969925970211            0.000010211971596  
         66.637844310886251            1.999968380346290            0.000011099126686  
         66.758788527211493            1.999976492580052            0.000002555985535  
         66.879732743536749            1.999966695525518            0.000012131315137  
         67.000676959862005            1.999966118339679            0.000012688110946  
         67.121621176187247            1.999976423149119            0.000002600655121  
         67.242565392512503            1.999970010460722            0.000009443404792  
         67.363509608837745            1.999970198086556            0.000009885189441  
         67.484453825163001            1.999978719152498            0.000002221362113  
         67.605398041488243            1.999971327541845            0.000010667555027  
         67.726342257813499            1.999972187976916            0.000011038461420  
         67.847286474138755            1.999982416915377            0.000002237451266  
         67.968230690463997            1.999977646992867            0.000008596798668  
         68.089174906789253            1.999978819079713            0.000009148014245  
         68.210119123114495            1.999987813849607            0.000002023072714  
         68.331063339439751            1.999982487049043            0.000009328634788  
         68.452007555764993            1.999983784381214            0.000010084695238  
         68.572951772090249            1.999993998083972            0.000002005964675  
         68.693895988415505            1.999990236535870            0.000007946140918  
         68.814840204740747            1.999991317816652            0.000009048376534  
         68.935784421066003            2.000000666545476            0.000001892446238  
         69.056728637391245            1.999996333642477            0.000008392035129  
         69.177672853716501            1.999997043259602            0.000009782030588  
         69.298617070041743            2.000007008462916            0.000001853937166  
         69.419561286366999            2.000003053087639            0.000007753304329  
         69.540505502692255            2.000003194124291            0.000009422979479  
         69.661449719017497            2.000012496923302            0.000001805461567  
         69.782393935342753            2.000007798939505            0.000008039457778  
         69.903338151667995            2.000007376579988            0.000009811689969  
         70.024282367993251            2.000016556543878            0.000001808672446  
         70.145226584318493            2.000011252003698            0.000008101051921  
         70.266170800643749            2.000010143147172            0.000009977149381  
         70.387115016969005            2.000018864460793            0.000001822350831  
         70.508059233294247            2.000012897155241            0.000008146724366  
         70.629003449619503            2.000011283446725            0.000009882974805  
         70.749947665944745            2.000019167288347            0.000001913981981  
         70.870891882270001            2.000012014022356            0.000008772417529  
         70.991836098595243            2.000009803099987            0.000010460892998  
         71.112780314920499            2.000017582874161            0.000001964390735  
         71.233724531245755            2.000010238398597            0.000008400956114  
         71.354668747570997            2.000007795625839            0.000009733851575  
         71.475612963896253            2.000014125178879            0.000002131398716  
         71.596557180221495            2.000005340745726            0.000009486464258  
         71.717501396546751            2.000002668457243            0.000010568691455  
         71.838445612871993            2.000009383319894            0.000002145801726  
         71.959389829197249            2.000001135068775            0.000008575876271  
         72.080334045522505            1.999998692829078            0.000009091524531  
         72.201278261847747            2.000003484290928            0.000002310338725  
         72.322222478173003            1.999993691246178            0.000010058257684  
         72.443166694498245            1.999991591100134            0.000010064333486  
         72.564110910823501            1.999997362372953            0.000002195697414  
