#             time (fs)      |   total net charge (e)  |   charge (atom_1) (e)   |   charge (atom_2) (e)   |        ...        |   charge (atom_N) (e)   |
          0.000000000000000       -0.000000000000000       -0.000000000000000        0.000000000000000
          0.120944216325250        0.000000007120127       -0.053022347176491        0.053022354296618
          0.241888432650500       -0.000000017947425       -0.092665477925931        0.092665459978505
          0.362832648975750        0.000000003369854       -0.116273811177823        0.116273814547677
          0.483776865301000       -0.000000031105615       -0.100108309622150        0.100108278516536
          0.604721081626250       -0.000000014705912       -0.083648018311153        0.083648003605241
          0.725665297951500       -0.000000027466449       -0.016103533346803        0.016103505880354
          0.846609514276750       -0.000000024785509        0.012503086634076       -0.012503111419584
          0.967553730602000       -0.000000025631930        0.088359189739245       -0.088359215371175
          1.088497946927250       -0.000000029080238        0.087050704238651       -0.087050733318890
          1.209442163252500       -0.000000033983848        0.123957355156491       -0.123957389140339
          1.330386379577750       -0.000000032800635        0.078222264045484       -0.078222296846119
          1.451330595903000       -0.000000034843559        0.059749439519651       -0.059749474363210
          1.572274812228250       -0.000000034454396       -0.003208352034842        0.003208317580446
          1.693219028553500       -0.000000035141236       -0.052685690526159        0.052685655384924
          1.814163244878750       -0.000000031678373       -0.083690300557170        0.083690268878796
          1.935107461204000       -0.000000035963224       -0.120593529564313        0.120593493601089
          2.056051677529250       -0.000000025770344       -0.089753030677766        0.089753004907422
          2.176995893854500       -0.000000027773761       -0.089626482364607        0.089626454590846
          2.297940110179750       -0.000000022855702       -0.011245050450627        0.011245027594925
          2.418884326505000       -0.000000026151374        0.012158835613446       -0.012158861764820
          2.539828542830250       -0.000000016141358        0.089065783184700       -0.089065799326057
          2.660772759155500       -0.000000027308889        0.095624695001240       -0.095624722310129
          2.781716975480750        0.000000001823896        0.124556701873528       -0.124556700049633
          2.902661191806000       -0.000000014071969        0.087885247879453       -0.087885261951422
          3.023605408131250        0.000000007397944        0.061589246024412       -0.061589238626468
          3.144549624456500        0.000000003510332       -0.006474484865785        0.006474488376117
          3.265493840781750       -0.000000005942038       -0.050380463086173        0.050380457144134
          3.386438057107000        0.000000021904947       -0.106127335723993        0.106127357628940
          3.507382273432250       -0.000000001925106       -0.114845873485460        0.114845871560354
          3.628326489757500        0.000000038472037       -0.122810486243543        0.122810524715580
          3.749270706082750        0.000000021828923       -0.073400955158320        0.073400976987243
          3.870214922408000        0.000000032714463       -0.040005783722315        0.040005816436778
          3.991159138733250        0.000000037031843        0.043384368793880       -0.043384331762037
          4.112103355058500        0.000000027677842        0.072008251054923       -0.072008223377080
          4.233047571383750        0.000000042986726        0.135077846124102       -0.135077803137376
          4.353991787709000        0.000000047659750        0.113707411614343       -0.113707363954593
          4.474936004034250        0.000000047250869        0.120740773933436       -0.120740726682566
          4.595880220359500        0.000000059054660        0.047749208277852       -0.047749149223192
          4.716824436684750        0.000000053165068        0.007947530712524       -0.007947477547456
          4.837768653010000        0.000000051266755       -0.068373244997222        0.068373296263977
          4.958712869335250        0.000000061808853       -0.109529943428234        0.109530005237086
          5.079657085660500        0.000000054567470       -0.128437982933092        0.128438037500562
          5.200601301985750        0.000000062729746       -0.132437960911656        0.132438023641402
          5.321545518311000        0.000000061092299       -0.075747445928204        0.075747507020503
          5.442489734636251        0.000000060644224       -0.044223187787799        0.044223248432024
          5.563433950961501        0.000000060138443        0.048739532558378       -0.048739472419936
          5.684378167286750        0.000000060536613        0.077185211423126       -0.077185150886513
          5.805322383612000        0.000000062767698        0.136542068436083       -0.136542005668385
          5.926266599937250        0.000000049162357        0.124774305742783       -0.124774256580426
          6.047210816262500        0.000000060040715        0.111314989595421       -0.111314929554706
          6.168155032587750        0.000000044888764        0.060865120175038       -0.060865075286274
          6.289099248913001        0.000000048690025       -0.007994871610177        0.007994920300202
          6.410043465238251        0.000000056794692       -0.054849678290253        0.054849735084945
          6.530987681563500        0.000000037288408       -0.120789620139313        0.120789657427721
          6.651931897888750        0.000000047884517       -0.116159906567629        0.116159954452145
          6.772876114214000        0.000000029150216       -0.134192475726355        0.134192504876571
          6.893820330539250        0.000000025357773       -0.068322277745615        0.068322303103388
          7.014764546864500        0.000000028527737       -0.042696095546353        0.042696124074090
          7.135708763189751        0.000000022864018        0.048266470415142       -0.048266447551123
          7.256652979515001        0.000000021972530        0.071326967287369       -0.071326945314839
          7.377597195840250        0.000000021293896        0.132237073266852       -0.132237051972957
          7.498541412165500        0.000000000807996        0.108145785809599       -0.108145785001604
          7.619485628490750        0.000000006456123        0.114029207462656       -0.114029201006534
          7.740429844816000       -0.000000008119647        0.039119189411091       -0.039119197530738
          7.861374061141250       -0.000000001045612        0.011912353758042       -0.011912354803654
          7.982318277466501       -0.000000006116391       -0.074485987057938        0.074485980941547
          8.103262493791750       -0.000000006323401       -0.084802245856216        0.084802239532815
          8.224206710117000       -0.000000018487170       -0.133296741306743        0.133296722819573
          8.345150926442249       -0.000000016528259       -0.095339796762230        0.095339780233971
          8.466095142767500       -0.000000027914787       -0.087290987355607        0.087290959440820
          8.587039359092751       -0.000000024403854       -0.015947177585681        0.015947153181827
          8.707983575418000       -0.000000023006598        0.026633730912016       -0.026633753918614
          8.828927791743251       -0.000000030991827        0.080069671719138       -0.080069702710965
          8.949872008068500       -0.000000025014757        0.114765284869108       -0.114765309883865
          9.070816224393750       -0.000000032328867        0.105319036887641       -0.105319069216508
          9.191760440718999       -0.000000030334136        0.106796455406863       -0.106796485740999
          9.312704657044250       -0.000000029606136        0.035578046018639       -0.035578075624776
          9.433648873369501       -0.000000030230046        0.012099394957354       -0.012099425187400
          9.554593089694750       -0.000000028026358       -0.072706158958084        0.072706130931727
          9.675537306020001       -0.000000033181033       -0.086775288258711        0.086775255077678
          9.796481522345250       -0.000000017761342       -0.126658640754229        0.126658622992886
          9.917425738670500       -0.000000030371663       -0.104862805838629        0.104862775466966
         10.038369954995749       -0.000000008817684       -0.077717101158263        0.077717092340578
         10.159314171321000       -0.000000018648704       -0.027121376672495        0.027121358023791
         10.280258387646251       -0.000000018817488        0.038357748273872       -0.038357767091360
         10.401202603971500       -0.000000005316269        0.077671928619272       -0.077671933935541
         10.522146820296751       -0.000000022229024        0.126244424741912       -0.126244446970936
         10.643091036622000        0.000000012807736        0.113621541072836       -0.113621528265100
         10.764035252947250       -0.000000006366138        0.112022499733433       -0.112022506099571
         10.884979469272501        0.000000017480822        0.044417588809214       -0.044417571328392
         11.005923685597750        0.000000006869711        0.005724606353277       -0.005724599483566
         11.126867901923001        0.000000002903547       -0.075022731986642        0.075022734890189
         11.247812118248250        0.000000023987856       -0.101957969523070        0.101957993510926
         11.368756334573501        0.000000002870514       -0.139677366363468        0.139677369233982
         11.489700550898750        0.000000044525895       -0.117167916448149        0.117167960974044
         11.610644767224001        0.000000020388668       -0.088996741840572        0.088996762229240
         11.731588983549251        0.000000036085856       -0.026607367973553        0.026607404059409
         11.852533199874500        0.000000036333844        0.041229890520091       -0.041229854186247
         11.973477416199751        0.000000021530715        0.089858522880732       -0.089858501350017
         12.094421632525000        0.000000046884315        0.141145182441350       -0.141145135557035
         12.215365848850251        0.000000035732375        0.125658104802152       -0.125658069069778
         12.336310065175500        0.000000046996597        0.125939397098502       -0.125939350101905
         12.457254281500751        0.000000048840297        0.045510828818137       -0.045510779977840
         12.578198497826001        0.000000044631522        0.007226071182357       -0.007226026550835
         12.699142714151250        0.000000044443477       -0.083463056638969        0.083463101082446
         12.820086930476501        0.000000049493413       -0.113360757322030        0.113360806815442
         12.941031146801750        0.000000046395499       -0.145273485947630        0.145273532343128
         13.061975363127001        0.000000048043601       -0.132709677836841        0.132709725880442
         13.182919579452250        0.000000048872156       -0.083038703423953        0.083038752296109
         13.303863795777501        0.000000047097558       -0.037897180728720        0.037897227826278
         13.424808012102751        0.000000046045587        0.054755275533380       -0.054755229487793
         13.545752228428000        0.000000050168085        0.085589820875307       -0.085589770707223
         13.666696444753251        0.000000047615433        0.149395861715491       -0.149395814100058
         13.787640661078500        0.000000035853149        0.126952527965614       -0.126952492112465
         13.908584877403751        0.000000046341180        0.121654246317006       -0.121654199975826
         14.029529093729000        0.000000029672559        0.052159672258528       -0.052159642585969
         14.150473310054251        0.000000037834756       -0.004901711793488        0.004901749628243
         14.271417526379501        0.000000048570638       -0.070985816316819        0.070985864887457
         14.392361742704750        0.000000021876847       -0.121900140094660        0.121900161971507
         14.513305959030001        0.000000048271110       -0.130618431167533        0.130618479438643
         14.634250175355250        0.000000010049712       -0.132930163567856        0.132930173617568
         14.755194391680501        0.000000027263695       -0.074014134757255        0.074014162020949
         14.876138608005750        0.000000021009633       -0.035670369814346        0.035670390823979
         14.997082824331001        0.000000017055378        0.051680233044846       -0.051680215989467
         15.118027040656251        0.000000033549501        0.081472027742046       -0.081471994192545
         15.238971256981500        0.000000006323217        0.137758549282179       -0.137758542958962
         15.359915473306751        0.000000021498200        0.116123333486687       -0.116123311988487
         15.480859689632000       -0.000000002772354        0.113337945806877       -0.113337948579231
         15.601803905957251        0.000000007810653        0.042296997294885       -0.042296989484232
         15.722748122282500        0.000000008843663        0.000957075010305       -0.000957066166642
         15.843692338607751       -0.000000000667111       -0.072810676667175        0.072810676000064
         15.964636554933001        0.000000017207699       -0.104062408970186        0.104062426177885
         16.085580771258250       -0.000000011751520       -0.125467471839204        0.125467460087684
         16.206524987583499        0.000000006338015       -0.117036657514799        0.117036663852814
         16.327469203908752       -0.000000009777460       -0.068856367366052        0.068856357588591
         16.448413420234001       -0.000000002332795       -0.033032257632615        0.033032255299820
         16.569357636559250       -0.000000002882660        0.051457156864073       -0.051457159746733
         16.690301852884499       -0.000000003880079        0.072239473175369       -0.072239477055448
         16.811246069209751       -0.000000004313323        0.133663457228888       -0.133663461542211
         16.932190285535000       -0.000000005284890        0.107235932512928       -0.107235937797818
         17.053134501860249       -0.000000001667788        0.108008423529056       -0.108008425196844
         17.174078718185502       -0.000000004667448        0.043426348131707       -0.043426352799155
         17.295022934510751       -0.000000004109177       -0.006014622669343        0.006014618560167
         17.415967150836000       -0.000000000258154       -0.063560550657010        0.063560550398856
         17.536911367161249       -0.000000012151402       -0.114386425059704        0.114386412908302
         17.657855583486501        0.000000008758987       -0.116750542829704        0.116750551588691
         17.778799799811750       -0.000000005424946       -0.127889220105321        0.127889214680376
         17.899744016136999        0.000000012033120       -0.064720041078034        0.064720053111154
         18.020688232462252        0.000000001000373       -0.036956804825872        0.036956805826245
         18.141632448787501        0.000000002683270        0.055379761893094       -0.055379759209824
         18.262576665112750       -0.000000000872080        0.078946298157990       -0.078946299030070
         18.383520881437999        0.000000003250066        0.142559984542815       -0.142559981292749
         18.504465097763251        0.000000009974410        0.116351954282501       -0.116351944308090
         18.625409314088500        0.000000011510497        0.120909874561624       -0.120909863051127
         18.746353530413749        0.000000017414912        0.039635428522064       -0.039635411107152
         18.867297746739002        0.000000005550384        0.004877829181792       -0.004877823631408
         18.988241963064251        0.000000005862782       -0.088377991455997        0.088377997318779
         19.109186179389500        0.000000010664819       -0.107108353037755        0.107108363702574
         19.230130395714749        0.000000001469328       -0.154003384200075        0.154003385669403
         19.351074612040001        0.000000028870743       -0.117704447603370        0.117704476474112
         19.472018828365250        0.000000007291447       -0.096046943531304        0.096046950822751
         19.592963044690499        0.000000018140065       -0.017868549323285        0.017868567463350
         19.713907261015752        0.000000014802734        0.043628189756410       -0.043628174953676
         19.834851477341001       -0.000000001037683        0.103519137442297       -0.103519138479980
         19.955795693666250        0.000000021773965        0.146967132564866       -0.146967110790901
         20.076739909991499        0.000000007197886        0.134824709935867       -0.134824702737981
         20.197684126316751        0.000000017597417        0.127537009693443       -0.127536992096026
         20.318628342642000        0.000000015626174        0.044176544968708       -0.044176529342535
         20.439572558967249        0.000000012007491        0.002145233058159       -0.002145221050668
         20.560516775292502        0.000000011671544       -0.092880615042858        0.092880626714402
         20.681460991617751        0.000000013416346       -0.120100212576736        0.120100225993082
         20.802405207943000        0.000000014296068       -0.154094346840405        0.154094361136473
         20.923349424268253        0.000000009118168       -0.134227740813984        0.134227749932153
         21.044293640593501        0.000000014611151       -0.084605420566926        0.084605435178078
         21.165237856918750        0.000000012486849       -0.032171276271838        0.032171288758687
         21.286182073243999        0.000000012122725        0.060375454696210       -0.060375442573485
         21.407126289569252        0.000000021221863        0.093381477910008       -0.093381456688145
         21.528070505894501        0.000000016219907        0.156124683343964       -0.156124667124057
         21.649014722219750        0.000000007961136        0.129358793670963       -0.129358785709828
         21.769958938545003        0.000000019424971        0.124319446999616       -0.124319427574645
         21.890903154870252        0.000000005660623        0.046046894250556       -0.046046888589933
         22.011847371195501        0.000000018454072       -0.006242832304150        0.006242850758222
         22.132791587520749        0.000000032901521       -0.082014042950495        0.082014075852016
         22.253735803846002        0.000000006903023       -0.122289224456114        0.122289231359136
         22.374680020171251        0.000000041426534       -0.139960998781167        0.139961040207701
         22.495624236496500       -0.000000000997759       -0.127803155092283        0.127803154094525
         22.616568452821753        0.000000028681549       -0.078351706639931        0.078351735321480
         22.737512669147002        0.000000021220562       -0.024785088346061        0.024785109566622
         22.858456885472251        0.000000022276009        0.050134265483809       -0.050134243207800
         22.979401101797500        0.000000048431580        0.094125091206877       -0.094125042775297
         23.100345318122752        0.000000013468446        0.133277508963880       -0.133277495495434
         23.221289534448001        0.000000046078016        0.126805180883968       -0.126805134805952
         23.342233750773250        0.000000014145632        0.101927439740337       -0.101927425594705
         23.463177967098503        0.000000036545390        0.050606820309063       -0.050606783763673
         23.584122183423752        0.000000036625596       -0.016518079866388        0.016518116491984
         23.705066399749001        0.000000033189068       -0.064227731581754        0.064227764770821
         23.826010616074250        0.000000047906811       -0.122122243863799        0.122122291770610
         23.946954832399502        0.000000032020984       -0.114715566827675        0.114715598848658
         24.067899048724751        0.000000040661554       -0.128606933343766        0.128606974005320
         24.188843265050000        0.000000037204163       -0.058452939635218        0.058452976839381
         24.309787481375253        0.000000040584898       -0.033260104910868        0.033260145495766
         24.430731697700502        0.000000040492412        0.055805554372279       -0.055805513879866
         24.551675914025751        0.000000040953754        0.082693948359838       -0.082693907406084
         24.672620130351000        0.000000042407087        0.127258447534965       -0.127258405127878
         24.793564346676252        0.000000036695844        0.122467888016951       -0.122467851321107
         24.914508563001501        0.000000046296923        0.092069903278130       -0.092069856981208
         25.035452779326750        0.000000037127882        0.055902749171147       -0.055902712043265
         25.156396995652003        0.000000037520785       -0.024855427646415        0.024855465167200
         25.277341211977252        0.000000034732905       -0.057021062741463        0.057021097474368
         25.398285428302501        0.000000029388011       -0.128185771723589        0.128185801111600
         25.519229644627750        0.000000032140896       -0.113887151726451        0.113887183867347
         25.640173860953002        0.000000034302491       -0.131914246537220        0.131914280839710
         25.761118077278251        0.000000030519271       -0.061803963580637        0.061803994099909
         25.882062293603500        0.000000023248389       -0.032305263565043        0.032305286813431
         26.003006509928753        0.000000022511855        0.059219590605505       -0.059219568093650
         26.123950726254002        0.000000001615600        0.086395582882375       -0.086395581266775
         26.244894942579251        0.000000020957298        0.144259054612870       -0.144259033655572
         26.365839158904500        0.000000001954307        0.120219513653055       -0.120219511698748
         26.486783375229752        0.000000015880215        0.118069200825690       -0.118069184945475
         26.607727591555001        0.000000005344337        0.037305462945857       -0.037305457601520
         26.728671807880250       -0.000000009003149       -0.000786429050552        0.000786420047403
         26.849616024205503       -0.000000009039208       -0.093943673936907        0.093943664897699
         26.970560240530752       -0.000000016773344       -0.110479081573311        0.110479064799966
         27.091504456856001       -0.000000021122518       -0.157299406412417        0.157299385289899
         27.212448673181250       -0.000000006742207       -0.115226366281657        0.115226359539449
         27.333392889506502       -0.000000027345647       -0.094656528669190        0.094656501323543
         27.454337105831751       -0.000000022953296       -0.010990964191018        0.010990941237722
         27.575281322157000       -0.000000028877559        0.047127000601174       -0.047127029478732
         27.696225538482253       -0.000000044783118        0.108990906408986       -0.108990951192104
         27.817169754807502       -0.000000028476862        0.147681721997399       -0.147681750474261
         27.938113971132751       -0.000000041962602        0.134540927203832       -0.134540969166434
         28.059058187458000       -0.000000036466810        0.123707425928405       -0.123707462395215
         28.180002403783252       -0.000000039165124        0.039226432986926       -0.039226472152050
         28.300946620108501       -0.000000041508760       -0.003052191930137        0.003052150421378
         28.421890836433750       -0.000000041404310       -0.096962913787441        0.096962872383132
         28.542835052759003       -0.000000041571953       -0.121295924522265        0.121295882950313
         28.663779269084252       -0.000000035707911       -0.153146644601713        0.153146608893802
         28.784723485409501       -0.000000045704167       -0.129771751936766        0.129771706232600
         28.905667701734750       -0.000000034243492       -0.079816923562570        0.079816889319078
         29.026611918060002       -0.000000034293850       -0.025877998192243        0.025877963898393
         29.147556134385251       -0.000000032415754        0.063783932006616       -0.063783964422370
         29.268500350710500       -0.000000016922650        0.095233310323035       -0.095233327245684
         29.389444567035753       -0.000000022046803        0.154555294213057       -0.154555316259860
         29.510388783361002       -0.000000023241801        0.124397059116909       -0.124397082358710
         29.631332999686251       -0.000000010003525        0.119818402946410       -0.119818412949936
         29.752277216011500       -0.000000016614519        0.037579544712519       -0.037579561327038
         29.873221432336752        0.000000001646639       -0.007545756286516        0.007545757933155
         29.994165648662001        0.000000019585019       -0.088163291424244        0.088163311009263
         30.115109864987250        0.000000001498357       -0.115794174825507        0.115794176323864
         30.236054081312503        0.000000039010675       -0.141704673218346        0.141704712229022
         30.356998297637752        0.000000003852705       -0.114858503471470        0.114858507324175
         30.477942513963001        0.000000040233789       -0.079382066460833        0.079382106694622
         30.598886730288250        0.000000036667317       -0.011004682444596        0.011004719111913
         30.719830946613502        0.000000045468418        0.043668954637375       -0.043668909168957
         30.840775162938751        0.000000073053120        0.103772964337725       -0.103772891284605
         30.961719379264000        0.000000047935291        0.118911993510426       -0.118911945575134
         31.082663595589253        0.000000079670252        0.132573655518111       -0.132573575847859
         31.203607811914502        0.000000060204939        0.083506258728650       -0.083506198523711
         31.324552028239751        0.000000081348642        0.056250359290737       -0.056250277942095
         31.445496244565000        0.000000084282418       -0.031122843096898        0.031122927379316
         31.566440460890252        0.000000091607073       -0.056460965430020        0.056461057037093
         31.687384677215501        0.000000093539093       -0.125867403827460        0.125867497366553
         31.808328893540750        0.000000098276696       -0.108480820637883        0.108480918914579
         31.929273109866003        0.000000094940027       -0.119603546543402        0.119603641483430
         32.050217326191252        0.000000100189711       -0.060195929154887        0.060196029344598
         32.171161542516501        0.000000100627955       -0.016278211272781        0.016278311900736
         32.292105758841750        0.000000100687535        0.043167468092602       -0.043167367405068
         32.413049975166999        0.000000097415124        0.099226040470003       -0.099225943054879
         32.533994191492248        0.000000100854701        0.107928280379254       -0.107928179524553
         32.654938407817504        0.000000093170832        0.132013637259685       -0.132013544088853
         32.775882624142753        0.000000096489800        0.075099993352526       -0.075099896862726
         32.896826840468002        0.000000088208012        0.057620605428697       -0.057620517220684
         33.017771056793251        0.000000083767141       -0.032007120789574        0.032007204556715
         33.138715273118500        0.000000067577739       -0.058948800976319        0.058948868554059
         33.259659489443749        0.000000076236670       -0.123366456210118        0.123366532446788
         33.380603705768998        0.000000049660090       -0.115968314852763        0.115968364512853
         33.501547922094254        0.000000070680986       -0.118996940227851        0.118997010908837
         33.622492138419503        0.000000041873502       -0.064123144089397        0.064123185962898
         33.743436354744752        0.000000037831351       -0.018692527949547        0.018692565780898
         33.864380571070001        0.000000030870304        0.053715241691584       -0.053715210821280
         33.985324787395250       -0.000000003545280        0.094337530599697       -0.094337534144977
         34.106269003720499        0.000000022522365        0.133892641660803       -0.133892619138438
         34.227213220045748       -0.000000017958812        0.121393220424383       -0.121393238383195
         34.348157436371004        0.000000002546662        0.105838762943838       -0.105838760397176
         34.469101652696253       -0.000000023609431        0.035649820989373       -0.035649844598803
         34.590045869021502       -0.000000040152662       -0.008391850896326        0.008391810743664
         34.710990085346751       -0.000000041176073       -0.092946629273572        0.092946588097499
         34.831934301672000       -0.000000062489412       -0.108852631012641        0.108852568523229
         34.952878517997249       -0.000000060645430       -0.152130941149749        0.152130880504318
         35.073822734322498       -0.000000062571862       -0.106380974890106        0.106380912318244
         35.194766950647754       -0.000000079308665       -0.089460690854422        0.089460611545757
         35.315711166973003       -0.000000081247967       -0.002171461442199        0.002171380194232
         35.436655383298252       -0.000000089423164        0.046071040649935       -0.046071130073099
         35.557599599623501       -0.000000102796921        0.110756840109127       -0.110756942906048
         35.678543815948750       -0.000000093684623        0.138872184594012       -0.138872278278635
         35.799488032273999       -0.000000104373522        0.129070304812702       -0.129070409186224
         35.920432248599248       -0.000000102290973        0.112813172715178       -0.112813275006151
         36.041376464924504       -0.000000104037511        0.032723379018748       -0.032723483056259
         36.162320681249753       -0.000000103329033       -0.007022999181673        0.007022895852641
         36.283264897575002       -0.000000101531441       -0.097640661369422        0.097640559837981
         36.404209113900251       -0.000000100449141       -0.113908994958249        0.113908894509108
         36.525153330225500       -0.000000089827991       -0.147794556799148        0.147794466971157
         36.646097546550749       -0.000000100437867       -0.115890295683818        0.115890195245951
         36.767041762875998       -0.000000081280646       -0.074835534234652        0.074835452954006
         36.887985979201254       -0.000000078207772       -0.015727494009948        0.015727415802176
         37.008930195526503       -0.000000072040013        0.061277697541650       -0.061277769581663
         37.129874411851752       -0.000000045889704        0.094146513367423       -0.094146559257127
         37.250818628177001       -0.000000055847674        0.144742022403417       -0.144742078251091
         37.371762844502250       -0.000000037321593        0.114202703491236       -0.114202740812829
         37.492707060827499       -0.000000030793810        0.110621691957555       -0.110621722751365
         37.613651277152748       -0.000000021636837        0.026853996849210       -0.026854018486047
         37.734595493478004        0.000000002218543       -0.006397298493533        0.006397300712076
         37.855539709803253        0.000000017435225       -0.092179400177592        0.092179417612817
         37.976483926128502        0.000000022515059       -0.101693900237140        0.101693922752200
         38.097428142453751        0.000000046166041       -0.140227256189236        0.140227302355277
         38.218372358779000        0.000000038188029       -0.094659721508055        0.094659759696084
         38.339316575104249        0.000000066831586       -0.080306236377568        0.080306303209154
         38.460260791429498        0.000000073722658        0.005022939787887       -0.005022866065229
         38.581205007754754        0.000000094160564        0.033428060196840       -0.033427966036276
         38.702149224080003        0.000000107056556        0.109394822353251       -0.109394715296695
         38.823093440405252        0.000000115798141        0.101807443478920       -0.101807327680779
         38.944037656730501        0.000000120674806        0.129054958540118       -0.129054837865311
         39.064981873055750        0.000000133294400        0.070504996177655       -0.070504862883256
         39.185926089380999        0.000000140055555        0.048512200387352       -0.048512060331797
         39.306870305706248        0.000000148452538       -0.028455484046282        0.028455632498821
         39.427814522031504        0.000000162133059       -0.065411117929633        0.065411280062692
         39.548758738356753        0.000000156738699       -0.104476460660215        0.104476617398914
         39.669702954682002        0.000000167434182       -0.119629039659048        0.119629207093229
         39.790647171007251        0.000000164548478       -0.089012505068074        0.089012669616552
         39.911591387332500        0.000000166375055       -0.073715715553409        0.073715881928463
         40.032535603657749        0.000000165745884        0.007214866285095       -0.007214700539211
         40.153479819982998        0.000000161305971        0.030061044330049       -0.030060883024078
         40.274424036308254        0.000000159733746        0.104153367150121       -0.104153207416375
         40.395368252633503        0.000000147392827        0.100538456034856       -0.100538308642029
         40.516312468958752        0.000000155010002        0.118998897077176       -0.118998742067174
         40.637256685284001        0.000000133178078        0.077744958375144       -0.077744825197065
         40.758200901609250        0.000000133490395        0.036986275474445       -0.036986141984050
         40.879145117934499        0.000000117855606       -0.018214045570763        0.018214163426369
         41.000089334259748        0.000000093083775       -0.076585015021932        0.076585108105707
         41.121033550585004        0.000000101330980       -0.100867656891493        0.100867758222473
         41.241977766910253        0.000000063692761       -0.127433615951356        0.127433679644116
         41.362921983235502        0.000000079734130       -0.093879029008669        0.093879108742800
         41.483866199560751        0.000000042095783       -0.073444950505876        0.073444992601659
         41.604810415886000        0.000000034521369        0.001962770980281       -0.001962736458912
         41.725754632211249        0.000000014861381        0.040306574986152       -0.040306560124771
         41.846698848536505       -0.000000017377795        0.106312225072507       -0.106312242450302
         41.967643064861754       -0.000000005051372        0.114667877297043       -0.114667882348415
         42.088587281187003       -0.000000048526459        0.126603133793390       -0.126603182319849
         42.209531497512252       -0.000000033575683        0.085486785622110       -0.085486819197793
         42.330475713837501       -0.000000069381556        0.040248246306396       -0.040248315687952
         42.451419930162750       -0.000000086286331       -0.021821282121220        0.021821195834889
         42.572364146487999       -0.000000089895371       -0.084025074128025        0.084024984232653
         42.693308362813255       -0.000000122143227       -0.110458226314740        0.110458104171514
         42.814252579138504       -0.000000111883174       -0.140425859223365        0.140425747340192
         42.935196795463753       -0.000000131356810       -0.098867199726741        0.098867068369931
         43.056141011789002       -0.000000139471765       -0.082238325208094        0.082238185736329
         43.177085228114251       -0.000000146666333        0.006801923752916       -0.006802070419249
         43.298029444439500       -0.000000155804529        0.041584440698254       -0.041584596502782
         43.418973660764749       -0.000000163068486        0.114426434274979       -0.114426597343465
         43.539917877090005       -0.000000160636940        0.123582094606669       -0.123582255243609
         43.660862093415254       -0.000000164836516        0.127289211026238       -0.127289375862754
         43.781806309740503       -0.000000165262086        0.096137066069626       -0.096137231331712
         43.902750526065752       -0.000000162034616        0.030621090373280       -0.030621252407896
         44.023694742391001       -0.000000156715724       -0.013240509948031        0.013240353232307
         44.144638958716250       -0.000000153672113       -0.095591175593126        0.095591021921013
         44.265583175041499       -0.000000143092569       -0.104889524569334        0.104889381476765
         44.386527391366755       -0.000000134307175       -0.143439717642666        0.143439583335491
         44.507471607692004       -0.000000135442256       -0.097798806334137        0.097798670891880
         44.628415824017253       -0.000000111327349       -0.075060978341384        0.075060867014035
         44.749360040342502       -0.000000103756111        0.000074016703638       -0.000074120459750
         44.870304256667751       -0.000000089422754        0.050750959857950       -0.050751049280704
         44.991248472993000       -0.000000053720489        0.099976255109544       -0.099976308830032
         45.112192689318249       -0.000000068901441        0.126226228982512       -0.126226297883953
         45.233136905643505       -0.000000023738475        0.112417128460986       -0.112417152199461
         45.354081121968754       -0.000000032114759        0.093003562926293       -0.093003595041052
         45.475025338294003        0.000000000937009        0.025893087818433       -0.025893086881425
         45.595969554619252        0.000000027057757       -0.014056070994604        0.014056098052361
         45.716913770944501        0.000000034369086       -0.085701931010650        0.085701965379736
         45.837857987269750        0.000000075619287       -0.098525182722562        0.098525258341850
         45.958802203594999        0.000000065225771       -0.127045780390930        0.127045845616701
         46.079746419920255        0.000000103868458       -0.089167396642354        0.089167500510812
         46.200690636245504        0.000000106541281       -0.066171831173415        0.066171937714696
         46.321634852570753        0.000000131894298        0.001768563668133       -0.001768431773836
         46.442579068896002        0.000000158391523        0.044333961679913       -0.044333803288390
         46.563523285221251        0.000000156629951        0.091248056203715       -0.091247899573764
         46.684467501546500        0.000000190578947        0.112329998079201       -0.112329807500254
         46.805411717871749        0.000000179617221        0.099099082015000       -0.099098902397779
         46.926355934197005        0.000000204126537        0.086250298723278       -0.086250094596742
         47.047300150522254        0.000000206789006        0.017461809747428       -0.017461602958422
         47.168244366847503        0.000000217391195       -0.006883551161760        0.006883768552955
         47.289188583172752        0.000000222338322       -0.085045869685537        0.085046092023859
         47.410132799498001        0.000000225610717       -0.085228959969224        0.085229185579941
         47.531077015823250        0.000000226188281       -0.120303614633642        0.120303840821923
         47.652021232148499        0.000000223475617       -0.083678516279377        0.083678739754995
         47.772965448473755        0.000000223903287       -0.057216031989032        0.057216255892319
         47.893909664799004        0.000000215581192       -0.006034679754954        0.006034895336146
         48.014853881124253        0.000000204978673        0.054010107722453       -0.054009902743779
         48.135798097449502        0.000000201989325        0.077543541034808       -0.077543339045483
         48.256742313774751        0.000000182279840        0.122084576606051       -0.122084394326211
         48.377686530100000        0.000000180659103        0.090022525950971       -0.090022345291869
         48.498630746425249        0.000000161036522        0.092501382299907       -0.092501221263385
         48.619574962750505        0.000000147250824        0.015145685861834       -0.015145538611010
         48.740519179075754        0.000000121423587       -0.008315861100750        0.008315982524337
         48.861463395401003        0.000000108805789       -0.087240959295641        0.087241068101430
         48.982407611726252        0.000000076472675       -0.092270727062485        0.092270803535159
         49.103351828051501        0.000000075654120       -0.128593426218341        0.128593501872461
         49.224296044376750        0.000000042670360       -0.085277873864461        0.085277916534821
         49.345240260701999        0.000000029090697       -0.071218890285500        0.071218919376197
         49.466184477027255        0.000000004070688        0.009682160055836       -0.009682155985148
         49.587128693352504       -0.000000030062915        0.038702023686770       -0.038702053749685
         49.708072909677753       -0.000000040715220        0.111663804405822       -0.111663845121042
         49.829017126003002       -0.000000067599259        0.105465094347995       -0.105465161947254
         49.949961342328251       -0.000000082514475        0.130558534690401       -0.130558617204876
         50.070905558653500       -0.000000094958326        0.069963726006280       -0.069963820964606
         50.191849774978749       -0.000000124125764        0.046647310895443       -0.046647435021207
         50.312793991304005       -0.000000140534672       -0.038351750109944        0.038351609575272
         50.433738207629254       -0.000000152412928       -0.072104568532120        0.072104416119192
         50.554682423954503       -0.000000179889521       -0.121943090134306        0.121942910244786
         50.675626640279752       -0.000000171318287       -0.124797268336365        0.124797097018078
         50.796570856605001       -0.000000195945035       -0.103021949934268        0.103021753989234
         50.917515072930250       -0.000000197417113       -0.069583126525622        0.069582929108509
         51.038459289255499       -0.000000206198576        0.008333296518700       -0.008333502717276
         51.159403505580755       -0.000000212533850        0.043445052271961       -0.043445264805811
         51.280347721906004       -0.000000213746307        0.118295550383167       -0.118295764129474
         51.401291938231253       -0.000000212963785        0.112712981438661       -0.112713194402446
         51.522236154556502       -0.000000209956230        0.131828100698055       -0.131828310654285
         51.643180370881751       -0.000000210453621        0.078472134059300       -0.078472344512921
         51.764124587207000       -0.000000198890606        0.036560334655099       -0.036560533545705
         51.885068803532249       -0.000000188619836       -0.027401065272406        0.027400876652570
         52.006013019857505       -0.000000184030340       -0.087815509492329        0.087815325461989
         52.126957236182754       -0.000000156601785       -0.107962373057609        0.107962216455824
         52.247901452508003       -0.000000159998544       -0.136397327057227        0.136397167058683
         52.368845668833252       -0.000000136429211       -0.090003240658017        0.090003104228805
         52.489789885158501       -0.000000119577260       -0.073957005247890        0.073956885670629
         52.610734101483750       -0.000000101740428        0.013131914261066       -0.013132016001494
         52.731678317808999       -0.000000073651544        0.041317149829147       -0.041317223480691
         52.852622534134255       -0.000000046986774        0.112515191280332       -0.112515238267106
         52.973566750459504       -0.000000041159075        0.106844862607434       -0.106844903766509
         53.094510966784753       -0.000000000653890        0.123698611307011       -0.123698611960901
         53.215455183110002       -0.000000000289571        0.068725993901242       -0.068725994190813
         53.336399399435251        0.000000041391029        0.039769410114653       -0.039769368723623
         53.457343615760500        0.000000065285579       -0.037235566235793        0.037235631521372
         53.578287832085749        0.000000083140604       -0.065361864934171        0.065361948074775
         53.699232048411005        0.000000122185947       -0.118017240224582        0.118017362410530
         53.820176264736254        0.000000120344536       -0.100537765560536        0.100537885905071
         53.941120481061503        0.000000156932875       -0.106768193278465        0.106768350211341
         54.062064697386752        0.000000165508061       -0.038210371672411        0.038210537180472
         54.183008913712001        0.000000193065900       -0.016191227315940        0.016191420381840
         54.303953130037250        0.000000208753421        0.066504516055127       -0.066504307301706
         54.424897346362499        0.000000228653090        0.074923268267376       -0.074923039614287
         54.545841562687755        0.000000232474250        0.121591541013968       -0.121591308539718
         54.666785779013004        0.000000250797632        0.091645593908636       -0.091645343111004
         54.787729995338253        0.000000251640499        0.078416388791613       -0.078416137151114
         54.908674211663502        0.000000262163826        0.025344185943149       -0.025343923779323
         55.029618427988751        0.000000266271724       -0.029653230740851        0.029653497012575
         55.150562644314000        0.000000266810550       -0.062482262524544        0.062482529335094
         55.271506860639249        0.000000265053604       -0.113826264729770        0.113826529783374
         55.392451076964505        0.000000263288467       -0.092358605009265        0.092358868297733
         55.513395293289754        0.000000257043520       -0.105506241993350        0.105506499036870
         55.634339509615003        0.000000248053823       -0.036125788028460        0.036126036082283
         55.755283725940252        0.000000235004107       -0.012900468097219        0.012900703101325
         55.876227942265501        0.000000225330241        0.060896985411279       -0.060896760081038
         55.997172158590750        0.000000195734382        0.085021005588388       -0.085020809854006
         56.118116374915999        0.000000202313942        0.113785438130325       -0.113785235816383
         56.239060591241255        0.000000159904333        0.105459121727350       -0.105458961823017
         56.360004807566504        0.000000164414614        0.072732768139595       -0.072732603724980
         56.480949023891753        0.000000125339690        0.031962538145642       -0.031962412805952
         56.601893240217002        0.000000099922553       -0.033686501152668        0.033686601075221
         56.722837456542251        0.000000085697718       -0.071025760053036        0.071025845750754
         56.843781672867500        0.000000038168523       -0.117022775268248        0.117022813436771
         56.964725889192749        0.000000047697831       -0.111018562976172        0.111018610674003
         57.085670105518005       -0.000000005744368       -0.104746207221310        0.104746201476942
         57.206614321843254       -0.000000008414500       -0.050841740106736        0.050841731692235
         57.327558538168503       -0.000000047117506       -0.002997764347420        0.002997717229914
         57.448502754493752       -0.000000082661446        0.059276137729205       -0.059276220390651
         57.569446970819001       -0.000000084838636        0.103627212756080       -0.103627297594716
         57.690391187144250       -0.000000133590331        0.120245103397538       -0.120245236987868
         57.811335403469499       -0.000000124292306        0.124122975156050       -0.124123099448356
         57.932279619794755       -0.000000160664167        0.073869935519469       -0.073870096183636
         58.053223836120004       -0.000000176322767        0.041822008428940       -0.041822184751707
         58.174168052445253       -0.000000192201483       -0.045866820135001        0.045866627933518
         58.295112268770502       -0.000000211563595       -0.071897316398994        0.071897104835399
         58.416056485095751       -0.000000223258220       -0.135314436781916        0.135314213523696
         58.537000701421000       -0.000000225203935       -0.116655887632078        0.116655662428143
         58.657944917746249       -0.000000240025251       -0.115032675244436        0.115032435219184
         58.778889134071505       -0.000000240964293       -0.055065754755486        0.055065513791194
         58.899833350396754       -0.000000245619562        0.002284280239245       -0.002284525858807
         59.020777566722003       -0.000000245423220        0.057098244129779       -0.057098489553000
         59.141721783047252       -0.000000244907292        0.118341610450560       -0.118341855357852
         59.262665999372501       -0.000000235797121        0.117163148943873       -0.117163384740994
         59.383610215697750       -0.000000233500350        0.135455583394370       -0.135455816894720
         59.504554432022999       -0.000000225656336        0.070406044586853       -0.070406270243189
         59.625498648348255       -0.000000208826816        0.042212987799275       -0.042213196626091
         59.746442864673504       -0.000000194521423       -0.044160696676363        0.044160502154941
         59.867387080998753       -0.000000182645409       -0.079861023538512        0.079860840893103
         59.988331297324002       -0.000000146856250       -0.124803787717560        0.124803640861310
         60.109275513649251       -0.000000157143258       -0.125649844319834        0.125649687176576
         60.230219729974500       -0.000000111460833       -0.100360311703652        0.100360200242818
         60.351163946299749       -0.000000106464181       -0.061857836353769        0.061857729889588
         60.472108162625005       -0.000000074708795        0.010626536487248       -0.010626611196043
         60.593052378950254       -0.000000035011127        0.050766784347372       -0.050766819358499
         60.713996595275503       -0.000000029240661        0.114229535693285       -0.114229564933946
         60.834940811600752        0.000000017277822        0.110112827793349       -0.110112810515527
         60.955885027926001        0.000000018757123        0.124862689062267       -0.124862670305144
         61.076829244251250        0.000000057383065        0.065435564977531       -0.065435507594466
         61.197773460576499        0.000000081420956        0.038196797892137       -0.038196716471181
         61.318717676901755        0.000000105792005       -0.043543028257499        0.043543134049504
         61.439661893227004        0.000000146796256       -0.069409558682577        0.069409705478833
         61.560606109552253        0.000000147257832       -0.120429442628141        0.120429589885973
         61.681550325877502        0.000000190001611       -0.107070482433765        0.107070672435376
         61.802494542202751        0.000000186202160       -0.098664793730026        0.098664979932187
         61.923438758528000        0.000000220121676       -0.048593536378376        0.048593756500052
         62.044382974853249        0.000000234345702        0.004884579209012       -0.004884344863310
         62.165327191178505        0.000000246352196        0.050247419630412       -0.050247173278215
         62.286271407503754        0.000000267316715        0.104888020527351       -0.104887753210636
         62.407215623829003        0.000000267055044        0.099647037541175       -0.099646770486131
         62.528159840154252        0.000000278164121        0.119643693011495       -0.119643414847374
         62.649104056479501        0.000000280745148        0.056534921024069       -0.056534640278921
         62.770048272804750        0.000000283218365        0.038535645746981       -0.038535362528616
         62.890992489129999        0.000000282359475       -0.042643186378403        0.042643468737878
         63.011936705455255        0.000000275508273       -0.069871109531090        0.069871385039363
         63.132880921780504        0.000000276582971       -0.110946076387106        0.110946352970077
         63.253825138105753        0.000000256869826       -0.114614847796473        0.114615104666300
         63.374769354431002        0.000000261039971       -0.086354385792846        0.086354646832817
         63.495713570756251        0.000000235429898       -0.060325763520724        0.060325998950622
         63.616657787081500        0.000000222729935        0.016346038366699       -0.016345815636764
         63.737602003406749        0.000000201655667        0.043944486496069       -0.043944284840403
         63.858546219732006        0.000000178488433        0.114781056440675       -0.114780877952243
         63.979490436057254        0.000000161774295        0.103393582942924       -0.103393421168628
         64.100434652382503        0.000000141375140        0.126493391621350       -0.126493250246210
         64.221378868707745        0.000000118549379        0.062281509013334       -0.062281390463954
         64.342323085033001        0.000000087605754        0.040220984730291       -0.040220897124537
         64.463267301358258        0.000000063140862       -0.049037965087955        0.049038028228817
         64.584211517683499        0.000000024645128       -0.071703346034774        0.071703370679903
         64.705155734008756        0.000000009325316       -0.134606250369300        0.134606259694615
         64.826099950333997       -0.000000018560655       -0.110953672574466        0.110953654013811
         64.947044166659254       -0.000000042412995       -0.118171293161641        0.118171250748646
         65.067988382984495       -0.000000063028614       -0.041246487942295        0.041246424913681
         65.188932599309751       -0.000000099676843       -0.008980187322410        0.008980087645567
         65.309876815635008       -0.000000125958813        0.079190360865158       -0.079190486823971
         65.430821031960249       -0.000000138619935        0.101598011810289       -0.101598150430224
         65.551765248285506       -0.000000176257478        0.141866832431855       -0.141867008689333
         65.672709464610747       -0.000000167785942        0.118982536365399       -0.118982704151341
         65.793653680936004       -0.000000204902167        0.086830319220219       -0.086830524122386
         65.914597897261245       -0.000000213462503        0.030289801469075       -0.030290014931578
         66.035542113586502       -0.000000227316509       -0.046413382930112        0.046413155613603
         66.156486329911758       -0.000000245471464       -0.084897324728452        0.084897079256988
         66.277430546236999       -0.000000246922035       -0.144652713399664        0.144652466477629
         66.398374762562256       -0.000000252967397       -0.121900571968640        0.121900319001243
         66.519318978887497       -0.000000257659431       -0.124292040756976        0.124291783097545
         66.640263195212754       -0.000000258285461       -0.047177861775795        0.047177603490334
         66.761207411537995       -0.000000256112535       -0.001163955626797        0.001163699514262
         66.882151627863252       -0.000000249246809        0.074116879280568       -0.074117128527377
         67.003095844188508       -0.000000248762536        0.119539312640206       -0.119539561402743
         67.124040060513749       -0.000000227851533        0.131983846856798       -0.131984074708331
         67.244984276839006       -0.000000232150516        0.136271847807256       -0.136272079957773
         67.365928493164247       -0.000000211156268        0.073423993436756       -0.073424204593024
         67.486872709489504       -0.000000194013970        0.040140107679573       -0.040140301693542
         67.607816925814745       -0.000000176910706       -0.054653392262918        0.054653215352212
         67.728761142140002       -0.000000153028750       -0.081702572587016        0.081702419558266
         67.849705358465258       -0.000000125099304       -0.141564923461742        0.141564798362438
         67.970649574790500       -0.000000125638027       -0.121311650683186        0.121311525045159
         68.091593791115756       -0.000000080281151       -0.114728857384767        0.114728777103616
         68.212538007440997       -0.000000075576409       -0.047959746813741        0.047959671237332
         68.333482223766254       -0.000000036454343        0.002208925119973       -0.002208961574315
         68.454426440091495        0.000000003006076        0.071571367644577       -0.071571364638501
         68.575370656416752        0.000000004173236        0.108049387626839       -0.108049383453602
         68.696314872742008        0.000000062289373        0.131174499794898       -0.131174437505525
         68.817259089067250        0.000000047038109        0.113933667408585       -0.113933620370476
         68.938203305392506        0.000000100667674        0.081859780036503       -0.081859679368829
         69.059147521717748        0.000000112729442        0.018418069056213       -0.018417956326771
         69.180091738043004        0.000000140813798       -0.031580385641845        0.031580526455643
         69.301035954368245        0.000000177989068       -0.095848227441595        0.095848405430664
         69.421980170693502        0.000000176806517       -0.107966026091473        0.107966202897990
         69.542924387018758        0.000000211762234       -0.132914699376776        0.132914911139011
         69.663868603344000        0.000000213064178       -0.081889884681686        0.081890097745864
         69.784812819669256        0.000000236087085       -0.065274053140573        0.065274289227658
         69.905757035994498        0.000000247367125        0.023473805456783       -0.023473558089659
         70.026701252319754        0.000000262188474        0.048239571736819       -0.048239309548345
         70.147645468644996        0.000000264793086        0.115831485605903       -0.115831220812817
         70.268589684970252        0.000000273905526        0.111737570600753       -0.111737296695227
         70.389533901295508        0.000000273294189        0.113422569278482       -0.113422295984293
         70.510478117620750        0.000000272877787        0.075575647570934       -0.075575374693147
         70.631422333946006        0.000000271525746        0.014860293342934       -0.014860021817188
         70.752366550271248        0.000000264754240       -0.026306772809881        0.026307037564121
         70.873310766596504        0.000000253610925       -0.100341937561036        0.100342191171961
         70.994254982921746        0.000000246808722       -0.101785971790446        0.101786218599168
         71.115199199247002        0.000000235343155       -0.136634069108129        0.136634304451283
         71.236143415572258        0.000000219946896       -0.082062495223865        0.082062715170760
         71.357087631897500        0.000000205311736       -0.064290304619870        0.064290509931605
         71.478031848222756        0.000000184102093        0.020636678890151       -0.020636494788058
         71.598976064547998        0.000000149537287        0.056473881227784       -0.056473731690497
         71.719920280873254        0.000000148943589        0.118765278337125       -0.118765129393536
         71.840864497198496        0.000000099007629        0.121762186319096       -0.121762087311467
         71.961808713523752        0.000000111891835        0.124595214950299       -0.124595103058464
         72.082752929849008        0.000000061521023        0.074599052781816       -0.074598991260794
         72.203697146174250        0.000000044671119        0.028498395256717       -0.028498350585598
         72.324641362499506        0.000000018779686       -0.047935888619620        0.047935907399306
         72.445585578824748       -0.000000030534942       -0.089682800553704        0.089682770018762
         72.566529795150004       -0.000000022703849       -0.139485980294219        0.139485957590370
