#  GS molecular orbital populations, spin channel : 1
#          time (fs)            |   population (orb 1)       |    population (orb 2)      |           ...              |    population (orb N)      |
          0.118525331998745            1.995482999533491            0.004456417793479  
          0.239469548323995            1.982458025470293            0.017488468406792  
          0.360413764649245            1.972288305548922            0.027666531155431  
          0.481357980974495            1.978419980703046            0.021542883089123  
          0.602302197299745            1.993377589190318            0.006590591985771  
          0.723246413624995            1.999265985702938            0.000705517786046  
          0.844190629950245            1.992576879538857            0.007400020152056  
          0.965134846275495            1.982103644937091            0.017881766929243  
          1.086079062600745            1.976586705566802            0.023408305346265  
          1.207023278925995            1.982315741846884            0.017688703416591  
          1.327967495251245            1.994585721061653            0.005425864463344  
          1.448911711576495            1.997057468447106            0.002958503633449  
          1.569855927901745            1.985332767721308            0.014688278187715  
          1.690800144226995            1.975439949119125            0.024588534876940  
          1.811744360552245            1.978540696958843            0.021496449129260  
          1.932688576877495            1.988905875347940            0.011140179438884  
          2.053632793202745            1.997953211151474            0.002099082531175  
          2.174577009527995            1.998433623510121            0.001620248192817  
          2.295521225853245            1.986046287945880            0.014008433160534  
          2.416465442178495            1.971291077892798            0.028767568960912  
          2.537409658503745            1.970748613366556            0.029315840142379  
          2.658353874828995            1.982349655208230            0.017720877367730  
          2.779298091154245            1.993454305676690            0.006621516392705  
          2.900242307479495            1.999568420140927            0.000508082327221  
          3.021186523804745            1.996944987494045            0.003127311578923  
          3.142130740129995            1.981024970566576            0.019043509311173  
          3.263074956455245            1.962986140873182            0.037081228270257  
          3.384019172780495            1.956719397321815            0.043348106299062  
          3.504963389105745            1.958979911451924            0.041089887596550  
          3.625907605430995            1.965620745958992            0.034453188634861  
          3.746851821756245            1.980673932809065            0.019401107277525  
          3.867796038081495            1.995453103333442            0.004618427361906  
          3.988740254406745            1.996336047889081            0.003729829689938  
          4.109684470731995            1.988618960588555            0.011439499440674  
          4.230628687057245            1.978383350313276            0.021666663824414  
          4.351572903382495            1.958944769876676            0.041099082560769  
          4.472517119707745            1.934570238780841            0.065470927708836  
          4.593461336032996            1.919676406522764            0.080363785737521  
          4.714405552358246            1.913959501482900            0.086080847431086  
          4.835349768683495            1.913597084482869            0.086444935691977  
          4.956293985008745            1.922287611174311            0.077756076694670  
          5.077238201333995            1.934965309060309            0.065078968244719  
          5.198182417659245            1.944597694067185            0.055446283915874  
          5.319126633984495            1.955744824108557            0.044296735553241  
          5.440070850309746            1.968065811280246            0.031970493733494  
          5.561015066634996            1.970301090066282            0.029728632611891  
          5.681959282960245            1.960793425012849            0.039229744000044  
          5.802903499285495            1.949179527438299            0.050837425548350  
          5.923847715610745            1.936619276258582            0.063392373109931  
          6.044791931935995            1.913163606084050            0.086844863114112  
          6.165736148261245            1.879624513449025            0.120383454427526  
          6.286680364586495            1.854504048294083            0.145505155046744  
          6.407624580911745            1.841073529714616            0.158937410457091  
          6.528568797236995            1.816786691951660            0.183227247065219  
          6.649513013562244            1.782422215636252            0.217596879564816  
          6.770457229887494            1.770549777119222            0.229473305513143  
          6.891401446212745            1.772498182508550            0.227526248758322  
          7.012345662537995            1.744731817456231            0.255297945672937  
          7.133289878863245            1.716245999473726            0.283790274813052  
          7.254234095188495            1.723825462731822            0.276207397251493  
          7.375178311513745            1.689008427635317            0.311025615779245  
          7.496122527838994            1.619255948813588            0.380786391071289  
          7.617066744164244            1.613482169240731            0.386538494292772  
          7.738010960489495            1.509156551819281            0.490852088732084  
          7.858955176814745            1.339269589137474            0.660739215455234  
          7.979899393139995            1.318661444105316            0.681231856320568  
          8.100843609465246            0.980281254763112            1.019595672222813  
          8.221787825790495            0.822628956395464            1.177089109885960  
          8.342732042115745            0.650427105627970            1.349084212540650  
          8.463676258440994            0.432924857938133            1.566585269855058  
          8.584620474766245            0.545035300632127            1.454302775603315  
          8.705564691091494            0.632487923679242            1.367116123321915  
          8.826508907416745            0.929941473564035            1.069817039389272  
          8.947453123741996            1.116077467137785            0.883741259373556  
          9.068397340067245            0.825577053964999            1.174449006419002  
          9.189341556392495            0.728601566553631            1.270939563311656  
          9.310285772717744            0.428823095311658            1.570815270873745  
          9.431229989042995            0.391486598439243            1.608435967566487  
          9.552174205368244            0.953538473520831            1.046180981762263  
          9.673118421693495            0.964606247497966            1.035373751196327  
          9.794062638018746            0.451423236956849            1.548731720944417  
          9.915006854343995            0.383575624676764            1.616045892456515  
         10.035951070669245            0.577691052695785            1.421846911759575  
         10.156895286994494            0.655342646171145            1.344680531296539  
         10.277839503319745            0.458178884474405            1.542026529563467  
         10.398783719644994            0.309903569994351            1.689933265110090  
         10.519727935970245            0.161642629921832            1.837913016955429  
         10.640672152295496            0.358532430779533            1.641112112323119  
         10.761616368620745            0.309778794292882            1.689840648305408  
         10.882560584945995            0.373427875896463            1.626410378414743  
         11.003504801271244            0.424996516029086            1.575202379961967  
         11.124449017596495            0.575280917521333            1.424838063612924  
         11.245393233921744            0.483214962596731            1.516618910520263  
         11.366337450246995            0.056458067997341            1.943255693386993  
         11.487281666572246            0.063365769002272            1.936361803032774  
         11.608225882897495            0.597864675122875            1.401875824491456  
         11.729170099222745            0.415824231855205            1.584018507757448  
         11.850114315547994            0.428558318732238            1.571339429971877  
         11.971058531873245            0.414598712349489            1.585457376513266  
         12.092002748198494            0.552025672550673            1.447939269068776  
         12.212946964523745            0.542558921446214            1.457347321846041  
         12.333891180848996            0.547740398629319            1.452096494259867  
         12.454835397174245            0.188459075005651            1.811404963645999  
         12.575779613499495            0.493654775581061            1.506256806662333  
         12.696723829824744            0.505291670084885            1.494703546382134  
         12.817668046149995            0.685254642810036            1.314719546255105  
         12.938612262475244            0.542996961461454            1.456926981810967  
         13.059556478800495            0.516571791408024            1.483323086884556  
         13.180500695125746            0.415290669686554            1.584614556957454  
         13.301444911450995            0.515275998220863            1.484669630745148  
         13.422389127776245            0.541183277623212            1.458775276895734  
         13.543333344101494            0.559150634640007            1.440799170815772  
         13.664277560426745            0.541309553945523            1.458610136086406  
         13.785221776751994            0.500460097943708            1.499463842830943  
         13.906165993077245            0.517103324494104            1.482826494767844  
         14.027110209402496            0.520064534616174            1.479883873803121  
         14.148054425727745            0.555499851581118            1.444440551942570  
         14.268998642052996            0.537158265662886            1.462777086589307  
         14.389942858378244            0.538307500027729            1.461622342311389  
         14.510887074703495            0.519867151108328            1.480068596172364  
         14.631831291028744            0.525764611449250            1.474175156365549  
         14.752775507353995            0.525062634113059            1.474874834805365  
         14.873719723679246            0.501290540006448            1.498644210332463  
         14.994663940004495            0.533388349965885            1.466544476893691  
         15.115608156329746            0.534068146928515            1.465869654796632  
         15.236552372654995            0.543484206967303            1.456454174284225  
         15.357496588980245            0.529311819633946            1.470626137619652  
         15.478440805305494            0.527773862627068            1.472160559387099  
         15.599385021630745            0.526301521840682            1.473633104352315  
         15.720329237955996            0.530233726492990            1.469703000888083  
         15.841273454281245            0.532646589885373            1.467291004507463  
         15.962217670606496            0.531692467936061            1.468244770116104  
         16.083161886931745            0.531119280505713            1.468815947100610  
         16.204106103256994            0.528923207490311            1.471012816290088  
         16.325050319582246            0.529963969274905            1.469972462009118  
         16.445994535907495            0.529854909468558            1.470081941076864  
         16.566938752232744            1.462701447741552            0.537234544726268  
         16.687882968557997            0.530595346161189            1.469340352132779  
         16.808827184883246            0.530706170309415            1.469230555605592  
         16.929771401208495            1.473428986663820            0.526507948862208  
         17.050715617533744            0.530478832752110            1.469457924025012  
         17.171659833858996            0.530390055633915            1.469545776554822  
         17.292604050184245            0.516494594123757            1.483441370137736  
         17.413548266509494            0.530254917326227            1.469681634307508  
         17.534492482834747            0.530316285022454            1.469620155003343  
         17.655436699159996            0.530550527266887            1.469385838940507  
         17.776380915485245            0.530586588167127            1.469349483536639  
         17.897325131810494            0.530732475551080            1.469204072115584  
         18.018269348135746            0.530561520721314            1.469375004266404  
         18.139213564460995            0.530406565353995            1.469529740510988  
         18.260157780786244            0.529474064766846            1.470462154188833  
         18.381101997111497            0.530306551082704            1.469629716702574  
         18.502046213436746            0.530343923952926            1.469592499149702  
         18.622990429761995            1.469630129000247            0.530306227784572  
         18.743934646087244            0.530502829734294            1.469433516930999  
         18.864878862412496            0.530515914667776            1.469420433684963  
         18.985823078737745            1.469726565752649            0.530209753125307  
         19.106767295062994            0.530432464875327            1.469503825332237  
         19.227711511388247            0.530414988397841            1.469521500190184  
         19.348655727713496            1.469277494380709            0.530659087053466  
         19.469599944038745            0.530393383237876            1.469542852818547  
         19.590544160363994            0.530397099475803            1.469539204296162  
         19.711488376689246            0.530430285520123            1.469506060336618  
         19.832432593014495            0.530434803405318            1.469502031970214  
         19.953376809339744            0.530441344560029            1.469494577405606  
         20.074321025664997            0.530434446683309            1.469501620823834  
         20.195265241990246            0.530428692344191            1.469507764492122  
         20.316209458315495            0.530428337988477            1.469508052842240  
         20.437153674640744            0.530428851386430            1.469507513203138  
         20.558097890965996            0.530428851386430            1.469507513203138  
         20.679042107291245            1.469507513203138            0.530428851386430  
         20.799986323616494            0.530428851386430            1.469507513203138  
         20.920930539941747            0.530428851386430            1.469507513203138  
         21.041874756266996            1.469507513203138            0.530428851386430  
         21.162818972592245            0.530428851386430            1.469507513203138  
         21.283763188917494            0.530428851386430            1.469507513203138  
         21.404707405242746            1.469507513203138            0.530428851386430  
         21.525651621567995            0.530428851386430            1.469507513203138  
         21.646595837893244            0.530428851386430            1.469507513203138  
         21.767540054218497            1.469507513203138            0.530428851386430  
         21.888484270543746            0.530428851386430            1.469507513203138  
         22.009428486868995            0.530428851386430            1.469507513203138  
         22.130372703194244            0.530428851386430            1.469507513203138  
         22.251316919519496            0.530428851386430            1.469507513203138  
         22.372261135844745            0.530428851386430            1.469507513203138  
         22.493205352169994            0.530428851386430            1.469507513203138  
         22.614149568495247            0.530428851386430            1.469507513203138  
         22.735093784820496            1.469507513203138            0.530428851386430  
         22.856038001145745            0.530428851386430            1.469507513203138  
         22.976982217470994            0.530428851386430            1.469507513203138  
         23.097926433796246            1.469507513203138            0.530428851386430  
         23.218870650121495            0.530428851386430            1.469507513203138  
         23.339814866446744            0.530428851386430            1.469507513203138  
         23.460759082771997            1.469507513203138            0.530428851386430  
         23.581703299097246            0.530428851386430            1.469507513203138  
         23.702647515422495            0.530428851386430            1.469507513203138  
         23.823591731747744            1.469507513203138            0.530428851386430  
         23.944535948072996            0.530428851386430            1.469507513203138  
         24.065480164398245            0.530428851386430            1.469507513203138  
         24.186424380723494            1.469507513203138            0.530428851386430  
         24.307368597048747            0.530428851386430            1.469507513203138  
         24.428312813373996            0.530428851386430            1.469507513203138  
         24.549257029699245            0.530428851386430            1.469507513203138  
         24.670201246024494            0.530428851386430            1.469507513203138  
         24.791145462349750            1.469507513203138            0.530428851386430  
         24.912089678674999            0.530428851386430            1.469507513203138  
         25.033033895000248            0.530428851386430            1.469507513203138  
         25.153978111325497            1.469507513203138            0.530428851386430  
         25.274922327650749            0.530428851386430            1.469507513203138  
         25.395866543975998            0.530428851386430            1.469507513203138  
         25.516810760301247            1.469507513203138            0.530428851386430  
         25.637754976626500            0.530428851386430            1.469507513203138  
         25.758699192951749            0.530428851386430            1.469507513203138  
         25.879643409276998            1.469507513203138            0.530428851386430  
         26.000587625602247            0.530428851386430            1.469507513203138  
         26.121531841927499            0.530428851386430            1.469507513203138  
         26.242476058252748            1.469507513203138            0.530428851386430  
         26.363420274577997            0.530428851386430            1.469507513203138  
         26.484364490903250            0.530428851386430            1.469507513203138  
         26.605308707228499            0.530428851386430            1.469507513203138  
         26.726252923553748            0.530428851386430            1.469507513203138  
         26.847197139878997            1.469507513203138            0.530428851386430  
         26.968141356204249            0.530428851386430            1.469507513203138  
         27.089085572529498            0.530428851386430            1.469507513203138  
         27.210029788854747            1.469507513203138            0.530428851386430  
         27.330974005180000            0.530428851386430            1.469507513203138  
         27.451918221505249            0.530428851386430            1.469507513203138  
         27.572862437830498            1.469507513203138            0.530428851386430  
         27.693806654155747            0.530428851386430            1.469507513203138  
         27.814750870480999            0.530428851386430            1.469507513203138  
         27.935695086806248            1.469507513203138            0.530428851386430  
         28.056639303131497            0.530428851386430            1.469507513203138  
         28.177583519456750            0.530428851386430            1.469507513203138  
         28.298527735781999            1.469507513203138            0.530428851386430  
         28.419471952107248            0.530428851386430            1.469507513203138  
         28.540416168432497            0.530428851386430            1.469507513203138  
         28.661360384757749            1.469507513203138            0.530428851386430  
         28.782304601082998            0.530428851386430            1.469507513203138  
         28.903248817408247            1.469507513203138            0.530428851386430  
         29.024193033733500            0.530428851386430            1.469507513203138  
         29.145137250058749            0.530428851386430            1.469507513203138  
         29.266081466383998            1.469507513203138            0.530428851386430  
         29.387025682709247            0.530428851386430            1.469507513203138  
         29.507969899034499            0.530428851386430            1.469507513203138  
         29.628914115359748            1.469507513203138            0.530428851386430  
         29.749858331684997            0.530428851386430            1.469507513203138  
         29.870802548010250            0.530428851386430            1.469507513203138  
         29.991746764335499            1.469507513203138            0.530428851386430  
         30.112690980660748            0.530428851386430            1.469507513203138  
         30.233635196985997            0.530428851386430            1.469507513203138  
         30.354579413311249            1.469507513203138            0.530428851386430  
         30.475523629636498            0.530428851386430            1.469507513203138  
         30.596467845961747            0.530428851386430            1.469507513203138  
         30.717412062287000            1.469507513203138            0.530428851386430  
         30.838356278612249            0.530428851386430            1.469507513203138  
         30.959300494937498            1.469507513203138            0.530428851386430  
         31.080244711262747            0.530428851386430            1.469507513203138  
         31.201188927587999            0.530428851386430            1.469507513203138  
         31.322133143913248            1.469507513203138            0.530428851386430  
         31.443077360238497            0.530428851386430            1.469507513203138  
         31.564021576563750            0.530428851386430            1.469507513203138  
         31.684965792888999            1.469507513203138            0.530428851386430  
         31.805910009214248            0.530428851386430            1.469507513203138  
         31.926854225539497            0.530428851386430            1.469507513203138  
         32.047798441864749            1.469507513203138            0.530428851386430  
         32.168742658189998            0.530428851386430            1.469507513203138  
         32.289686874515247            0.530428851386430            1.469507513203138  
         32.410631090840496            1.469507513203138            0.530428851386430  
         32.531575307165745            0.530428851386430            1.469507513203138  
         32.652519523491002            0.530428851386430            1.469507513203138  
         32.773463739816250            1.469507513203138            0.530428851386430  
         32.894407956141499            0.530428851386430            1.469507513203138  
         33.015352172466748            1.469507513203138            0.530428851386430  
         33.136296388791997            0.530428851386430            1.469507513203138  
         33.257240605117246            0.530428851386430            1.469507513203138  
         33.378184821442495            1.469507513203138            0.530428851386430  
         33.499129037767752            0.530428851386430            1.469507513203138  
         33.620073254093001            0.530428851386430            1.469507513203138  
         33.741017470418250            1.469507513203138            0.530428851386430  
         33.861961686743498            0.530428851386430            1.469507513203138  
         33.982905903068747            0.530428851386430            1.469507513203138  
         34.103850119393996            1.469507513203138            0.530428851386430  
         34.224794335719245            0.530428851386430            1.469507513203138  
         34.345738552044502            0.530428851386430            1.469507513203138  
         34.466682768369751            1.469507513203138            0.530428851386430  
         34.587626984695000            0.530428851386430            1.469507513203138  
         34.708571201020249            0.530428851386430            1.469507513203138  
         34.829515417345497            1.469507513203138            0.530428851386430  
         34.950459633670746            0.530428851386430            1.469507513203138  
         35.071403849995995            0.530428851386430            1.469507513203138  
         35.192348066321252            1.469507513203138            0.530428851386430  
         35.313292282646501            0.530428851386430            1.469507513203138  
         35.434236498971750            1.469507513203138            0.530428851386430  
         35.555180715296999            0.530428851386430            1.469507513203138  
         35.676124931622248            0.530428851386430            1.469507513203138  
         35.797069147947497            1.469507513203138            0.530428851386430  
         35.918013364272745            0.530428851386430            1.469507513203138  
         36.038957580598002            0.530428851386430            1.469507513203138  
         36.159901796923251            1.469507513203138            0.530428851386430  
         36.280846013248500            0.530428851386430            1.469507513203138  
         36.401790229573749            0.530428851386430            1.469507513203138  
         36.522734445898998            1.469507513203138            0.530428851386430  
         36.643678662224247            0.530428851386430            1.469507513203138  
         36.764622878549496            0.530428851386430            1.469507513203138  
         36.885567094874752            1.469507513203138            0.530428851386430  
         37.006511311200001            0.530428851386430            1.469507513203138  
         37.127455527525250            0.530428851386430            1.469507513203138  
         37.248399743850499            1.469507513203138            0.530428851386430  
         37.369343960175748            0.530428851386430            1.469507513203138  
         37.490288176500997            1.469507513203138            0.530428851386430  
         37.611232392826246            0.530428851386430            1.469507513203138  
         37.732176609151502            0.530428851386430            1.469507513203138  
         37.853120825476751            1.469507513203138            0.530428851386430  
         37.974065041802000            0.530428851386430            1.469507513203138  
         38.095009258127249            0.530428851386430            1.469507513203138  
         38.215953474452498            1.469507513203138            0.530428851386430  
         38.336897690777747            0.530428851386430            1.469507513203138  
         38.457841907102996            0.530428851386430            1.469507513203138  
         38.578786123428252            1.469507513203138            0.530428851386430  
         38.699730339753501            0.530428851386430            1.469507513203138  
         38.820674556078750            0.530428851386430            1.469507513203138  
         38.941618772403999            1.469507513203138            0.530428851386430  
         39.062562988729248            0.530428851386430            1.469507513203138  
         39.183507205054497            0.530428851386430            1.469507513203138  
         39.304451421379746            1.469507513203138            0.530428851386430  
         39.425395637705002            0.530428851386430            1.469507513203138  
         39.546339854030251            1.469507513203138            0.530428851386430  
         39.667284070355500            0.530428851386430            1.469507513203138  
         39.788228286680749            0.530428851386430            1.469507513203138  
         39.909172503005998            1.469507513203138            0.530428851386430  
         40.030116719331247            0.530428851386430            1.469507513203138  
         40.151060935656496            0.530428851386430            1.469507513203138  
         40.272005151981752            1.469507513203138            0.530428851386430  
         40.392949368307001            0.530428851386430            1.469507513203138  
         40.513893584632250            0.530428851386430            1.469507513203138  
         40.634837800957499            1.469507513203138            0.530428851386430  
         40.755782017282748            0.530428851386430            1.469507513203138  
         40.876726233607997            0.530428851386430            1.469507513203138  
         40.997670449933246            1.469507513203138            0.530428851386430  
         41.118614666258502            0.530428851386430            1.469507513203138  
         41.239558882583751            0.530428851386430            1.469507513203138  
         41.360503098909000            1.469507513203138            0.530428851386430  
         41.481447315234249            0.530428851386430            1.469507513203138  
         41.602391531559498            1.469507513203138            0.530428851386430  
         41.723335747884747            1.469507513203138            0.530428851386430  
         41.844279964209996            0.530428851386430            1.469507513203138  
         41.965224180535252            1.469507513203138            0.530428851386430  
         42.086168396860501            0.530428851386430            1.469507513203138  
         42.207112613185750            0.530428851386430            1.469507513203138  
         42.328056829510999            1.469507513203138            0.530428851386430  
         42.449001045836248            0.530428851386430            1.469507513203138  
         42.569945262161497            0.530428851386430            1.469507513203138  
         42.690889478486746            1.469507513203138            0.530428851386430  
         42.811833694812002            0.530428851386430            1.469507513203138  
         42.932777911137251            0.530428851386430            1.469507513203138  
         43.053722127462500            1.469507513203138            0.530428851386430  
         43.174666343787749            0.530428851386430            1.469507513203138  
         43.295610560112998            0.530428851386430            1.469507513203138  
         43.416554776438247            1.469507513203138            0.530428851386430  
         43.537498992763496            0.530428851386430            1.469507513203138  
         43.658443209088752            0.530428851386430            1.469507513203138  
         43.779387425414001            1.469507513203138            0.530428851386430  
         43.900331641739250            0.530428851386430            1.469507513203138  
         44.021275858064499            1.469507513203138            0.530428851386430  
         44.142220074389748            0.530428851386430            1.469507513203138  
         44.263164290714997            0.530428851386430            1.469507513203138  
         44.384108507040246            1.469507513203138            0.530428851386430  
         44.505052723365502            0.530428851386430            1.469507513203138  
         44.625996939690751            0.530428851386430            1.469507513203138  
         44.746941156016000            1.469507513203138            0.530428851386430  
         44.867885372341249            0.530428851386430            1.469507513203138  
         44.988829588666498            0.530428851386430            1.469507513203138  
         45.109773804991747            1.469507513203138            0.530428851386430  
         45.230718021316996            0.530428851386430            1.469507513203138  
         45.351662237642252            0.530428851386430            1.469507513203138  
         45.472606453967501            1.469507513203138            0.530428851386430  
         45.593550670292750            0.530428851386430            1.469507513203138  
         45.714494886617999            0.530428851386430            1.469507513203138  
         45.835439102943248            1.469507513203138            0.530428851386430  
         45.956383319268497            0.530428851386430            1.469507513203138  
         46.077327535593746            1.469507513203138            0.530428851386430  
         46.198271751919002            1.469507513203138            0.530428851386430  
         46.319215968244251            0.530428851386430            1.469507513203138  
         46.440160184569500            1.469507513203138            0.530428851386430  
         46.561104400894749            0.530428851386430            1.469507513203138  
         46.682048617219998            0.530428851386430            1.469507513203138  
         46.802992833545247            1.469507513203138            0.530428851386430  
         46.923937049870496            0.530428851386430            1.469507513203138  
         47.044881266195752            0.530428851386430            1.469507513203138  
         47.165825482521001            1.469507513203138            0.530428851386430  
         47.286769698846250            0.530428851386430            1.469507513203138  
         47.407713915171499            0.530428851386430            1.469507513203138  
         47.528658131496748            1.469507513203138            0.530428851386430  
         47.649602347821997            0.530428851386430            1.469507513203138  
         47.770546564147246            0.530428851386430            1.469507513203138  
         47.891490780472502            1.469507513203138            0.530428851386430  
         48.012434996797751            0.530428851386430            1.469507513203138  
         48.133379213123000            1.469507513203138            0.530428851386430  
         48.254323429448249            1.469507513203138            0.530428851386430  
         48.375267645773498            0.530428851386430            1.469507513203138  
         48.496211862098747            1.469507513203138            0.530428851386430  
         48.617156078423996            0.530428851386430            1.469507513203138  
         48.738100294749252            0.530428851386430            1.469507513203138  
         48.859044511074501            1.469507513203138            0.530428851386430  
         48.979988727399750            0.530428851386430            1.469507513203138  
         49.100932943724999            0.530428851386430            1.469507513203138  
         49.221877160050248            1.469507513203138            0.530428851386430  
         49.342821376375497            0.530428851386430            1.469507513203138  
         49.463765592700746            0.530428851386430            1.469507513203138  
         49.584709809026002            1.469507513203138            0.530428851386430  
         49.705654025351251            0.530428851386430            1.469507513203138  
         49.826598241676500            0.530428851386430            1.469507513203138  
         49.947542458001749            1.469507513203138            0.530428851386430  
         50.068486674326998            0.530428851386430            1.469507513203138  
         50.189430890652247            1.469507513203138            0.530428851386430  
         50.310375106977496            1.469507513203138            0.530428851386430  
         50.431319323302752            0.530428851386430            1.469507513203138  
         50.552263539628001            1.469507513203138            0.530428851386430  
         50.673207755953250            0.530428851386430            1.469507513203138  
         50.794151972278499            0.530428851386430            1.469507513203138  
         50.915096188603748            1.469507513203138            0.530428851386430  
         51.036040404928997            0.530428851386430            1.469507513203138  
         51.156984621254246            0.530428851386430            1.469507513203138  
         51.277928837579502            1.469507513203138            0.530428851386430  
         51.398873053904751            0.530428851386430            1.469507513203138  
         51.519817270230000            0.530428851386430            1.469507513203138  
         51.640761486555249            1.469507513203138            0.530428851386430  
         51.761705702880498            0.530428851386430            1.469507513203138  
         51.882649919205747            0.530428851386430            1.469507513203138  
         52.003594135530996            1.469507513203138            0.530428851386430  
         52.124538351856252            0.530428851386430            1.469507513203138  
         52.245482568181501            0.530428851386430            1.469507513203138  
         52.366426784506750            1.469507513203138            0.530428851386430  
         52.487371000831999            0.530428851386430            1.469507513203138  
         52.608315217157248            1.469507513203138            0.530428851386430  
         52.729259433482497            1.469507513203138            0.530428851386430  
         52.850203649807746            0.530428851386430            1.469507513203138  
         52.971147866133002            1.469507513203138            0.530428851386430  
         53.092092082458251            0.530428851386430            1.469507513203138  
         53.213036298783500            0.530428851386430            1.469507513203138  
         53.333980515108749            1.469507513203138            0.530428851386430  
         53.454924731433998            0.530428851386430            1.469507513203138  
         53.575868947759247            0.530428851386430            1.469507513203138  
         53.696813164084496            1.469507513203138            0.530428851386430  
         53.817757380409752            0.530428851386430            1.469507513203138  
         53.938701596735001            0.530428851386430            1.469507513203138  
         54.059645813060250            1.469507513203138            0.530428851386430  
         54.180590029385499            0.530428851386430            1.469507513203138  
         54.301534245710748            0.530428851386430            1.469507513203138  
         54.422478462035997            1.469507513203138            0.530428851386430  
         54.543422678361246            0.530428851386430            1.469507513203138  
         54.664366894686502            1.469507513203138            0.530428851386430  
         54.785311111011751            1.469507513203138            0.530428851386430  
         54.906255327337000            0.530428851386430            1.469507513203138  
         55.027199543662249            1.469507513203138            0.530428851386430  
         55.148143759987498            0.530428851386430            1.469507513203138  
         55.269087976312747            0.530428851386430            1.469507513203138  
         55.390032192637996            1.469507513203138            0.530428851386430  
         55.510976408963252            0.530428851386430            1.469507513203138  
         55.631920625288501            0.530428851386430            1.469507513203138  
         55.752864841613750            1.469507513203138            0.530428851386430  
         55.873809057938999            0.530428851386430            1.469507513203138  
         55.994753274264248            0.530428851386430            1.469507513203138  
         56.115697490589497            1.469507513203138            0.530428851386430  
         56.236641706914746            0.530428851386430            1.469507513203138  
         56.357585923240002            0.530428851386430            1.469507513203138  
         56.478530139565251            1.469507513203138            0.530428851386430  
         56.599474355890500            0.530428851386430            1.469507513203138  
         56.720418572215749            1.469507513203138            0.530428851386430  
         56.841362788540998            1.469507513203138            0.530428851386430  
         56.962307004866247            0.530428851386430            1.469507513203138  
         57.083251221191496            1.469507513203138            0.530428851386430  
         57.204195437516752            0.530428851386430            1.469507513203138  
         57.325139653842001            0.530428851386430            1.469507513203138  
         57.446083870167250            1.469507513203138            0.530428851386430  
         57.567028086492499            0.530428851386430            1.469507513203138  
         57.687972302817748            0.530428851386430            1.469507513203138  
         57.808916519142997            1.469507513203138            0.530428851386430  
         57.929860735468246            0.530428851386430            1.469507513203138  
         58.050804951793502            0.530428851386430            1.469507513203138  
         58.171749168118751            1.469507513203138            0.530428851386430  
         58.292693384444000            0.530428851386430            1.469507513203138  
         58.413637600769249            0.530428851386430            1.469507513203138  
         58.534581817094498            1.469507513203138            0.530428851386430  
         58.655526033419747            0.530428851386430            1.469507513203138  
         58.776470249744996            1.469507513203138            0.530428851386430  
         58.897414466070252            1.469507513203138            0.530428851386430  
         59.018358682395501            0.530428851386430            1.469507513203138  
         59.139302898720750            1.469507513203138            0.530428851386430  
         59.260247115045999            1.469507513203138            0.530428851386430  
         59.381191331371248            0.530428851386430            1.469507513203138  
         59.502135547696497            1.469507513203138            0.530428851386430  
         59.623079764021746            0.530428851386430            1.469507513203138  
         59.744023980347002            0.530428851386430            1.469507513203138  
         59.864968196672251            1.469507513203138            0.530428851386430  
         59.985912412997500            0.530428851386430            1.469507513203138  
         60.106856629322749            0.530428851386430            1.469507513203138  
         60.227800845647998            1.469507513203138            0.530428851386430  
         60.348745061973247            0.530428851386430            1.469507513203138  
         60.469689278298496            0.530428851386430            1.469507513203138  
         60.590633494623752            1.469507513203138            0.530428851386430  
         60.711577710949001            0.530428851386430            1.469507513203138  
         60.832521927274250            0.530428851386430            1.469507513203138  
         60.953466143599499            1.469507513203138            0.530428851386430  
         61.074410359924748            0.530428851386430            1.469507513203138  
         61.195354576249997            1.469507513203138            0.530428851386430  
         61.316298792575246            1.469507513203138            0.530428851386430  
         61.437243008900502            0.530428851386430            1.469507513203138  
         61.558187225225751            1.469507513203138            0.530428851386430  
         61.679131441551000            0.530428851386430            1.469507513203138  
         61.800075657876249            0.530428851386430            1.469507513203138  
         61.921019874201498            1.469507513203138            0.530428851386430  
         62.041964090526747            0.530428851386430            1.469507513203138  
         62.162908306851996            0.530428851386430            1.469507513203138  
         62.283852523177252            1.469507513203138            0.530428851386430  
         62.404796739502501            0.530428851386430            1.469507513203138  
         62.525740955827750            0.530428851386430            1.469507513203138  
         62.646685172152999            1.469507513203138            0.530428851386430  
         62.767629388478248            0.530428851386430            1.469507513203138  
         62.888573604803497            0.530428851386430            1.469507513203138  
         63.009517821128746            1.469507513203138            0.530428851386430  
         63.130462037454002            0.530428851386430            1.469507513203138  
         63.251406253779251            1.469507513203138            0.530428851386430  
         63.372350470104500            1.469507513203138            0.530428851386430  
         63.493294686429749            0.530428851386430            1.469507513203138  
         63.614238902754998            1.469507513203138            0.530428851386430  
         63.735183119080247            0.530428851386430            1.469507513203138  
         63.856127335405496            0.530428851386430            1.469507513203138  
         63.977071551730752            1.469507513203138            0.530428851386430  
         64.098015768056001            0.530428851386430            1.469507513203138  
         64.218959984381243            0.530428851386430            1.469507513203138  
         64.339904200706499            1.469507513203138            0.530428851386430  
         64.460848417031755            0.530428851386430            1.469507513203138  
         64.581792633356997            0.530428851386430            1.469507513203138  
         64.702736849682253            1.469507513203138            0.530428851386430  
         64.823681066007495            0.530428851386430            1.469507513203138  
         64.944625282332751            0.530428851386430            1.469507513203138  
         65.065569498657993            1.469507513203138            0.530428851386430  
         65.186513714983249            0.530428851386430            1.469507513203138  
         65.307457931308505            1.469507513203138            0.530428851386430  
         65.428402147633747            1.469507513203138            0.530428851386430  
         65.549346363959003            0.530428851386430            1.469507513203138  
         65.670290580284245            1.469507513203138            0.530428851386430  
         65.791234796609501            1.469507513203138            0.530428851386430  
         65.912179012934743            0.530428851386430            1.469507513203138  
         66.033123229259999            1.469507513203138            0.530428851386430  
         66.154067445585255            0.530428851386430            1.469507513203138  
         66.275011661910497            0.530428851386430            1.469507513203138  
         66.395955878235753            1.469507513203138            0.530428851386430  
         66.516900094560995            0.530428851386430            1.469507513203138  
         66.637844310886251            0.530428851386430            1.469507513203138  
         66.758788527211493            1.469507513203138            0.530428851386430  
         66.879732743536749            0.530428851386430            1.469507513203138  
         67.000676959862005            0.530428851386430            1.469507513203138  
         67.121621176187247            1.469507513203138            0.530428851386430  
         67.242565392512503            0.530428851386430            1.469507513203138  
         67.363509608837745            1.469507513203138            0.530428851386430  
         67.484453825163001            1.469507513203138            0.530428851386430  
         67.605398041488243            0.530428851386430            1.469507513203138  
         67.726342257813499            1.469507513203138            0.530428851386430  
         67.847286474138755            1.469507513203138            0.530428851386430  
         67.968230690463997            0.530428851386430            1.469507513203138  
         68.089174906789253            1.469507513203138            0.530428851386430  
         68.210119123114495            0.530428851386430            1.469507513203138  
         68.331063339439751            0.530428851386430            1.469507513203138  
         68.452007555764993            1.469507513203138            0.530428851386430  
         68.572951772090249            0.530428851386430            1.469507513203138  
         68.693895988415505            0.530428851386430            1.469507513203138  
         68.814840204740747            1.469507513203138            0.530428851386430  
         68.935784421066003            0.530428851386430            1.469507513203138  
         69.056728637391245            0.530428851386430            1.469507513203138  
         69.177672853716501            1.469507513203138            0.530428851386430  
         69.298617070041743            0.530428851386430            1.469507513203138  
         69.419561286366999            0.530428851386430            1.469507513203138  
         69.540505502692255            1.469507513203138            0.530428851386430  
         69.661449719017497            0.530428851386430            1.469507513203138  
         69.782393935342753            1.469507513203138            0.530428851386430  
         69.903338151667995            1.469507513203138            0.530428851386430  
         70.024282367993251            0.530428851386430            1.469507513203138  
         70.145226584318493            1.469507513203138            0.530428851386430  
         70.266170800643749            0.530428851386430            1.469507513203138  
         70.387115016969005            0.530428851386430            1.469507513203138  
         70.508059233294247            1.469507513203138            0.530428851386430  
         70.629003449619503            0.530428851386430            1.469507513203138  
         70.749947665944745            0.530428851386430            1.469507513203138  
         70.870891882270001            1.469507513203138            0.530428851386430  
         70.991836098595243            0.530428851386430            1.469507513203138  
         71.112780314920499            0.530428851386430            1.469507513203138  
         71.233724531245755            1.469507513203138            0.530428851386430  
         71.354668747570997            0.530428851386430            1.469507513203138  
         71.475612963896253            0.530428851386430            1.469507513203138  
         71.596557180221495            1.469507513203138            0.530428851386430  
         71.717501396546751            0.530428851386430            1.469507513203138  
         71.838445612871993            1.469507513203138            0.530428851386430  
         71.959389829197249            1.469507513203138            0.530428851386430  
         72.080334045522505            0.530428851386430            1.469507513203138  
         72.201278261847747            1.469507513203138            0.530428851386430  
         72.322222478173003            0.530428851386430            1.469507513203138  
         72.443166694498245            0.530428851386430            1.469507513203138  
         72.564110910823501            1.469507513203138            0.530428851386430  
