#             time (fs)      |   total net charge (e)  |   charge (atom_1) (e)   |   charge (atom_2) (e)   |        ...        |   charge (atom_N) (e)   |
          0.000000000000000       -0.000000000000000       -0.000000000000000        0.000000000000000
          0.120944216325250       -0.000000000001418       -0.000421237373918        0.000421237372500
          0.241888432650500       -0.000000000002171       -0.002139619073132        0.002139619070962
          0.362832648975750       -0.000000000001993       -0.000704557081792        0.000704557079800
          0.483776865301000       -0.000000000001951        0.001853856375282       -0.001853856377233
          0.604721081626250        0.000000000000070        0.005143871177215       -0.005143871177145
          0.725665297951500        0.000000000003782        0.002795976687681       -0.002795976683900
          0.846609514276750        0.000000000005114       -0.001935397034984        0.001935397040098
          0.967553730602000        0.000000000008828       -0.007887739182537        0.007887739191365
          1.088497946927250        0.000000000019372       -0.005979031313719        0.005979031333091
          1.209442163252500        0.000000000021483        0.000431555546226       -0.000431555524744
          1.330386379577750        0.000000000024184        0.009739114143461       -0.009739114119277
          1.451330595903000        0.000000000042631        0.009746465664917       -0.009746465622286
          1.572274812228250        0.000000000051870        0.002644449562891       -0.002644449511021
          1.693219028553500        0.000000000040295       -0.010189226976917        0.010189227017213
          1.814163244878750        0.000000000067618       -0.013505863860003        0.013505863927621
          1.935107461204000        0.000000000090692       -0.007097605954421        0.007097606045112
          2.056051677529250        0.000000000066833        0.008839007648154       -0.008839007581321
          2.176995893854500        0.000000000088493        0.016566948520937       -0.016566948432444
          2.297940110179750        0.000000000139675        0.012479841953072       -0.012479841813397
          2.418884326505000        0.000000000100166       -0.005532428282147        0.005532428382313
          2.539828542830250        0.000000000103123       -0.018299808542753        0.018299808645876
          2.660772759155500        0.000000000175412       -0.018203525407520        0.018203525582932
          2.781716975480750        0.000000000150877        0.000311716539828       -0.000311716388951
          2.902661191806000        0.000000000121858        0.018133678773479       -0.018133678651621
          3.023605408131250        0.000000000204776        0.023516747227959       -0.023516747023183
          3.144549624456500        0.000000000205679        0.006486131234881       -0.006486131029202
          3.265493840781750        0.000000000153191       -0.015713363701674        0.015713363854865
          3.386438057107000        0.000000000213381       -0.027662926341539        0.027662926554920
          3.507382273432250        0.000000000254242       -0.014323583320656        0.014323583574898
          3.628326489757500        0.000000000203570        0.010879082675061       -0.010879082471491
          3.749270706082750        0.000000000231748        0.029890485829944       -0.029890485598196
          3.870214922408000        0.000000000287043        0.022427050570966       -0.022427050283923
          3.991159138733250        0.000000000261926       -0.003784356091929        0.003784356353854
          4.112103355058500        0.000000000264836       -0.029620954319397        0.029620954584234
          4.233047571383750        0.000000000305340       -0.029937135777616        0.029937136082956
          4.353991787709000        0.000000000308504       -0.005169650133086        0.005169650441591
          4.474936004034250        0.000000000323943        0.026453726287440       -0.026453725963497
          4.595880220359500        0.000000000330274        0.035928204009540       -0.035928203679265
          4.716824436684750        0.000000000327974        0.015285847378311       -0.015285847050337
          4.837768653010000        0.000000000390736       -0.020297497084205        0.020297497474941
          4.958712869335250        0.000000000384790       -0.039577080744855        0.039577081129645
          5.079657085660500        0.000000000327705       -0.025698500695035        0.025698501022740
          5.200601301985750        0.000000000431886        0.011338528380084       -0.011338527948197
          5.321545518311000        0.000000000465147        0.040189896803110       -0.040189896337962
          5.442489734636251        0.000000000327438        0.035396641310335       -0.035396640982897
          5.563433950961501        0.000000000427848       -0.000105798452612        0.000105798880460
          5.684378167286750        0.000000000562382       -0.037338979849312        0.037338980411694
          5.805322383612000        0.000000000370256       -0.043383670035396        0.043383670405652
          5.926266599937250        0.000000000386574       -0.012620247796997        0.012620248183571
          6.047210816262500        0.000000000616622        0.030862447228665       -0.030862446612043
          6.168155032587750        0.000000000448387        0.048719551694554       -0.048719551246166
          6.289099248913001        0.000000000339540        0.025820940105751       -0.025820939766211
          6.410043465238251        0.000000000619105       -0.020951056247242        0.020951056866347
          6.530987681563500        0.000000000561369       -0.050656307189860        0.050656307751229
          6.651931897888750        0.000000000348396       -0.038382730885435        0.038382731233831
          6.772876114214000        0.000000000562736        0.008104229607315       -0.008104229044579
          6.893820330539250        0.000000000639403        0.048654171960316       -0.048654171320913
          7.014764546864500        0.000000000412236        0.049148787996995       -0.049148787584759
          7.135708763189751        0.000000000510405        0.006843903288819       -0.006843902778414
          7.256652979515001        0.000000000670745       -0.042481406076219        0.042481406746964
          7.377597195840250        0.000000000528260       -0.057063024253647        0.057063024781907
          7.498541412165500        0.000000000523703       -0.022827902709224        0.022827903232927
          7.619485628490750        0.000000000649280        0.032203753436964       -0.032203752787684
          7.740429844816000        0.000000000619417        0.061201825613161       -0.061201824993744
          7.861374061141250        0.000000000630338        0.038582233142468       -0.038582232512130
          7.982318277466501        0.000000000646541       -0.018260894234593        0.018260894881134
          8.103262493791750        0.000000000651149       -0.060890620225219        0.060890620876368
          8.224206710117000        0.000000000796466       -0.052792196060676        0.052792196857141
          8.345150926442249        0.000000000737466        0.001420503181352       -0.001420502443886
          8.466095142767500        0.000000000628862        0.055706811528394       -0.055706810899532
          8.587039359092751        0.000000000944520        0.064145772621659       -0.064145771677139
          8.707983575418000        0.000000000960354        0.017188296588151       -0.017188295627797
          8.828927791743251        0.000000000615214       -0.045591093094793        0.045591093710007
          8.949872008068500        0.000000000979452       -0.071491677190686        0.071491678170138
          9.070816224393750        0.000000001263212       -0.036196719520898        0.036196720784111
          9.191760440718999        0.000000000725257        0.030842076870817       -0.030842076145560
          9.312704657044250        0.000000000924945        0.073866812457253       -0.073866811532308
          9.433648873369501        0.000000001547365        0.054041442120470       -0.054041440573105
          9.554593089694750        0.000000001002662       -0.012225677678946        0.012225678681609
          9.675537306020001        0.000000000813451       -0.070634829932517        0.070634830745968
          9.796481522345250        0.000000001667307       -0.069169742761122        0.069169744428429
          9.917425738670500        0.000000001419429       -0.009078705328678        0.009078706748106
         10.038369954995749        0.000000000822662        0.061491951768778       -0.061491950946115
         10.159314171321000        0.000000001637896        0.080121821038273       -0.080121819400377
         10.280258387646251        0.000000001848799        0.031463393675123       -0.031463391826324
         10.401202603971500        0.000000000995175       -0.046613555349660        0.046613556344835
         10.522146820296751        0.000000001481298       -0.085721214375821        0.085721215857119
         10.643091036622000        0.000000002118968       -0.053097394163279        0.053097396282247
         10.764035252947250        0.000000001359746        0.026667851999632       -0.026667850639886
         10.884979469272501        0.000000001406137        0.085093265598535       -0.085093264192398
         11.005923685597750        0.000000002193903        0.072068162104959       -0.072068159911057
         11.126867901923001        0.000000001766191       -0.002930176962469        0.002930178728660
         11.247812118248250        0.000000001474899       -0.077790721304748        0.077790722779647
         11.368756334573501        0.000000002098744       -0.086664129210143        0.086664131308887
         11.489700550898750        0.000000002054173       -0.022823948175765        0.022823950229937
         11.610644767224001        0.000000001736377        0.063807114428658       -0.063807112692282
         11.731588983549251        0.000000002029539        0.095478143588913       -0.095478141559374
         11.852533199874500        0.000000002134493        0.048435547955529       -0.048435545821036
         11.973477416199751        0.000000002042665       -0.043735122586734        0.043735124629399
         12.094421632525000        0.000000002109352       -0.097532556356356        0.097532558465708
         12.215365848850251        0.000000002050943       -0.071694680221596        0.071694682272539
         12.336310065175500        0.000000002227390        0.018794889413645       -0.018794887186255
         12.457254281500751        0.000000002371244        0.092251944491371       -0.092251942120127
         12.578198497826001        0.000000001969757        0.090582835545378       -0.090582833575621
         12.699142714151250        0.000000002189082        0.009147053718283       -0.009147051529201
         12.820086930476501        0.000000002707365       -0.079546993759429        0.079546996466795
         12.941031146801750        0.000000002078198       -0.103502126801275        0.103502128879473
         13.061975363127001        0.000000001981362       -0.037804474174826        0.037804476156188
         13.182919579452250        0.000000002892575        0.059871852679020       -0.059871849786445
         13.303863795777501        0.000000002381983        0.109302565864400       -0.109302563482417
         13.424808012102751        0.000000001781055        0.064748699924664       -0.064748698143609
         13.545752228428000        0.000000002818572       -0.034349997708500        0.034350000527072
         13.666696444753251        0.000000002832648       -0.107293137080438        0.107293139913086
         13.787640661078500        0.000000001791885       -0.087749752421153        0.087749754213038
         13.908584877403751        0.000000002512398        0.004749762765386       -0.004749760252988
         14.029529093729000        0.000000003140303        0.097220406753990       -0.097220403613687
         14.150473310054251        0.000000002033108        0.104970461337878       -0.104970459304770
         14.271417526379501        0.000000002191601        0.026641542067329       -0.026641539875728
         14.392361742704750        0.000000003215709       -0.079350026982687        0.079350030198396
         14.513305959030001        0.000000002433381       -0.115055837048222        0.115055839481602
         14.634250175355250        0.000000002109673       -0.057305053704992        0.057305055814665
         14.755194391680501        0.000000003001324        0.054545264096062       -0.054545261094738
         14.876138608005750        0.000000002738329        0.117099761165233       -0.117099758426905
         14.997082824331001        0.000000002319987        0.084783133185707       -0.084783130865719
         15.118027040656251        0.000000002763111       -0.024340225843806        0.024340228606917
         15.238971256981500        0.000000002819331       -0.110624563309515        0.110624566128846
         15.359915473306751        0.000000002704044       -0.106941901781487        0.106941904485531
         15.480859689632000        0.000000002765292       -0.009123809004450        0.009123811769742
         15.601803905957251        0.000000002652781        0.095588435364341       -0.095588432711560
         15.722748122282500        0.000000002990808        0.122097676890979       -0.122097673900171
         15.843692338607751        0.000000003152381        0.043258728818794       -0.043258725666413
         15.964636554933001        0.000000002456635       -0.072496560849627        0.072496563306262
         16.085580771258250        0.000000002956078       -0.129053419637812        0.129053422593890
         16.206524987583499        0.000000003765336       -0.075327184405775        0.075327188171112
         16.327469203908752        0.000000002551846        0.042513891741991       -0.042513889190144
         16.448413420234001        0.000000002642452        0.127040956511114       -0.127040953868661
         16.569357636559250        0.000000004284166        0.102748335237191       -0.102748330953026
         16.690301852884499        0.000000003136898       -0.007576854729032        0.007576857865929
         16.811246069209751        0.000000002201630       -0.115709048717946        0.115709050919577
         16.932190285535000        0.000000004351582       -0.123388869401892        0.123388873753474
         17.053134501860249        0.000000004114866       -0.029673402110923        0.029673406225789
         17.174078718185502        0.000000002064326        0.095164101560598       -0.095164099496271
         17.295022934510751        0.000000004002300        0.135688088558960       -0.135688084556660
         17.415967150836000        0.000000005122989        0.066114584851630       -0.066114579728642
         17.536911367161249        0.000000002406439       -0.066175391122365        0.066175393528804
         17.657855583486501        0.000000003368909       -0.138653308374220        0.138653311743129
         17.778799799811750        0.000000005640683       -0.098594397414226        0.098594403054910
         17.899744016136999        0.000000003307551        0.030387585734368       -0.030387582426817
         18.020688232462252        0.000000002928520        0.131725818884285       -0.131725815955765
         18.141632448787501        0.000000005583447        0.124401940280521       -0.124401934697074
         18.262576665112750        0.000000004387107        0.009538537077328       -0.009538532690221
         18.383520881437999        0.000000002877753       -0.114747703909548        0.114747706787301
         18.504465097763251        0.000000005024103       -0.141609606147675        0.141609611171778
         18.625409314088500        0.000000005182228       -0.050129180466497        0.050129185648724
         18.746353530413749        0.000000003354259        0.088115490298144       -0.088115486943885
         18.867297746739002        0.000000004503472        0.149081028134756       -0.149081023631283
         18.988241963064251        0.000000005408661        0.087641973381308       -0.087641967972647
         19.109186179389500        0.000000004049399       -0.053151051256518        0.053151055305917
         19.230130395714749        0.000000004307484       -0.146224064253225        0.146224068560709
         19.351074612040001        0.000000005104940       -0.118790833263628        0.118790838368568
         19.472018828365250        0.000000004585674        0.012389012063006       -0.012389007477332
         19.592963044690499        0.000000004603754        0.132775834341837       -0.132775829738083
         19.713907261015752        0.000000004714024        0.141277430301982       -0.141277425587958
         19.834851477341001        0.000000004652622        0.030546227842646       -0.030546223190024
         19.955795693666250        0.000000005158359       -0.108895615166535        0.108895620324894
         20.076739909991499        0.000000004627041       -0.153813303498684        0.153813308125725
         20.197684126316751        0.000000004300575       -0.071555883754319        0.071555888054894
         20.318628342642000        0.000000005517287        0.075606740891706       -0.075606735374419
         20.439572558967249        0.000000005003701        0.155796376307444       -0.155796371303743
         20.560516775292502        0.000000003863505        0.106960537686482       -0.106960533822977
         20.681460991617751        0.000000005351823       -0.035162168289118        0.035162173640941
         20.802405207943000        0.000000005733543       -0.146928121490026        0.146928127223569
         20.923349424268253        0.000000003753433       -0.134085931115313        0.134085934868747
         21.044293640593501        0.000000004652487       -0.008966613476583        0.008966618129069
         21.165237856918750        0.000000006307234        0.127263411370195       -0.127263405062961
         21.286182073243999        0.000000004083238        0.151410114786938       -0.151410110703700
         21.407126289569252        0.000000003809704        0.052707291375869       -0.052707287566166
         21.528070505894501        0.000000006402375       -0.097522933445041        0.097522939847416
         21.649014722219750        0.000000004782186       -0.158184962587279        0.158184967369465
         21.769958938545003        0.000000003327113       -0.092148110027244        0.092148113354356
         21.890903154870252        0.000000005797643        0.059528861578404       -0.059528855780761
         22.011847371195501        0.000000005421078        0.154119447894835       -0.154119442473757
         22.132791587520749        0.000000003366081        0.124246945429903       -0.124246942063823
         22.253735803846002        0.000000004911119       -0.016216554024383        0.016216558935503
         22.374680020171251        0.000000005726064       -0.139188889577437        0.139188895303501
         22.495624236496500        0.000000003843231       -0.146996448610461        0.146996452453692
         22.616568452821753        0.000000004262627       -0.028653388463794        0.028653392726421
         22.737512669147002        0.000000005459047        0.113882309796597       -0.113882304337551
         22.858456885472251        0.000000004340586        0.159347114613756       -0.159347110273169
         22.979401101797500        0.000000004210980        0.071182002384889       -0.071181998173908
         23.100345318122752        0.000000004890535       -0.079456694357291        0.079456699247826
         23.221289534448001        0.000000004562235       -0.160812542010075        0.160812546572310
         23.342233750773250        0.000000004640445       -0.107889268512545        0.107889273152990
         23.463177967098503        0.000000004471799        0.038219672949310       -0.038219668477511
         23.584122183423752        0.000000004356551        0.151296294745511       -0.151296290388960
         23.705066399749001        0.000000005118436        0.136209721753614       -0.136209716635177
         23.826010616074250        0.000000004642586        0.006593395150225       -0.006593390507640
         23.946954832399502        0.000000003889049       -0.131001248686613        0.131001252575662
         24.067899048724751        0.000000005207996       -0.154526821852032        0.154526827060028
         24.188843265050000        0.000000005397424       -0.051114321264556        0.051114326661979
         24.309787481375253        0.000000003574635        0.100716040164575       -0.100716036589940
         24.430731697700502        0.000000004851718        0.162080628375771       -0.162080623524053
         24.551675914025751        0.000000006302991        0.091497988434309       -0.091497982131318
         24.672620130351000        0.000000003790820       -0.062073091911373        0.062073095702193
         24.793564346676252        0.000000004188814       -0.158591647532627        0.158591651721441
         24.914508563001501        0.000000006751912       -0.124467458145661        0.124467464897573
         25.035452779326750        0.000000004684506        0.017837706564896       -0.017837701880390
         25.156396995652003        0.000000003684649        0.144116957520158       -0.144116953835509
         25.277341211977252        0.000000006583675        0.147820803206044       -0.147820796622370
         25.398285428302501        0.000000005898578        0.028259004182151       -0.028258998283573
         25.519229644627750        0.000000003606248       -0.119029199138552        0.119029202744800
         25.640173860953002        0.000000005910601       -0.160413648409404        0.160413654320005
         25.761118077278251        0.000000006814711       -0.071955473446245        0.071955480260956
         25.882062293603500        0.000000004138902        0.084438663668175       -0.084438659529273
         26.003006509928753        0.000000005268370        0.161939015407879       -0.161939010139509
         26.123950726254002        0.000000007050719        0.109343527774918       -0.109343520724200
         26.244894942579251        0.000000004980788       -0.042552539752589        0.042552544733377
         26.365839158904500        0.000000004966686       -0.152422564446391        0.152422569413077
         26.486783375229752        0.000000006597374       -0.137530224803940        0.137530231401314
         26.607727591555001        0.000000005688136       -0.003095284752956        0.003095290441092
         26.728671807880250        0.000000005178132        0.132143994601639       -0.132143989423507
         26.849616024205503        0.000000005975043        0.155031133538781       -0.155031127563738
         26.970560240530752        0.000000005843648        0.048156636554754       -0.048156630711106
         27.091504456856001        0.000000005658842       -0.101840319614571        0.101840325273413
         27.212448673181250        0.000000005622053       -0.161391119111911        0.161391124733965
         27.333392889506502        0.000000005428142       -0.088289308722615        0.088289314150758
         27.454337105831751        0.000000005960618        0.063343871170738       -0.063343865210120
         27.575281322157000        0.000000005774557        0.156724983123725       -0.156724977349168
         27.696225538482253        0.000000004809823        0.120201528054159       -0.120201523244336
         27.817169754807502        0.000000005702721       -0.019768197946139        0.019768203648860
         27.938113971132751        0.000000006299983       -0.141286551348876        0.141286557648858
         28.059058187458000        0.000000004465228       -0.141973871972851        0.141973876438079
         28.180002403783252        0.000000004856325       -0.024728205468778        0.024728210325102
         28.300946620108501        0.000000006702756        0.115769750292439       -0.115769743589683
         28.421890836433750        0.000000004606355        0.152958206511040       -0.152958201904684
         28.542835052759003        0.000000003792923        0.065927576675450       -0.065927572882527
         28.663779269084252        0.000000006557818       -0.081671454106499        0.081671460664316
         28.784723485409501        0.000000005189115       -0.153118572478495        0.153118577667610
         28.905667701734750        0.000000003031742       -0.100326138796486        0.100326141828228
         29.026611918060002        0.000000005636194        0.041684685999661       -0.041684680363467
         29.147556134385251        0.000000005769292        0.142795851958641       -0.142795846189349
         29.268500350710500        0.000000002816285        0.125722539722837       -0.125722536906552
         29.389444567035753        0.000000004285838        0.000659968313744       -0.000659964027906
         29.510388783361002        0.000000005987168       -0.122617694846496        0.122617700833664
         29.631332999686251        0.000000003136398       -0.141011515805632        0.141011518942029
         29.752277216011500        0.000000003061693       -0.041503430158639        0.041503433220332
         29.873221432336752        0.000000005510692        0.093904267995635       -0.093904262484942
         29.994165648662001        0.000000003612677        0.145956369741445       -0.145956366128768
         30.115109864987250        0.000000002385742        0.077483896822307       -0.077483894436565
         30.236054081312503        0.000000004549007       -0.058738847437461        0.058738851986468
         30.356998297637752        0.000000003928255       -0.140732239590051        0.140732243518306
         30.477942513963001        0.000000002331746       -0.106049275447052        0.106049277778798
         30.598886730288250        0.000000003517679        0.020018180446619       -0.020018176928940
         30.719830946613502        0.000000003808491        0.125950311103493       -0.125950307295002
         30.840775162938751        0.000000002591972        0.125697038537019       -0.125697035945046
         30.961719379264000        0.000000002903519        0.019026196124671       -0.019026193221153
         31.082663595589253        0.000000003339401       -0.102610606083125        0.102610609422526
         31.203607811914502        0.000000002821314       -0.135696045375342        0.135696048196656
         31.324552028239751        0.000000002846544       -0.055164049897017        0.055164052743561
         31.445496244565000        0.000000002803582        0.072365398701802       -0.072365395898220
         31.566440460890252        0.000000002786017        0.135988716388171       -0.135988713602154
         31.687384677215501        0.000000003131672        0.085713199852052       -0.085713196720380
         31.808328893540750        0.000000002578999       -0.037439061257462        0.037439063836461
         31.929273109866003        0.000000002503898       -0.126895662718391        0.126895665222288
         32.050217326191252        0.000000003385135       -0.108666517647035        0.108666521032169
         32.171161542516501        0.000000002837294        0.000632713215220       -0.000632710377926
         32.292105758841750        0.000000002204765        0.109202937593956       -0.109202935389191
         32.413049975166999        0.000000003383491        0.122880303542138       -0.122880300158647
         32.533994191492248        0.000000003429309        0.035085170913150       -0.035085167483841
         32.654938407817504        0.000000002136669       -0.084114341342465        0.084114343479134
         32.775882624142753        0.000000003118829       -0.127857090679222        0.127857093798051
         32.896826840468002        0.000000003988546       -0.066836648221088        0.066836652209634
         33.017771056793251        0.000000002453112        0.053472678918372       -0.053472676465260
         33.138715273118500        0.000000002821153        0.123713805620379       -0.123713802799226
         33.259659489443749        0.000000004233463        0.092322083432201       -0.092322079198738
         33.380603705768998        0.000000003029707       -0.019649084566721        0.019649087596427
         33.501547922094254        0.000000002693817       -0.110952925576376        0.110952928270193
         33.622492138419503        0.000000004091910       -0.109930096886683        0.109930100978593
         33.743436354744752        0.000000003589690       -0.014506778001760        0.014506781591450
         33.864380571070001        0.000000002853991        0.090587605358313       -0.090587602504322
         33.985324787395250        0.000000003778798        0.118895212388168       -0.118895208609370
         34.106269003720499        0.000000003853111        0.046141539519576       -0.046141535666465
         34.227213220045748        0.000000003183972       -0.064113591591747        0.064113594775719
         34.348157436371004        0.000000003523785       -0.119054513166335        0.119054516690121
         34.469101652696253        0.000000003739709       -0.072706134241962        0.072706137981671
         34.590045869021502        0.000000003444531        0.033686428019070       -0.033686424574540
         34.710990085346751        0.000000003474110        0.110815885056221       -0.110815881582111
         34.831934301672000        0.000000003401329        0.092411456361569       -0.092411452960239
         34.952878517997249        0.000000003399435       -0.001885113994402        0.001885117393837
         35.073822734322498        0.000000003556930       -0.094978226344518        0.094978229901448
         35.194766950647754        0.000000003072044       -0.104217574173561        0.104217577245604
         35.315711166973003        0.000000002986535       -0.028492432923977        0.028492435910512
         35.436655383298252        0.000000003548585        0.072901255204654       -0.072901251656068
         35.557599599623501        0.000000002897872        0.107861897973753       -0.107861895075880
         35.678543815948750        0.000000002345685        0.054980222999506       -0.054980220653820
         35.799488032273999        0.000000003230192       -0.046425291095294        0.046425294325486
         35.920432248599248        0.000000002855317       -0.103573705121375        0.103573707976692
         36.041376464924504        0.000000001718380       -0.075663955851632        0.075663957570012
         36.162320681249753        0.000000002522854        0.017891777550379       -0.017891775027525
         36.283264897575002        0.000000002755320        0.092097547456337       -0.092097544701017
         36.404209113900251        0.000000001269773        0.089439010043674       -0.089439008773901
         36.525153330225500        0.000000001568732        0.010254104833063       -0.010254103264331
         36.646097546550749        0.000000002412640       -0.074559457549412        0.074559459962052
         36.767041762875998        0.000000001023921       -0.095834777584585        0.095834778608505
         36.887985979201254        0.000000000623051       -0.035691251735615        0.035691252358666
         37.008930195526503        0.000000001735038        0.052577526294410       -0.052577524559372
         37.129874411851752        0.000000000845782        0.095003145479836       -0.095003144634054
         37.250818628177001       -0.000000000099880        0.056625762404900       -0.056625762504780
         37.371762844502250        0.000000000836669       -0.028047840298573        0.028047841135241
         37.492707060827499        0.000000000585173       -0.087489054959681        0.087489055544854
         37.613651277152748       -0.000000000527199       -0.071807202802084        0.071807202274885
         37.734595493478004       -0.000000000057784        0.003069056563682       -0.003069056621466
         37.855539709803253        0.000000000153219        0.074282660422863       -0.074282660269644
         37.976483926128502       -0.000000000742552        0.080643703828593       -0.080643704571145
         38.097428142453751       -0.000000000726314        0.020409584534038       -0.020409585260352
         38.218372358779000       -0.000000000386913       -0.056653237164842        0.056653236777928
         38.339316575104249       -0.000000000879183       -0.083011770419183        0.083011769540000
         38.460260791429498       -0.000000001075246       -0.040677264356705        0.040677263281458
         38.581205007754754       -0.000000000874426        0.036185132839523       -0.036185133713949
         38.702149224080003       -0.000000001031623        0.079279471826896       -0.079279472858519
         38.823093440405252       -0.000000001153533        0.056500559068169       -0.056500560221702
         38.944037656730501       -0.000000001140547       -0.014548562357916        0.014548561217369
         39.064981873055750       -0.000000001189161       -0.070123460532884        0.070123459343722
         39.185926089380999       -0.000000001083177       -0.067058963133148        0.067058962049972
         39.306870305706248       -0.000000001113849       -0.006535363681299        0.006535362567450
         39.427814522031504       -0.000000001259514        0.056580476926569       -0.056580478186083
         39.548758738356753       -0.000000000966460        0.072040038617533       -0.072040039583994
         39.669702954682002       -0.000000000848554        0.025548743814940       -0.025548744663494
         39.790647171007251       -0.000000001140409       -0.039883177690330        0.039883176549921
         39.911591387332500       -0.000000000831206       -0.071491384101219        0.071491383270013
         40.032535603657749       -0.000000000473444       -0.041193970514971        0.041193970041527
         40.153479819982998       -0.000000000798067        0.021491427865422       -0.021491428663488
         40.274424036308254       -0.000000000641613        0.065876998122456       -0.065876998764069
         40.395368252633503       -0.000000000108231        0.052583859480978       -0.052583859589210
         40.516312468958752       -0.000000000295989       -0.002886684631185        0.002886684335196
         40.637256685284001       -0.000000000347250       -0.055927910646321        0.055927910299070
         40.758200901609250        0.000000000197074       -0.059180217379444        0.059180217576518
         40.879145117934499        0.000000000237471       -0.014448764329390        0.014448764566862
         41.000089334259748        0.000000000053156        0.042697111952438       -0.042697111899282
         41.121033550585004        0.000000000452266        0.060898424014307       -0.060898423562041
         41.241977766910253        0.000000000679185        0.029265877891843       -0.029265877212658
         41.362921983235502        0.000000000498240       -0.027395053426581        0.027395053924822
         41.483866199560751        0.000000000692695       -0.057980674445226        0.057980675137921
         41.604810415886000        0.000000000967213       -0.040563177279442        0.040563178246656
         41.725754632211249        0.000000000878502        0.011399634352985       -0.011399633474483
         41.846698848536505        0.000000000915955        0.051052588974591       -0.051052588058635
         41.967643064861754        0.000000001102236        0.047762661228627       -0.047762660126391
         42.088587281187003        0.000000001095465        0.003963953062943       -0.003963951967478
         42.209531497512252        0.000000001078577       -0.040969360096290        0.040969361174867
         42.330475713837501        0.000000001118625       -0.050639071801678        0.050639072920303
         42.451419930162750        0.000000001101593       -0.017460823402195        0.017460824503788
         42.572364146487999        0.000000001104711        0.028840625276866       -0.028840624172155
         42.693308362813255        0.000000001033940        0.049398605421838       -0.049398604387898
         42.814252579138504        0.000000000910002        0.028164746988746       -0.028164746078743
         42.935196795463753        0.000000000934988       -0.015838957550795        0.015838958485782
         43.056141011789002        0.000000000833491       -0.044536548147470        0.044536548980961
         43.177085228114251        0.000000000567490       -0.035446833033506        0.035446833600996
         43.298029444439500        0.000000000558281        0.003174958787127       -0.003174958228846
         43.418973660764749        0.000000000486104        0.036861057455221       -0.036861056969117
         43.539917877090005        0.000000000123106        0.039097334479634       -0.039097334356528
         43.660862093415254        0.000000000012458        0.008117935693883       -0.008117935681424
         43.781806309740503       -0.000000000029062       -0.027317831209055        0.027317831179993
         43.902750526065752       -0.000000000403354       -0.039220033305349        0.039220032901995
         44.023694742391001       -0.000000000632647       -0.017199587644038        0.017199587011391
         44.144638958716250       -0.000000000686541        0.016976935428882       -0.016976936115423
         44.265583175041499       -0.000000000993637        0.036268692643880       -0.036268693637517
         44.386527391366755       -0.000000001309529        0.023575218729516       -0.023575220039044
         44.507471607692004       -0.000000001422793       -0.006837809207662        0.006837807784869
         44.628415824017253       -0.000000001639473       -0.030890766254656        0.030890764615183
         44.749360040342502       -0.000000001968661       -0.027032043156519        0.027032041187858
         44.870304256667751       -0.000000002150620       -0.002189784400243        0.002189782249623
         44.991248472993000       -0.000000002289497        0.023924587060235       -0.023924589349732
         45.112192689318249       -0.000000002571696        0.027702345105170       -0.027702347676866
         45.233136905643505       -0.000000002787514        0.009447622089630       -0.009447624877144
         45.354081121968754       -0.000000002886799       -0.016226152442313        0.016226149555514
         45.475025338294003       -0.000000003086114       -0.025935878038360        0.025935874952246
         45.595969554619252       -0.000000003278880       -0.014496743608219        0.014496740329339
         45.716913770944501       -0.000000003352632        0.008658862871828       -0.008658866224459
         45.837857987269750       -0.000000003467494        0.022314063720502       -0.022314067187996
         45.958802203594999       -0.000000003588632        0.017211229865117       -0.017211233453750
         46.079746419920255       -0.000000003633431       -0.001935070971011        0.001935067337580
         46.200690636245504       -0.000000003672962       -0.017496879150422        0.017496875477460
         46.321634852570753       -0.000000003702951       -0.017685113939347        0.017685110236396
         46.442579068896002       -0.000000003696616       -0.003366423560904        0.003366419864288
         46.563523285221251       -0.000000003669071        0.012225201341572       -0.012225205010643
         46.684467501546500       -0.000000003614250        0.016274391338431       -0.016274394952682
         46.805411717871749       -0.000000003540470        0.006919762634306       -0.006919766174777
         46.926355934197005       -0.000000003448182       -0.007168613181169        0.007168609732987
         47.047300150522254       -0.000000003325284       -0.013465140027276        0.013465136701992
         47.168244366847503       -0.000000003184504       -0.008590789778403        0.008590786593899
         47.289188583172752       -0.000000003030882        0.002939878999235       -0.002939882030117
         47.410132799498001       -0.000000002858662        0.009890504828661       -0.009890507687323
         47.531077015823250       -0.000000002663430        0.008514090261110       -0.008514092924541
         47.652021232148499       -0.000000002460618        0.000040440759416       -0.000040443220034
         47.772965448473755       -0.000000002250871       -0.006181178735751        0.006181176484880
         47.893909664799004       -0.000000002024333       -0.006988009681539        0.006988007657206
         48.014853881124253       -0.000000001792303       -0.001503186861271        0.001503185068968
         48.135798097449502       -0.000000001563264        0.002976849110310       -0.002976850673574
         48.256742313774751       -0.000000001325161        0.004513721259113       -0.004513722584274
         48.377686530100000       -0.000000001089017        0.001435437341654       -0.001435438430672
         48.498630746425249       -0.000000000858190       -0.000776658301845        0.000776657443655
         48.619574962750505       -0.000000000631545       -0.001654576462009        0.001654575830464
         48.740519179075754       -0.000000000412268        0.000000518399043       -0.000000518811310
         48.861463395401003       -0.000000000204513       -0.000037746941719        0.000037746737206
         48.982407611726252       -0.000000000008048       -0.000951550940008        0.000951550931959
         49.103351828051501        0.000000000173878       -0.002407911185779        0.002407911359658
         49.224296044376750        0.000000000341102       -0.000671562129536        0.000671562470638
         49.345240260701999        0.000000000485589        0.002748341752682       -0.002748341267092
         49.466184477027255        0.000000000615262        0.005282369572933       -0.005282368957671
         49.587128693352504        0.000000000725239        0.002856174597306       -0.002856173872066
         49.708072909677753        0.000000000806182       -0.003253021191904        0.003253021998086
         49.829017126003002        0.000000000868798       -0.007997170653322        0.007997171522120
         49.949961342328251        0.000000000911158       -0.006205537053512        0.006205537964670
         50.070905558653500        0.000000000921817        0.002195859152750       -0.002195858230932
         50.191849774978749        0.000000000911208        0.009956766395282       -0.009956765484075
         50.312793991304005        0.000000000876227        0.010254876524239       -0.010254875648012
         50.433738207629254        0.000000000817758        0.000512825793656       -0.000512824975897
         50.554682423954503        0.000000000737393       -0.010599885647735        0.010599886385128
         50.675626640279752        0.000000000620968       -0.014367722840804        0.014367723461772
         50.796570856605001        0.000000000496918       -0.004691863511188        0.004691864008106
         50.917515072930250        0.000000000357906        0.009542010439280       -0.009542010081374
         51.038459289255499        0.000000000174212        0.017881011816807       -0.017881011642595
         51.159403505580755       -0.000000000017430        0.009970056838472       -0.009970056855902
         51.280347721906004       -0.000000000201142       -0.006561768829420        0.006561768628278
         51.401291938231253       -0.000000000428000       -0.020118147372175        0.020118146944174
         51.522236154556502       -0.000000000675921       -0.015758139200285        0.015758138524363
         51.643180370881751       -0.000000000899895        0.001701247233276       -0.001701248133170
         51.764124587207000       -0.000000001122533        0.020531751333971       -0.020531752456504
         51.885068803532249       -0.000000001410162        0.021374758567578       -0.021374759977740
         52.006013019857505       -0.000000001670730        0.004787967740908       -0.004787969411638
         52.126957236182754       -0.000000001865034       -0.018707221329607        0.018707219464573
         52.247901452508003       -0.000000002147440       -0.026059396137163        0.026059393989724
         52.368845668833252       -0.000000002436694       -0.012400200745169        0.012400198308475
         52.489789885158501       -0.000000002580044        0.014473724597709       -0.014473727177753
         52.610734101483750       -0.000000002814260        0.029110556125329       -0.029110558939589
         52.731678317808999       -0.000000003096341        0.020476833160235       -0.020476836256577
         52.852622534134255       -0.000000003206311       -0.007876251140184        0.007876247933874
         52.973566750459504       -0.000000003358157       -0.029898631790251        0.029898628432093
         53.094510966784753       -0.000000003580377       -0.028207057528480        0.028207053948104
         53.215455183110002       -0.000000003655147       -0.000753231404289        0.000753227749142
         53.336399399435251       -0.000000003724372        0.027988085425085       -0.027988089149457
         53.457343615760500       -0.000000003830322        0.034759431516644       -0.034759435346965
         53.578287832085749       -0.000000003856701        0.010865725092594       -0.010865728949295
         53.699232048411005       -0.000000003866371       -0.023129071439238        0.023129067572867
         53.820176264736254       -0.000000003839779       -0.039296516069037        0.039296512229258
         53.941120481061503       -0.000000003764874       -0.021666476891524        0.021666473126650
         54.062064697386752       -0.000000003732967        0.015360791153393       -0.015360794886360
         54.183008913712001       -0.000000003616774        0.041111273772218       -0.041111277388992
         54.303953130037250       -0.000000003386604        0.032233894057458       -0.032233897444061
         54.424897346362499       -0.000000003291959       -0.004975512716446        0.004975509424486
         54.545841562687755       -0.000000003165934       -0.039631202131167        0.039631198965233
         54.666785779013004       -0.000000002771401       -0.041528433976106        0.041528431204705
         54.787729995338253       -0.000000002550577       -0.007405524595146        0.007405522044569
         54.908674211663502       -0.000000002500131        0.034550816425127       -0.034550818925258
         55.029618427988751       -0.000000002006999        0.048549139933584       -0.048549141940583
         55.150562644314000       -0.000000001584905        0.020921193150407       -0.020921194735313
         55.271506860639249       -0.000000001607682       -0.025820749457783        0.025820747850101
         55.392451076964505       -0.000000001145149       -0.052355308342916        0.052355307197767
         55.513395293289754       -0.000000000503586       -0.034454208975369        0.034454208471783
         55.634339509615003       -0.000000000541969        0.013769443886835       -0.013769444428804
         55.755283725940252       -0.000000000243477        0.052229526498294       -0.052229526741771
         55.876227942265501        0.000000000536126        0.046796886564034       -0.046796886027908
         55.997172158590750        0.000000000616806        0.000945216321437       -0.000945215704631
         56.118116374915999        0.000000000704878       -0.047686632786294        0.047686633491171
         56.239060591241255        0.000000001464131       -0.056693526980457        0.056693528444588
         56.360004807566504        0.000000001719231       -0.017275880081986        0.017275881801217
         56.480949023891753        0.000000001648372        0.038624795298454       -0.038624793650081
         56.601893240217002        0.000000002209157        0.063037011784293       -0.063037009575136
         56.722837456542251        0.000000002615865        0.033932387721043       -0.033932385105178
         56.843781672867500        0.000000002524479       -0.025315834061870        0.025315836586348
         56.964725889192749        0.000000002817084       -0.064902387171699        0.064902389988784
         57.085670105518005        0.000000003220515       -0.049436005035238        0.049436008255752
         57.206614321843254        0.000000003199941        0.008516620157396       -0.008516616957455
         57.327558538168503        0.000000003273907        0.061705861168754       -0.061705857894847
         57.448502754493752        0.000000003516510        0.062349255140266       -0.062349251623756
         57.569446970819001        0.000000003549625        0.010617284860175       -0.010617281310551
         57.690391187144250        0.000000003567136       -0.053210414418566        0.053210417985702
         57.811335403469499        0.000000003576424       -0.071357723696399        0.071357727272822
         57.932279619794755        0.000000003513548       -0.030557413666831        0.030557417180379
         58.053223836120004        0.000000003611423        0.039660268885489       -0.039660265274066
         58.174168052445253        0.000000003474255        0.075443623502412       -0.075443620028157
         58.295112268770502        0.000000003141514        0.049630176246816       -0.049630173105302
         58.416056485095751        0.000000003316245       -0.021765662622509        0.021765665938754
         58.537000701421000        0.000000003228807       -0.073896143978573        0.073896147207381
         58.657944917746249        0.000000002559137       -0.066153075801822        0.066153078360958
         58.778889134071505        0.000000002676228        0.000750230119208       -0.000750227442980
         58.899833350396754        0.000000002821522        0.066421104709737       -0.066421101888215
         59.020777566722003        0.000000001943786        0.078656935309143       -0.078656933365357
         59.141721783047252        0.000000001785632        0.021797809771727       -0.021797807986095
         59.262665999372501        0.000000002171310       -0.053145447681544        0.053145449852854
         59.383610215697750        0.000000001352391       -0.085943949359754        0.085943950712145
         59.504554432022999        0.000000000841022       -0.044047599039490        0.044047599880511
         59.625498648348255        0.000000001308029        0.034714131482610       -0.034714130174581
         59.746442864673504        0.000000000835200        0.087187441971662       -0.087187441136461
         59.867387080998753        0.000000000053974        0.064173894854562       -0.064173894800588
         59.988331297324002        0.000000000341763       -0.012251015687831        0.012251016029595
         60.109275513649251        0.000000000293457       -0.081918752331265        0.081918752624722
         60.230219729974500       -0.000000000483959       -0.080490722306777        0.080490721822817
         60.351163946299749       -0.000000000486600       -0.012659447425708        0.012659446939108
         60.472108162625005       -0.000000000240389        0.070108981650631       -0.070108981891020
         60.593052378950254       -0.000000000759754        0.091610904890750       -0.091610905650503
         60.713996595275503       -0.000000000942215        0.038151145510851       -0.038151146453067
         60.834940811600752       -0.000000000711485       -0.052176882076848        0.052176881365362
         60.955885027926001       -0.000000000880105       -0.096461333173369        0.096461332293264
         61.076829244251250       -0.000000000926128       -0.062215610228397        0.062215609302269
         61.197773460576499       -0.000000000895919        0.029078384906537       -0.029078385802456
         61.318717676901755       -0.000000000890147        0.094350428972894       -0.094350429863041
         61.439661893227004       -0.000000000512232        0.082936065845059       -0.082936066357290
         61.560606109552253       -0.000000000591457       -0.002265285155088        0.002265284563631
         61.681550325877502       -0.000000000747231       -0.084950539142758        0.084950538395527
         61.802494542202751        0.000000000118503       -0.098599790816463        0.098599790934966
         61.923438758528000        0.000000000283024       -0.026331744552981        0.026331744836006
         62.044382974853249       -0.000000000299485        0.068406057092101       -0.068406057391586
         62.165327191178505        0.000000000758912        0.107847972878611       -0.107847972119700
         62.286271407503754        0.000000001576802        0.054505843235766       -0.054505841658964
         62.407215623829003        0.000000000660252       -0.045373514653020        0.045373515313272
         62.528159840154252        0.000000001423765       -0.109670728949073        0.109670730372839
         62.649104056479501        0.000000003005800       -0.079947038517186        0.079947041522987
         62.770048272804750        0.000000002188480        0.017168134524321       -0.017168132335841
         62.890992489129999        0.000000002157816        0.103479133311152       -0.103479131153336
         63.011936705455255        0.000000004229901        0.100548031504170       -0.100548027274269
         63.132880921780504        0.000000004131974        0.014268260678925       -0.014268256546950
         63.253825138105753        0.000000003223382       -0.089092643713742        0.089092646937124
         63.374769354431002        0.000000005199460       -0.114555175193185        0.114555180392645
         63.495713570756251        0.000000006129655       -0.046423927071837        0.046423933201492
         63.616657787081500        0.000000004644000        0.066908591362283       -0.066908586718283
         63.737602003406749        0.000000005934260        0.120718906407430       -0.120718900473171
         63.858546219732006        0.000000007725228        0.076558275295500       -0.076558267570272
         63.979490436057254        0.000000006377395       -0.038013869347776        0.038013875725171
         64.100434652382503        0.000000006720812       -0.118228078343625        0.118228085064438
         64.221378868707745        0.000000008757346       -0.102043091776150        0.102043100533496
         64.342323085033001        0.000000008054534        0.004368807209913       -0.004368799155379
         64.463267301358258        0.000000007623926        0.106732832885118       -0.106732825261192
         64.584211517683499        0.000000009222115        0.120765096060892       -0.120765086838776
         64.705155734008756        0.000000009289393        0.031309827768175       -0.031309818478782
         64.826099950333997        0.000000008641670       -0.086374086804534        0.086374095446204
         64.947044166659254        0.000000009455752       -0.131235262224042        0.131235271679795
         65.067988382984495        0.000000009842393       -0.065848465350196        0.065848475192589
         65.188932599309751        0.000000009475835        0.058050542440869       -0.058050532965034
         65.309876815635008        0.000000009664209        0.132557884033241       -0.132557874369032
         65.430821031960249        0.000000009751635        0.096195882468302       -0.096195872716667
         65.551765248285506        0.000000009806160       -0.023600585622829        0.023600595428989
         65.672709464610747        0.000000009925913       -0.124260699684289        0.124260709610202
         65.793653680936004        0.000000009328259       -0.119875687922874        0.119875697251133
         65.914597897261245        0.000000009457032       -0.014176074799379        0.014176084256411
         66.035542113586502        0.000000010070907        0.106338176133774       -0.106338166062867
         66.156486329911758        0.000000008909816        0.135205648420158       -0.135205639510343
         66.277430546236999        0.000000008556829        0.051913764495057       -0.051913755938228
         66.398374762562256        0.000000009753711       -0.079455068686461        0.079455078440172
         66.519318978887497        0.000000008623739       -0.141171649346387        0.141171657970126
         66.640263195212754        0.000000007460504       -0.086265617638332        0.086265625098836
         66.761207411537995        0.000000008824495        0.045229533759946       -0.045229524935451
         66.882151627863252        0.000000008450844        0.137228441904765       -0.137228433453921
         67.003095844188508        0.000000006568362        0.114454193490345       -0.114454186921983
         67.124040060513749        0.000000007384036       -0.006267955243259        0.006267962627295
         67.244984276839006        0.000000008059420       -0.123230144779419        0.123230152838839
         67.365928493164247        0.000000006008915       -0.134519201396580        0.134519207405495
         67.486872709489504        0.000000005889757       -0.034123813717065        0.034123819606822
         67.607816925814745        0.000000007328736        0.099588915319734       -0.099588907990998
         67.728761142140002        0.000000005763450        0.145247702909816       -0.145247697146367
         67.849705358465258        0.000000004832805        0.072469750146302       -0.072469745313496
         67.970649574790500        0.000000006222216       -0.067525101235858        0.067525107458074
         68.091593791115756        0.000000005551197       -0.145969919956483        0.145969925507680
         68.212538007440997        0.000000004407254       -0.105667607781116        0.105667612188370
         68.333482223766254        0.000000005186710        0.029201459760935       -0.029201454574225
         68.454426440091495        0.000000005243860        0.136399723919405       -0.136399718675545
         68.575370656416752        0.000000004514603        0.131323404463306       -0.131323399948703
         68.696314872742008        0.000000004696908        0.012381447369822       -0.012381442672915
         68.817259089067250        0.000000004806069       -0.116674926860188        0.116674931666257
         68.938203305392506        0.000000004825652       -0.147842768420630        0.147842773246281
         69.059147521717748        0.000000005040312       -0.053749023034365        0.053749028074678
         69.180091738043004        0.000000004550056        0.087546337495631       -0.087546332945575
         69.301035954368245        0.000000005071146        0.154285335197627       -0.154285330126481
         69.421980170693502        0.000000006027699        0.091439664819718       -0.091439658792019
         69.542924387018758        0.000000004907837       -0.050622823703533        0.050622828611370
         69.663868603344000        0.000000005239694       -0.150174876651803        0.150174881891497
         69.784812819669256        0.000000007211251       -0.122495551084716        0.122495558295967
         69.905757035994498        0.000000006176344        0.008488299356624       -0.008488293180281
         70.026701252319754        0.000000005490267        0.135378559255263       -0.135378553764996
         70.147645468644996        0.000000008106567        0.144761313763182       -0.144761305656615
         70.268589684970252        0.000000008219823        0.035420534540230       -0.035420526320407
         70.389533901295508        0.000000006244103       -0.110206549219455        0.110206555463559
         70.510478117620750        0.000000008697604       -0.156944359339456        0.156944368037060
         70.631422333946006        0.000000010487839       -0.077246597903769        0.077246608391608
         70.752366550271248        0.000000007712535        0.075699720433871       -0.075699712721336
         70.873310766596504        0.000000009096662        0.158402941708246       -0.158402932611585
         70.994254982921746        0.000000012250214        0.113337602771229       -0.113337590521015
         71.115199199247002        0.000000009914627       -0.033979106156852        0.033979116071480
         71.236143415572258        0.000000009752273       -0.148881361522957        0.148881371275231
         71.357087631897500        0.000000013283765       -0.140878236462751        0.140878249746516
         71.478031848222756        0.000000012338301       -0.011632980105869        0.011632992444170
         71.598976064547998        0.000000010804032        0.128398549742394       -0.128398538938362
         71.719920280873254        0.000000013642049        0.158177753387913       -0.158177739745864
         71.840864497198496        0.000000014289726        0.056921294148662       -0.056921279858936
         71.961808713523752        0.000000012297288       -0.097525570294177        0.097525582591465
         72.082752929849008        0.000000013860050       -0.164531753741918        0.164531767601969
         72.203697146174250        0.000000015312127       -0.097586969197405        0.097586984509532
         72.324641362499506        0.000000013795037        0.057888696764243       -0.057888682969207
         72.445585578824748        0.000000014207348        0.159722684287833       -0.159722670080485
         72.566529795150004        0.000000015368143        0.130146157657184       -0.130146142289041
