#  GS molecular orbital populations, spin channel : 1
#          time (fs)            |   population (orb 1)       |    population (orb 2)      |           ...              |    population (orb N)      |
          0.118525331998745            1.995026277086555            0.004938006798922  
          0.239469548323995            1.995283392440854            0.004683071329283  
          0.360413764649245            1.994995415582102            0.004974972579936  
          0.481357980974495            1.995418439269076            0.004555088823272  
          0.602302197299745            1.995033332747219            0.004943673924047  
          0.723246413624995            1.995609015479569            0.004372543503537  
          0.844190629950245            1.995337050460063            0.004648310472275  
          0.965134846275495            1.995675132574673            0.004316040514026  
          1.086079062600745            1.995935042801322            0.004060507367593  
          1.207023278925995            1.995505516473768            0.004496011771091  
          1.327967495251245            1.996595853526190            0.003410099329537  
          1.448911711576495            1.995258675612888            0.004752325586016  
          1.569855927901745            1.996979923503372            0.003035254714938  
          1.690800144226995            1.995237948077445            0.004781091302282  
          1.811744360552245            1.996905068934660            0.003118431889758  
          1.932688576877495            1.995554825405482            0.004471772452790  
          2.053632793202745            1.996434557138250            0.003597137480532  
          2.174577009527995            1.996033678220050            0.004000518500259  
          2.295521225853245            1.995800906806902            0.004238113714617  
          2.416465442178495            1.996444597518124            0.003596105539317  
          2.537409658503745            1.995290454080730            0.004753185718846  
          2.658353874828995            1.996671654760114            0.003373046438756  
          2.779298091154245            1.995162748325374            0.004882419318424  
          2.900242307479495            1.996635727416625            0.003410711619473  
          3.021186523804745            1.995531221690508            0.004514179201567  
          3.142130740129995            1.996260013317197            0.003787093818846  
          3.263074956455245            1.996248093223707            0.003797473977887  
          3.384019172780495            1.995607027247557            0.004439367856240  
          3.504963389105745            1.996943171609789            0.003101277795528  
          3.625907605430995            1.994993861090876            0.005049016833108  
          3.746851821756245            1.997090403064040            0.002949949211010  
          3.867796038081495            1.994846203594418            0.005190661907626  
          3.988740254406745            1.996388707338002            0.003645318947895  
          4.109684470731995            1.995145760837949            0.004884858795844  
          4.230628687057245            1.995303310005549            0.004724247752768  
          4.351572903382495            1.995311232301943            0.004713695908944  
          4.472517119707745            1.994763119374731            0.005257896362832  
          4.593461336032996            1.994961372988506            0.005056536178605  
          4.714405552358246            1.995327900986005            0.004685006833401  
          4.835349768683495            1.994580245460375            0.005428175844908  
          4.956293985008745            1.996372017685395            0.003631487314818  
          5.077238201333995            1.994971666522911            0.005026861828593  
          5.198182417659245            1.996561757426806            0.003433328331100  
          5.319126633984495            1.995941008044459            0.004049415162308  
          5.440070850309746            1.995660976502571            0.004327112470834  
          5.561015066634996            1.996485858936913            0.003497518868122  
          5.681959282960245            1.994651852510099            0.005328631677429  
          5.802903499285495            1.996011630109622            0.003964127898148  
          5.923847715610745            1.994482885492137            0.005488779723367  
          6.044791931935995            1.995073489221223            0.004894896010822  
          6.165736148261245            1.995006185117018            0.004958109982214  
          6.286680364586495            1.994710213075439            0.005253179473807  
          6.407624580911745            1.995336131209678            0.004624348113807  
          6.528568797236995            1.995138526659424            0.004821998403798  
          6.649513013562244            1.995124999395489            0.004833658088996  
          6.770457229887494            1.995904841404115            0.004053028416116  
          6.891401446212745            1.994761590943227            0.005195103876143  
          7.012345662537995            1.996478713199839            0.003476750375727  
          7.133289878863245            1.994803682250427            0.005151874503615  
          7.254234095188495            1.996507585420761            0.003448204362886  
          7.375178311513745            1.995351513163562            0.004606089778629  
          7.496122527838994            1.996019707050714            0.003940185268488  
          7.617066744164244            1.996039905546186            0.003922654334456  
          7.738010960489495            1.995325388226453            0.004640306330427  
          7.858955176814745            1.996504589999083            0.003463538303007  
          7.979899393139995            1.994815027244754            0.005156130167548  
          8.100843609465246            1.996573071433822            0.003400547828263  
          8.221787825790495            1.994766221852463            0.005210889059039  
          8.342732042115745            1.996243138280969            0.003737722407226  
          8.463676258440994            1.995073372403325            0.004912194763695  
          8.584620474766245            1.995697425311394            0.004293489790096  
          8.705564691091494            1.995334189234695            0.004661878070241  
          8.826508907416745            1.995239559291317            0.004762267261910  
          8.947453123741996            1.995320685123076            0.004685427056041  
          9.068397340067245            1.995054990364163            0.004955879269881  
          9.189341556392495            1.995187937735112            0.004826376692502  
          9.310285772717744            1.995105843627877            0.004912210095477  
          9.431229989042995            1.995194281471811            0.004827810043735  
          9.552174205368244            1.995180900263586            0.004844773928484  
          9.673118421693495            1.995403031377032            0.004627998748035  
          9.794062638018746            1.995042447263883            0.004991800232284  
          9.915006854343995            1.995656021345668            0.004383521237241  
         10.035951070669245            1.994746022109086            0.005295319090231  
         10.156895286994494            1.995680258690901            0.004364144342225  
         10.277839503319745            1.994675609376397            0.005369195584877  
         10.398783719644994            1.995397639483310            0.004647608032339  
         10.519727935970245            1.994996120480902            0.005050141039656  
         10.640672152295496            1.995047729309226            0.004997680918030  
         10.761616368620745            1.995319091302783            0.004729290610280  
         10.882560584945995            1.994912114358659            0.005134593010183  
         11.003504801271244            1.995166288318448            0.004883471145816  
         11.124449017596495            1.995308950073978            0.004737871242260  
         11.245393233921744            1.994544789996699            0.005501726412135  
         11.366337450246995            1.996316562868126            0.003726454161404  
         11.487281666572246            1.994321536523097            0.005717422209212  
         11.608225882897495            1.996993674854444            0.003043236045810  
         11.729170099222745            1.995199652960568            0.004832581261072  
         11.850114315547994            1.996372428366474            0.003659337845196  
         11.971058531873245            1.996427084666938            0.003601199719734  
         12.092002748198494            1.994886375921081            0.005140281529170  
         12.212946964523745            1.996562516797106            0.003460662535399  
         12.333891180848996            1.994050900076980            0.005967538710642  
         12.454835397174245            1.995176365406437            0.004837219177093  
         12.575779613499495            1.994923635476709            0.005084174398490  
         12.696723829824744            1.994229140699811            0.005773794521640  
         12.817668046149995            1.996073021108268            0.003926456949078  
         12.938612262475244            1.995203784508958            0.004791820977844  
         13.059556478800495            1.995779415097867            0.004214786879116  
         13.180500695125746            1.996867816227206            0.003122048631110  
         13.301444911450995            1.994490786671689            0.005496666171608  
         13.422389127776245            1.997182798030635            0.002799126052607  
         13.543333344101494            1.993923405954202            0.006053728700780  
         13.664277560426745            1.995746598978302            0.004226347063790  
         13.785221776751994            1.994689689636969            0.005278251319669  
         13.906165993077245            1.994638778519149            0.005328757692332  
         14.027110209402496            1.995344912605864            0.004619467092342  
         14.148054425727745            1.995023966946763            0.004941384890368  
         14.268998642052996            1.994982285984659            0.004981192004393  
         14.389942858378244            1.996299559512653            0.003662684739141  
         14.510887074703495            1.994185762596804            0.005774577934528  
         14.631831291028744            1.997365825392952            0.002591649435666  
         14.752775507353995            1.994139690535165            0.005816437558358  
         14.873719723679246            1.997334492431651            0.002621322257341  
         14.994663940004495            1.995101338156287            0.004854760129046  
         15.115608156329746            1.996404531585584            0.003555298092072  
         15.236552372654995            1.996293215338776            0.003667582895244  
         15.357496588980245            1.995222494054233            0.004743086882739  
         15.478440805305494            1.997116359075663            0.002849586076002  
         15.599385021630745            1.994362111432581            0.005606753629152  
         15.720329237955996            1.997329850128980            0.002639649942666  
         15.841273454281245            1.994359809731043            0.005611257422390  
         15.962217670606496            1.996991304587387            0.002983418427859  
         16.083161886931745            1.995166188446207            0.004811078173833  
         16.204106103256994            1.996283630323693            0.003700609366768  
         16.325050319582246            1.996243694927939            0.003744331284139  
         16.445994535907495            1.995331959449995            0.004663360173558  
         16.566938752232744            1.997139774073921            0.002859024163916  
         16.687882968557997            1.994497676159342            0.005505942180829  
         16.808827184883246            1.997547637030446            0.002458705260061  
         16.929771401208495            1.994384486099237            0.005624357591457  
         17.050715617533744            1.997340912403262            0.002671934663281  
         17.171659833858996            1.995142158366774            0.004873348973684  
         17.292604050184245            1.996584438618806            0.003437498520001  
         17.413548266509494            1.996272675422282            0.003752820720532  
         17.534492482834747            1.995469585607309            0.004562605828356  
         17.655436699159996            1.997252280891446            0.002782840912253  
         17.776380915485245            1.994421917721606            0.005616722489515  
         17.897325131810494            1.997691356002240            0.002348555384430  
         18.018269348135746            1.994163171203421            0.005876586284282  
         18.139213564460995            1.997317327112462            0.002723531455778  
         18.260157780786244            1.994926969718336            0.005113700940263  
         18.381101997111497            1.996262957604868            0.003779913939483  
         18.502046213436746            1.995952175836689            0.004092745836468  
         18.622990429761995            1.994959193198038            0.005087097509847  
         18.743934646087244            1.996272639529982            0.003776003538500  
         18.864878862412496            1.994162328731959            0.005884333442189  
         18.985823078737745            1.995362539153490            0.004683190005572  
         19.106767295062994            1.994751936182168            0.005289984830314  
         19.227711511388247            1.994294560654817            0.005743176728821  
         19.348655727713496            1.995925847534272            0.004110791982539  
         19.469599944038745            1.994766264195898            0.005265948722768  
         19.590544160363994            1.995940295983166            0.004093786730097  
         19.711488376689246            1.996520855566598            0.003509426915442  
         19.832432593014495            1.994619950431245            0.005410399363761  
         19.953376809339744            1.997698341297224            0.002327635649612  
         20.074321025664997            1.993507932817036            0.006513243957264  
         20.195265241990246            1.996415816912807            0.003600023335761  
         20.316209458315495            1.994246913583153            0.005762817234935  
         20.437153674640744            1.994521259182870            0.005484262931096  
         20.558097890965996            1.995515046743459            0.004487461624613  
         20.679042107291245            1.994941309570843            0.005058158607946  
         20.799986323616494            1.995316301986861            0.004682115143102  
         20.920930539941747            1.996955491452592            0.003038470226149  
         21.041874756266996            1.994014847472043            0.005976078374806  
         21.162818972592245            1.997691458110503            0.002293181712131  
         21.283763188917494            1.993627732397711            0.006351110464358  
         21.404707405242746            1.995939969941473            0.004034580499093  
         21.525651621567995            1.994700198057922            0.005268905314176  
         21.646595837893244            1.994572089933458            0.005397033521733  
         21.767540054218497            1.995327847739638            0.004637929017736  
         21.888484270543746            1.995200825495411            0.004765400787099  
         22.009428486868995            1.994677499694058            0.005286290077217  
         22.130372703194244            1.996866523669175            0.003094412929868  
         22.251316919519496            1.993778469956369            0.006179579010501  
         22.372261135844745            1.997786535396293            0.002167484583162  
         22.493205352169994            1.994042290095214            0.005909276273881  
         22.614149568495247            1.997108823505321            0.002842820944051  
         22.735093784820496            1.995206039662462            0.004744328604527  
         22.856038001145745            1.995785273639363            0.004169577715680  
         22.976982217470994            1.996135899891102            0.003817824834003  
         23.097926433796246            1.994673676006167            0.005284525866899  
         23.218870650121495            1.996350857585228            0.003605856072714  
         23.339814866446744            1.994218564324195            0.005739820166948  
         23.460759082771997            1.995992145213544            0.003966323895651  
         23.581703299097246            1.994548471381204            0.005410352157383  
         23.702647515422495            1.995565694163690            0.004397469791388  
         23.823591731747744            1.995190394685475            0.004774354244541  
         23.944535948072996            1.995201578234241            0.004770574589338  
         24.065480164398245            1.995759853038653            0.004215201060952  
         24.186424380723494            1.994730127758142            0.005251607974897  
         24.307368597048747            1.996152341021565            0.003832343646251  
         24.428312813373996            1.994366993124594            0.005621668739873  
         24.549257029699245            1.996297099580179            0.003694595863093  
         24.670201246024494            1.994529321865453            0.005465055675029  
         24.791145462349750            1.996200312954893            0.003798857285708  
         24.912089678674999            1.995212385624102            0.004790552200343  
         25.033033895000248            1.995806346856774            0.004203058552799  
         25.153978111325497            1.996082362475059            0.003931869322845  
         25.274922327650749            1.995122279675540            0.004897735891589  
         25.395866543975998            1.996761874027716            0.003262149108376  
         25.516810760301247            1.994546078781108            0.005481028800014  
         25.637754976626500            1.996937483176191            0.003092019225372  
         25.758699192951749            1.994620608811769            0.005410036930059  
         25.879643409276998            1.996552768870343            0.003480141173787  
         26.000587625602247            1.995323424075228            0.004711284768531  
         26.121531841927499            1.995768647258128            0.004268893116422  
         26.242476058252748            1.996086842857442            0.003953723635794  
         26.363420274577997            1.994840774457438            0.005201457411819  
         26.484364490903250            1.996317450665197            0.003726972629092  
         26.605308707228499            1.994293662038761            0.005749650827072  
         26.726252923553748            1.995731105481231            0.004311631599104  
         26.847197139878997            1.994611053777670            0.005429438958759  
         26.968141356204249            1.994897644716627            0.005140271465910  
         27.089085572529498            1.995295390324843            0.004742313475834  
         27.210029788854747            1.994772809706596            0.005261782059818  
         27.330974005180000            1.995403276876177            0.004632873897891  
         27.451918221505249            1.995680084130250            0.004352314484306  
         27.572862437830498            1.994782629903488            0.005249481668431  
         27.693806654155747            1.997089646691605            0.002937779213846  
         27.814750870480999            1.994293895214958            0.005729437532162  
         27.935695086806248            1.997453697738292            0.002565144630537  
         28.056639303131497            1.994742615690010            0.005270866159664  
         28.177583519456750            1.996145833263582            0.003864732424531  
         28.298527735781999            1.995432327668281            0.004574218312110  
         28.419471952107248            1.994739456925014            0.005264736318805  
         28.540416168432497            1.995255570304728            0.004745281352366  
         28.661360384757749            1.994828124100154            0.005168696610687  
         28.782304601082998            1.994351616763439            0.005640847766671  
         28.903248817408247            1.996303237899437            0.003683584341609  
         29.024193033733500            1.994110015306722            0.005871929374418  
         29.145137250058749            1.997156953182592            0.002820612433385  
         29.266081466383998            1.995065336853534            0.004908094940610  
         29.387025682709247            1.996374198391289            0.003597733058592  
         29.507969899034499            1.996091360609643            0.003876571522956  
         29.628914115359748            1.995039130752474            0.004928272665340  
         29.749858331684997            1.996173241007010            0.003789604885390  
         29.870802548010250            1.994411180602969            0.005549649880139  
         29.991746764335499            1.995402025491150            0.004555089149526  
         30.112690980660748            1.994761381332863            0.005192469387335  
         30.233635196985997            1.994775507407919            0.005177804879515  
         30.354579413311249            1.995257094845353            0.004693634256695  
         30.475523629636498            1.994843647698528            0.005109356533238  
         30.596467845961747            1.995238548291096            0.004713225283679  
         30.717412062287000            1.995296521320659            0.004657618914480  
         30.838356278612249            1.994847629322397            0.005106152827121  
         30.959300494937498            1.995746750160200            0.004208022884554  
         31.080244711262747            1.994566956568864            0.005388585086546  
         31.201188927587999            1.995946927883971            0.004009341045172  
         31.322133143913248            1.994703263727913            0.005255958077093  
         31.443077360238497            1.995784065180342            0.004177215285506  
         31.564021576563750            1.995062531252398            0.004903659720052  
         31.684965792888999            1.995412259778413            0.004557291205682  
         31.805910009214248            1.995265151085198            0.004709526215326  
         31.926854225539497            1.995125419311595            0.004853017828328  
         32.047798441864749            1.995219821778552            0.004762772996412  
         32.168742658189998            1.995093534571126            0.004893019950347  
         32.289686874515247            1.995139466694631            0.004850805330353  
         32.410631090840496            1.995242059611350            0.004753025864623  
         32.531575307165745            1.995273973386945            0.004725509093913  
         32.652519523491002            1.995305303294329            0.004699805500739  
         32.773463739816250            1.995706327988127            0.004303830466907  
         32.894407956141499            1.995123652878118            0.004891767612305  
         33.015352172466748            1.996260846247267            0.003759169029718  
         33.136296388791997            1.994889934320914            0.005133934122936  
         33.257240605117246            1.996626778265444            0.003400646993835  
         33.378184821442495            1.994961347908284            0.005068666142616  
         33.499129037767752            1.996608403213336            0.003424803676969  
         33.620073254093001            1.995447448530363            0.004588022003074  
         33.741017470418250            1.996202815350397            0.003835929727972  
         33.861961686743498            1.996113360271795            0.003927546609540  
         33.982905903068747            1.995582801069839            0.004460537816552  
         34.103850119393996            1.996604161131656            0.003440491882383  
         34.224794335719245            1.995085015053938            0.004960039788221  
         34.345738552044502            1.996626815712486            0.003418206941578  
         34.466682768369751            1.995032287991691            0.005011531443607  
         34.587626984695000            1.996114579864162            0.003928281267128  
         34.708571201020249            1.995350605611444            0.004691113443197  
         34.829515417345497            1.995337383183746            0.004702743355651  
         34.950459633670746            1.995548099040665            0.004491431946975  
         35.071403849995995            1.994785245547870            0.005251549369652  
         35.192348066321252            1.995232251955515            0.004803152920321  
         35.313292282646501            1.994937279922837            0.005094127982797  
         35.434236498971750            1.994669599469331            0.005358471607028  
         35.555180715296999            1.995716092100640            0.004307915685915  
         35.676124931622248            1.994697476670675            0.005321929277252  
         35.797069147947497            1.996259906309323            0.003756508875452  
         35.918013364272745            1.995594964104390            0.004416706130503  
         36.038957580598002            1.995958172265189            0.004050977398329  
         36.159901796923251            1.996574105399832            0.003430213929279  
         36.280846013248500            1.995175906977684            0.004824878522434  
         36.401790229573749            1.996601189307781            0.003394558556132  
         36.522734445898998            1.994744203801566            0.005246719783929  
         36.643678662224247            1.995637848975087            0.004348695307941  
         36.764622878549496            1.994924031321833            0.005057557291428  
         36.885567094874752            1.994833347289756            0.005145309543220  
         37.006511311200001            1.995139437620821            0.004835034175975  
         37.127455527525250            1.994999035983057            0.004973076507078  
         37.248399743850499            1.994974142476380            0.004994455072048  
         37.369343960175748            1.995872903469389            0.004092656782771  
         37.490288176500997            1.994724037083740            0.005238498375682  
         37.611232392826246            1.996644311767654            0.003314980436439  
         37.732176609151502            1.994901177284058            0.005055939555417  
         37.853120825476751            1.996726574796898            0.003228764007226  
         37.974065041802000            1.995540223273212            0.004413891583963  
         38.095009258127249            1.996220467526754            0.003733842942417  
         38.215953474452498            1.996256787448543            0.003696735401035  
         38.336897690777747            1.995588857223496            0.004365759770250  
         38.457841907102996            1.996718334924118            0.003235807068161  
         38.578786123428252            1.995248073852589            0.004707176145149  
         38.699730339753501            1.996803191567112            0.003152781395891  
         38.820674556078750            1.995389725146695            0.004567671499475  
         38.941618772403999            1.996542831359880            0.003417351911854  
         39.062562988729248            1.995893375538043            0.004069119309501  
         39.183507205054497            1.996041382339675            0.003925477075129  
         39.304451421379746            1.996443207586788            0.003526721236590  
         39.425395637705002            1.995484418038619            0.004490176980434  
         39.546339854030251            1.996725269697112            0.003252755103560  
         39.667284070355500            1.995127548958826            0.004854826236656  
         39.788228286680749            1.996581072467633            0.003405258094213  
         39.909172503005998            1.995102408648360            0.004888317782186  
         40.030116719331247            1.996092702944707            0.003902974809670  
         40.151060935656496            1.995254880719054            0.004745521504089  
         40.272005151981752            1.995550327788103            0.004455826696840  
         40.392949368307001            1.995314864577939            0.004695841513949  
         40.513893584632250            1.995243473358686            0.004772753075980  
         40.634837800957499            1.995216474134529            0.004803593696168  
         40.755782017282748            1.995218116111194            0.004806289204031  
         40.876726233607997            1.995140454878028            0.004887343958720  
         40.997670449933246            1.995295215924410            0.004735776948671  
         41.118614666258502            1.995254425163012            0.004780212133762  
         41.239558882583751            1.995261327069267            0.004775806157474  
         41.360503098909000            1.995515066343192            0.004525913715675  
         41.481447315234249            1.995050537901560            0.004992082376193  
         41.602391531559498            1.995705305767685            0.004340249451071  
         41.723335747884747            1.994838917994993            0.005207022829901  
         41.844279964209996            1.995622867120300            0.004424061551749  
         41.965224180535252            1.994872939280675            0.005173615418966  
         42.086168396860501            1.995295232670923            0.004750497343527  
         42.207112613185750            1.995117126690581            0.004928663596851  
         42.328056829510999            1.994985605457249            0.005058216850319  
         42.449001045836248            1.995238923002625            0.004805477290330  
         42.569945262161497            1.995021081979614            0.005020391949409  
         42.690889478486746            1.995023929264721            0.005017039220735  
         42.811833694812002            1.995601294914695            0.004435952881690  
         42.932777911137251            1.994768881329674            0.005265447111338  
         43.053722127462500            1.996389232673210            0.003641484637742  
         43.174666343787749            1.995075516675759            0.004950652871802  
         43.295610560112998            1.996552322674853            0.003471160186303  
         43.416554776438247            1.995939216377931            0.004079635011634  
         43.537498992763496            1.995786246957790            0.004230187002098  
         43.658443209088752            1.996531244124323            0.003480747031367  
         43.779387425414001            1.994769077109537            0.005239301818714  
         43.900331641739250            1.996090006853323            0.003913652781156  
         44.021275858064499            1.994489588819184            0.005509056163485  
         44.142220074389748            1.995028658907655            0.004965441436325  
         44.263164290714997            1.995051709641039            0.004937438642093  
         44.384108507040246            1.994656507810127            0.005329112254271  
         44.505052723365502            1.995521773920354            0.004460098793195  
         44.625996939690751            1.995419062833534            0.004559671970719  
         44.746941156016000            1.995344825014198            0.004630928355722  
         44.867885372341249            1.996568152660924            0.003403749771546  
         44.988829588666498            1.994936986647805            0.005031815370779  
         45.109773804991747            1.997081429130648            0.002883520242823  
         45.230718021316996            1.994970810537957            0.004991001828937  
         45.351662237642252            1.996622045220656            0.003338039295541  
         45.472606453967501            1.995478356682176            0.004479067415463  
         45.593550670292750            1.995718999454987            0.004239336041435  
         45.714494886617999            1.995968912357633            0.003987205803357  
         45.835439102943248            1.994951062218492            0.005006739933375  
         45.956383319268497            1.996112400344360            0.003843670528971  
         46.077327535593746            1.994613327316781            0.005343525798860  
         46.198271751919002            1.995947802085222            0.004008904544580  
         46.319215968244251            1.994755790559483            0.005201126113781  
         46.440160184569500            1.995700695330386            0.004258993985191  
         46.561104400894749            1.995186017777471            0.004774523872026  
         46.682048617219998            1.995442459784408            0.004523212450536  
         46.802992833545247            1.995708486347118            0.004259008181633  
         46.923937049870496            1.995124800238635            0.004848013266620  
         47.044881266195752            1.996206887122277            0.003768385951311  
         47.165825482521001            1.994897177221133            0.005082200958889  
         47.286769698846250            1.996540826749426            0.003441910550637  
         47.407713915171499            1.995051865118216            0.004934291644424  
         47.528658131496748            1.996559044526294            0.003432193511566  
         47.649602347821997            1.995655806738090            0.004339337491647  
         47.770546564147246            1.996171259673742            0.003830437757613  
         47.891490780472502            1.996439063597693            0.003566966134037  
         48.012434996797751            1.995502263032831            0.004510177317508  
         48.133379213123000            1.997021367928811            0.002994899518533  
         48.254323429448249            1.994942820468048            0.005078079916606  
         48.375267645773498            1.997177143992000            0.002847130985562  
         48.496211862098747            1.994881979586078            0.005145008162188  
         48.617156078423996            1.996887696843180            0.003143573337315  
         48.738100294749252            1.995344885265284            0.004688249273607  
         48.859044511074501            1.996257891022324            0.003780912717436  
         48.979988727399750            1.996029145293631            0.004011046830562  
         49.100932943724999            1.995471245452685            0.004574139241874  
         49.221877160050248            1.996681684361471            0.003364201313861  
         49.342821376375497            1.994819524537933            0.005228404599026  
         49.463765592700746            1.997132935965568            0.002914902882996  
         49.584709809026002            1.994752662188674            0.005293898858952  
         49.705654025351251            1.997081575769452            0.002965651643280  
         49.826598241676500            1.995456334589089            0.004588781796335  
         49.947542458001749            1.996337689005296            0.003708970259654  
         50.068486674326998            1.996468050872574            0.003577197663259  
         50.189430890652247            1.995145651804787            0.004899750515073  
         50.310375106977496            1.996943684330669            0.003100124996518  
         50.431319323302752            1.994251899325801            0.005788824895512  
         50.552263539628001            1.996201455531159            0.003836086685682  
         50.673207755953250            1.994448210860366            0.005584894179116  
         50.794151972278499            1.994931440955926            0.005097429097139  
         50.915096188603748            1.995249824286026            0.004776597967005  
         51.036040404928997            1.994746460039478            0.005275731844705  
         51.156984621254246            1.995402970139180            0.004618507833689  
         51.277928837579502            1.996050302938912            0.003966482313026  
         51.398873053904751            1.994662226234847            0.005352256412177  
         51.519817270230000            1.997509090207696            0.002499758173693  
         51.640761486555249            1.994088092390412            0.005915500144367  
         51.761705702880498            1.997111054750491            0.002887483433137  
         51.882649919205747            1.994555284920792            0.005437562491283  
         52.003594135530996            1.995389093224198            0.004601245964335  
         52.124538351856252            1.995202271185973            0.004783979675755  
         52.245482568181501            1.994646444681092            0.005338422400643  
         52.366426784506750            1.994948717104220            0.005032854228285  
         52.487371000831999            1.995649399101548            0.004328872157967  
         52.608315217157248            1.994120346953336            0.005854038448932  
         52.729259433482497            1.997187810562381            0.002781628405978  
         52.850203649807746            1.994071994771202            0.005893670023961  
         52.971147866133002            1.997342182912019            0.002620873462553  
         53.092092082458251            1.995099597131381            0.004860826203671  
         53.213036298783500            1.996137332355157            0.003824541633302  
         53.333980515108749            1.996107406207168            0.003852094653060  
         53.454924731433998            1.994805575158310            0.005156373325479  
         53.575868947759247            1.996285252512550            0.003673804407050  
         53.696813164084496            1.994209461960267            0.005749823704210  
         53.817757380409752            1.995676689085166            0.004280773982093  
         53.938701596735001            1.994553710380696            0.005402389231144  
         54.059645813060250            1.995070730987729            0.004887574153005  
         54.180590029385499            1.995135794683113            0.004822199392043  
         54.301534245710748            1.994891159432086            0.005072641606587  
         54.422478462035997            1.995345357405771            0.004619752327408  
         54.543422678361246            1.994858207422507            0.005112553539810  
         54.664366894686502            1.995193987438496            0.004778546954385  
         54.785311111011751            1.994865785450004            0.005109842453208  
         54.906255327337000            1.994949022042169            0.005028706472083  
         55.027199543662249            1.995030865758329            0.004948717615249  
         55.148143759987498            1.994923007663281            0.005060745033469  
         55.269087976312747            1.995257080592923            0.004730097579160  
         55.390032192637996            1.995014893366460            0.004978619907345  
         55.510976408963252            1.995449317176458            0.004549572733259  
         55.631920625288501            1.994874214958720            0.005130597421312  
         55.752864841613750            1.995585838502488            0.004424229764358  
         55.873809057938999            1.994600013956265            0.005413559443704  
         55.994753274264248            1.995564346719895            0.004452686539377  
         56.115697490589497            1.994650004039347            0.005369138040315  
         56.236641706914746            1.995427860342207            0.004594089139084  
         56.357585923240002            1.995082687309309            0.004942984457145  
         56.478530139565251            1.995207600742281            0.004821436905778  
         56.599474355890500            1.995528517911086            0.004506545578767  
         56.720418572215749            1.994823756089013            0.005213930080227  
         56.841362788540998            1.995597485122650            0.004445708953293  
         56.962307004866247            1.994581768070856            0.005461650392908  
         57.083251221191496            1.995092827869820            0.004952282059676  
         57.204195437516752            1.994985782939340            0.005058457256132  
         57.325139653842001            1.994559408047847            0.005483204623651  
         57.446083870167250            1.995641111161961            0.004403278411341  
         57.567028086492499            1.994770172958519            0.005271848747001  
         57.687972302817748            1.995632081704046            0.004414728526098  
         57.808916519142997            1.995826010575120            0.004218241217095  
         57.929860735468246            1.994727449662509            0.005320022177456  
         58.050804951793502            1.997349004084060            0.002695074228490  
         58.171749168118751            1.993753196836058            0.006288447989627  
         58.292693384444000            1.997918066969530            0.002119778179456  
         58.413637600769249            1.994052911865199            0.005979733741261  
         58.534581817094498            1.996518491165918            0.003511520456905  
         58.655526033419747            1.995139554809313            0.004887821259142  
         58.776470249744996            1.994820835079845            0.005204435312322  
         58.897414466070252            1.995312923190017            0.004712107024128  
         59.018358682395501            1.994881124975087            0.005139822465325  
         59.139302898720750            1.994184637180592            0.005833991763692  
         59.260247115045999            1.996893719869862            0.003118574751132  
         59.381191331371248            1.993517894526511            0.006488532068364  
         59.502135547696497            1.997760115004169            0.002241185875276  
         59.623079764021746            1.994550575522336            0.005444966878618  
         59.744023980347002            1.996024886782336            0.003969154574196  
         59.864968196672251            1.995573161808854            0.004416922563902  
         59.985912412997500            1.994439251898530            0.005550092083295  
         60.106856629322749            1.995050875137917            0.004934652654530  
         60.227800845647998            1.995140844741883            0.004840755881255  
         60.348745061973247            1.993711465585949            0.006265178096027  
         60.469689278298496            1.997148692275393            0.002821993833865  
         60.590633494623752            1.993758932203680            0.006207397114233  
         60.711577710949001            1.997379376493994            0.002584285043178  
         60.832521927274250            1.995192387938554            0.004768290202166  
         60.953466143599499            1.995826163456322            0.004136258423414  
         61.074410359924748            1.996184985909491            0.003774074868323  
         61.195354576249997            1.994391578977380            0.005569242383539  
         61.316298792575246            1.995842035490150            0.004114510840543  
         61.437243008900502            1.994249209669747            0.005705850422515  
         61.558187225225751            1.994778304246570            0.005174191388253  
         61.679131441551000            1.995132139497509            0.004817578398888  
         61.800075657876249            1.994438423142820            0.005513454664714  
         61.921019874201498            1.995631006892297            0.004320103415783  
         62.041964090526747            1.994997176510030            0.004958921295656  
         62.162908306851996            1.995267361906758            0.004689881533760  
         62.283852523177252            1.995766924756605            0.004193976755716  
         62.404796739502501            1.994522540620793            0.005439702448779  
         62.525740955827750            1.996385926153044            0.003577464853291  
         62.646685172152999            1.994132495733698            0.005832545398544  
         62.767629388478248            1.996599656593951            0.003366747047643  
         62.888573604803497            1.994520458080836            0.005449748542938  
         63.009517821128746            1.996239008215845            0.003735272597946  
         63.130462037454002            1.995263455811392            0.004716397199221  
         63.251406253779251            1.995521954867538            0.004463738835000  
         63.372350470104500            1.995785350534705            0.004205196979720  
         63.493294686429749            1.994828824141938            0.005166881149819  
         63.614238902754998            1.995979944225016            0.004018761859806  
         63.735183119080247            1.994496719292309            0.005505486792003  
         63.856127335405496            1.995963205191223            0.004041978786065  
         63.977071551730752            1.994676858214331            0.005331614877586  
         64.098015768056001            1.995747903906090            0.004265860963207  
         64.218959984381243            1.995061355054694            0.004956083122230  
         64.339904200706499            1.995378804556663            0.004645659588643  
         64.460848417031755            1.995300831793314            0.004726337313404  
         64.581792633356997            1.994916754311112            0.005116066405156  
         64.702736849682253            1.995501951153639            0.004531825106822  
         64.823681066007495            1.994500325165528            0.005535450301911  
         64.944625282332751            1.995831247149930            0.004205446579831  
         65.065569498657993            1.994508613541816            0.005527636513921  
         65.186513714983249            1.995984258769726            0.004055294458754  
         65.307457931308505            1.995073704865242            0.004964845999431  
         65.428402147633747            1.995626455113775            0.004416977813271  
         65.549346363959003            1.996020110170210            0.004021773938749  
         65.670290580284245            1.994848780882937            0.005195705378592  
         65.791234796609501            1.997092442979646            0.002949546613805  
         65.912179012934743            1.994324590015165            0.005715398038393  
         66.033123229259999            1.997512616936366            0.002524899705007  
         66.154067445585255            1.994787222131844            0.005246307012641  
         66.275011661910497            1.996642655359456            0.003389613583471  
         66.395955878235753            1.995730816520750            0.004298841739744  
         66.516900094560995            1.995137601480164            0.004890771612273  
         66.637844310886251            1.995929490990032            0.004097284495312  
         66.758788527211493            1.994338850711881            0.005684358552671  
         66.879732743536749            1.994927617753285            0.005092424470927  
         67.000676959862005            1.995188424448457            0.004826078562438  
         67.121621176187247            1.994052803880214            0.005956643812452  
         67.242565392512503            1.996559937452335            0.003445028428183  
         67.363509608837745            1.994772172031844            0.005227936094282  
         67.484453825163001            1.996505669692341            0.003492389281956  
         67.605398041488243            1.996219744084021            0.003773910431472  
         67.726342257813499            1.995195895577536            0.004796015592023  
         67.847286474138755            1.996645854990676            0.003340975988348  
         67.968230690463997            1.994239125331640            0.005743855486373  
         68.089174906789253            1.995558896266456            0.004418844931658  
         68.210119123114495            1.994660405644737            0.005312023182890  
         68.331063339439751            1.994545522003211            0.005423830254628  
         68.452007555764993            1.995474819754960            0.004490279004072  
         68.572951772090249            1.994930159586201            0.005033997901306  
         68.693895988415505            1.995446309690895            0.004515419541675  
         68.814840204740747            1.996177198277783            0.003783034085760  
         68.935784421066003            1.994771460585852            0.005186979687584  
         69.056728637391245            1.997217184079602            0.002738227196972  
         69.177672853716501            1.994386089564860            0.005567474638980  
         69.298617070041743            1.997347927509549            0.002603493971108  
         69.419561286366999            1.994813050469980            0.005137123167448  
         69.540505502692255            1.996692789122446            0.003258592477730  
         69.661449719017497            1.995667099809566            0.004283874371750  
         69.782393935342753            1.995806156350006            0.004148392267911  
         69.903338151667995            1.996401659453551            0.003552775067272  
         70.024282367993251            1.995090221713704            0.004867569378000  
         70.145226584318493            1.996780423478471            0.003177694388239  
         70.266170800643749            1.994855746872983            0.005104617112470  
         70.387115016969005            1.996778996497111            0.003183552691938  
         70.508059233294247            1.995221303007275            0.004743524393732  
         70.629003449619503            1.996451449989206            0.003518259713252  
         70.749947665944745            1.995962594576955            0.004010349925798  
         70.870891882270001            1.995866787830774            0.004112432103185  
         70.991836098595243            1.996695370296439            0.003287596958532  
         71.112780314920499            1.995236766337349            0.004751931895824  
         71.233724531245755            1.997079774530231            0.002912587617908  
         71.354668747570997            1.994911339609765            0.005085511461801  
         71.475612963896253            1.996963454943180            0.003037510212748  
         71.596557180221495            1.995055278223319            0.004949622482050  
         71.717501396546751            1.996430605764409            0.003579727814823  
         71.838445612871993            1.995435114581241            0.004579087423649  
         71.959389829197249            1.995749149062048            0.004271359639934  
         72.080334045522505            1.995700760535757            0.004323028841313  
         72.201278261847747            1.995201181948823            0.004828043572564  
         72.322222478173003            1.995758013958637            0.004273542201324  
         72.443166694498245            1.994924964933740            0.005109748075789  
         72.564110910823501            1.995718181558825            0.004318705245788  
